-6.36316
-6.3584
-6.35032
-6.33861
-6.32178
-6.29926
-6.27035
-6.23474
-6.19326
-6.14491
-6.08851
-6.02384
-5.95457
-5.87895
-5.80075
-5.72311
-5.65173
-5.58913
-5.53817
-5.50086
-5.47654
-5.46616
-5.46643
-5.47311
-5.48784
-5.50501
-5.52289
-5.54083
-5.5565
-5.56993
-5.58051
-5.58867
-5.59499
-5.59911
-5.60171
-5.60304
-5.60323
-5.60216
-5.60056
-5.59854
-5.59304
-5.58644
-5.5758
-5.56345
-5.54968
-5.53459
-5.5204
-5.50596
-5.49395
-5.48506
-5.48004
-5.47761
-5.47865
-5.48287
-5.49005
-5.49877
-5.50838
-5.51818
-5.52752
-5.53504
-5.53962
-5.54309
-5.54486
-5.54479
-5.54258
-5.53992
-5.53633
-5.5334
-5.53142
-5.53048
-5.53135
-5.53347
-5.53866
-5.54465
-5.55153
-5.55896
-5.56585
-5.57116
-5.57679
-5.58019
-5.58294
-5.58536
-5.58779
-5.58944
-5.59243
-5.59422
-5.59741
-5.60027
-5.60298
-5.60494
-5.60573
-5.60573
-5.60437
-5.60168
-5.59922
-5.5975
-5.59367
-5.59015
-5.58719
-5.58529
-5.58431
-5.58429
-5.58454
-5.58459
-5.58341
-5.58195
-5.58031
-5.57573
-5.57141
-5.56573
-5.55962
-5.55367
-5.54496
-5.53498
-5.52305
-5.51134
-5.49809
-5.48562
-5.47391
-5.46539
-5.45946
-5.45566
-5.45558
-5.45761
-5.46122
-5.46548
-5.4699
-5.47421
-5.47781
-5.4823
-5.48745
-5.49205
-5.49753
-5.50344
-5.51022
-5.51781
-5.5254
-5.53276
-5.53891
-5.54338
-5.54853
-5.55289
-5.55652
-5.56112
-5.56453
-5.5673
-5.56833
-5.56904
-5.56822
-5.56598
-5.56413
-5.55922
-5.55564
-5.55371
-5.55202
-5.55411
-5.55808
-5.56636
-5.57768
-5.59079
-5.60492
-5.62055
-5.63431
-5.64491
-5.65275
-5.6567
-5.65784
-5.65582
-5.65137
-5.64475
-5.63607
-5.62753
-5.61933
-5.61213
-5.60651
-5.60235
-5.60091
-5.60013
-5.5991
-5.59985
-5.60101
-5.60124
-5.60174
-5.60094
-5.60081
-5.59886
-5.59727
-5.59509
-5.59254
-5.59109
-5.59043
-5.59213
-5.59504
-5.59878
-5.6043
-5.61004
-5.61635
-5.62183
-5.62591
-5.62889
-5.62842
-5.61978
-5.60512
-5.58322
-5.55839
-5.53222
-5.50399
-5.47632
-5.45214
-5.42982
-5.41025
-5.39384
-5.38117
-5.36965
-5.35995
-5.35218
-5.34554
-5.33991
-5.33676
-5.33249
-5.32953
-5.32473
-5.31903
-5.30992
-5.29711
-5.28187
-5.26714
-5.25416
-5.24543
-5.24076
-5.23969
-5.23946
-5.239
-5.23972
-5.24063
-5.24367
-5.24939
-5.26092
-5.27719
-5.29761
-5.32189
-5.346
-5.36948
-5.3888
-5.4032
-5.41213
-5.41629
-5.41446
-5.41035
-5.40387
-5.39522
-5.38612
-5.37559
-5.36395
-5.34926
-5.33366
-5.31649
-5.29988
-5.28458
-5.27392
-5.26545
-5.26133
-5.26004
-5.26215
-5.26665
-5.27335
-5.2839
-5.29623
-5.30979
-5.32438
-5.3401
-5.35637
-5.37373
-5.38861
-5.40395
-5.41519
-5.42293
-5.42568
-5.42112
-5.41351
-5.40101
-5.38709
-5.37504
-5.36404
-5.35384
-5.34411
-5.33602
-5.32765
-5.32091
-5.31397
-5.30636
-5.29736
-5.28574
-5.27222
-5.25708
-5.24289
-5.23093
-5.22514
-5.22554
-5.23446
-5.25055
-5.27095
-5.29497
-5.31899
-5.33988
-5.35523
-5.36158
-5.36075
-5.35335
-5.33999
-5.32262
-5.30399
-5.28501
-5.26685
-5.2524
-5.2407
-5.2331
-5.22986
-5.23109
-5.23621
-5.24673
-5.26112
-5.27927
-5.29857
-5.31839
-5.33743
-5.35568
-5.37022
-5.3837
-5.3932
-5.39786
-5.39632
-5.38765
-5.37328
-5.35199
-5.32761
-5.30155
-5.27454
-5.24961
-5.22864
-5.21034
-5.197
-5.1884
-5.1852
-5.18906
-5.19743
-5.21031
-5.22352
-5.236
-5.24365
-5.24644
-5.24319
-5.23304
-5.21944
-5.20494
-5.19435
-5.1875
-5.18664
-5.18666
-5.18728
-5.1872
-5.18833
-5.1897
-5.19464
-5.20536
-5.22176
-5.24261
-5.26273
-5.27925
-5.29326
-5.30564
-5.31612
-5.32429
-5.32942
-5.33329
-5.33622
-5.33921
-5.34433
-5.35399
-5.36784
-5.38495
-5.40409
-5.42078
-5.4317
-5.43643
-5.43301
-5.42387
-5.4132
-5.39926
-5.38562
-5.37129
-5.35588
-5.34089
-5.3232
-5.30333
-5.28238
-5.26029
-5.24012
-5.22253
-5.20864
-5.19197
-5.17268
-5.1501
-5.12417
-5.09508
-5.06627
-5.03844
-5.01577
-5.0001
-4.99388
-4.99614
-5.00288
-5.01108
-5.01824
-5.0243
-5.03135
-5.03974
-5.04754
-5.05406
-5.05782
-5.05839
-5.05468
-5.04526
-5.03315
-5.01895
-5.00527
-4.99139
-4.97964
-4.97035
-4.96252
-4.95628
-4.95342
-4.95379
-4.95696
-4.96564
-4.98038
-4.99789
-5.01852
-5.03952
-5.05676
-5.06915
-5.07458
-5.07443
-5.07287
-5.07176
-5.07145
-5.07359
-5.07087
-5.06187
-5.04686
-5.02782
-5.0115
-5.00095
-5.00025
-5.01143
-5.03202
-5.06297
-5.09606
-5.12452
-5.14386
-5.15098
-5.14458
-5.12711
-5.10151
-5.06869
-5.03394
-5.00258
-4.97766
-4.96423
-4.96202
-4.97298
-4.99383
-5.01945
-5.04477
-5.06525
-5.07669
-5.07992
-5.07667
-5.06799
-5.05725
-5.04747
-5.04071
-5.03824
-5.04069
-5.04565
-5.05289
-5.06058
-5.06537
-5.0687
-5.07148
-5.07455
-5.07933
-5.08764
-5.09788
-5.1068
-5.11465
-5.11762
-5.11661
-5.11056
-5.10131
-5.08863
-5.07608
-5.0639
-5.05273
-5.04172
-5.03381
-5.02711
-5.02266
-5.02242
-5.02481
-5.02984
-5.0345
-5.03949
-5.04488
-5.04933
-5.05406
-5.05745
-5.06318
-5.06758
-5.07128
-5.07489
-5.07646
-5.07473
-5.07057
-5.0646
-5.05838
-5.05149
-5.04573
-5.03971
-5.03513
-5.03042
-5.02763
-5.02884
-5.03319
-5.04287
-5.05288
-5.06162
-5.06833
-5.06894
-5.06421
-5.05529
-5.04449
-5.03412
-5.02603
-5.02149
-5.02033
-5.02123
-5.0221
-5.02245
-5.02135
-5.02049
-5.01748
-5.0154
-5.01472
-5.01335
-5.01281
-5.01128
-5.00618
-4.99852
-4.98713
-4.97513
-4.96398
-4.9548
-4.95031
-4.94984
-4.95254
-4.9575
-4.96408
-4.97197
-4.97981
-4.9883
-4.99824
-5.00756
-5.01694
-5.02665
-5.0418
-5.06207
-5.08539
-5.10704
-5.12322
-5.1346
-5.14127
-5.14193
-5.13827
-5.12945
-5.11538
-5.09825
-5.0784
-5.05792
-5.03993
-5.02248
-5.00628
-4.98841
-4.96963
-4.94815
-4.93074
-4.92056
-4.91863
-4.92695
-4.94218
-4.96484
-4.98695
-5.00919
-5.03061
-5.0503
-5.06614
-5.07879
-5.0844
-5.08506
-5.08053
-5.0719
-5.06064
-5.04534
-5.02598
-5.00457
-4.98384
-4.96806
-4.96081
-4.96091
-4.96647
-4.97221
-4.97402
-4.97251
-4.96802
-4.96253
-4.95965
-4.96042
-4.96384
-4.96485
-4.96372
-4.96238
-4.96106
-4.96164
-4.9676
-4.97531
-4.98662
-4.99733
-5.00387
-5.00647
-5.00626
-5.0038
-5.00293
-5.0038
-5.0056
-5.00743
-5.00823
-5.00544
-4.99809
-4.98224
-4.96007
-4.93138
-4.90017
-4.87156
-4.85071
-4.83828
-4.83528
-4.84074
-4.85501
-4.8773
-4.90685
-4.93799
-4.96791
-4.99684
-5.02144
-5.04202
-5.05614
-5.06263
-5.06335
-5.05344
-5.03896
-5.01935
-4.99642
-4.97214
-4.95044
-4.93609
-4.92987
-4.93633
-4.94979
-4.96727
-4.98742
-5.00487
-5.02236
-5.03655
-5.04824
-5.05895
-5.06798
-5.07389
-5.07841
-5.07963
-5.07256
-5.05667
-5.02981
-4.99098
-4.94759
-4.90666
-4.87555
-4.85927
-4.8589
-4.87283
-4.89725
-4.92866
-4.9585
-4.98192
-4.99507
-4.99611
-4.98529
-4.9661
-4.94279
-4.91899
-4.89825
-4.88088
-4.86765
-4.85721
-4.84897
-4.84301
-4.83904
-4.84056
-4.84866
-4.86233
-4.88112
-4.90336
-4.92651
-4.94787
-4.96537
-4.97733
-4.98094
-4.97664
-4.96417
-4.94466
-4.92366
-4.90516
-4.89107
-4.88499
-4.88746
-4.89708
-4.91149
-4.92927
-4.94685
-4.96506
-4.97949
-4.98778
-4.98743
-4.97847
-4.96126
-4.93768
-4.91263
-4.88829
-4.87037
-4.86299
-4.87002
-4.89112
-4.92006
-4.95088
-4.9795
-5.00211
-5.01777
-5.02598
-5.026
-5.01871
-5.00378
-4.98532
-4.96374
-4.94082
-4.9208
-4.90244
-4.88932
-4.88415
-4.88636
-4.89541
-4.90549
-4.91353
-4.91544
-4.91314
-4.90593
-4.8975
-4.8911
-4.8893
-4.89449
-4.90672
-4.92614
-4.9504
-4.97544
-4.99868
-5.01434
-5.02331
-5.02354
-5.01915
-5.0135
-5.01597
-5.02703
-5.04683
-5.07164
-5.09644
-5.11711
-5.13117
-5.13562
-5.13272
-5.12404
-5.11168
-5.09381
-5.07603
-5.05798
-5.03994
-5.02584
-5.01727
-5.01649
-5.02429
-5.03824
-5.05792
-5.07981
-5.09998
-5.11874
-5.13233
-5.13947
-5.13731
-5.12767
-5.11109
-5.09062
-5.06825
-5.04758
-5.03049
-5.0192
-5.0134
-5.01358
-5.01957
-5.03173
-5.05073
-5.07489
-5.10434
-5.13363
-5.16066
-5.18126
-5.19347
-5.19513
-5.18695
-5.16935
-5.14505
-5.11795
-5.09014
-5.06634
-5.04831
-5.03691
-5.0343
-5.03736
-5.04406
-5.05126
-5.05755
-5.06026
-5.05945
-5.05639
-5.04939
-5.04184
-5.03419
-5.02818
-5.02315
-5.01931
-5.01322
-5.00704
-5.00025
-4.99537
-4.99673
-5.00639
-5.02422
-5.04667
-5.06811
-5.08569
-5.09819
-5.1042
-5.10424
-5.10034
-5.0926
-5.08055
-5.0658
-5.0478
-5.02925
-5.01121
-4.99771
-4.99198
-4.9917
-4.99368
-4.99589
-4.99744
-4.99999
-5.00384
-5.01457
-5.02868
-5.04657
-5.06328
-5.07542
-5.08279
-5.08251
-5.07537
-5.06276
-5.04789
-5.03089
-5.01514
-5.00192
-4.98908
-4.97909
-4.97258
-4.97079
-4.97654
-4.98934
-5.00655
-5.02654
-5.0481
-5.07199
-5.09678
-5.11888
-5.13763
-5.15322
-5.16404
-5.17091
-5.17604
-5.18141
-5.18558
-5.19128
-5.19897
-5.20688
-5.21484
-5.21982
-5.21953
-5.21456
-5.20455
-5.19205
-5.17534
-5.1579
-5.13834
-5.11701
-5.0961
-5.07586
-5.06015
-5.05049
-5.05065
-5.06175
-5.0794
-5.09802
-5.11252
-5.11891
-5.11233
-5.09702
-5.07365
-5.0462
-5.02233
-5.00779
-5.00446
-5.01127
-5.02431
-5.03883
-5.05333
-5.06458
-5.07091
-5.07284
-5.06965
-5.05724
-5.03764
-5.01394
-4.9911
-4.97537
-4.96879
-4.96761
-4.96858
-4.96698
-4.96295
-4.95479
-4.94932
-4.94676
-4.95038
-4.95876
-4.97176
-4.98294
-4.98952
-4.98852
-4.97752
-4.95887
-4.93844
-4.92749
-4.93315
-4.95645
-4.98823
-5.02108
-5.04974
-5.06939
-5.0803
-5.0828
-5.07673
-5.06296
-5.04239
-5.01644
-4.98885
-4.96107
-4.9352
-4.91501
-4.9041
-4.90332
-4.91253
-4.92911
-4.95343
-4.98133
-5.00836
