1.09914
1.09618
1.09103
1.08348
1.07324
1.05997
1.04319
1.0224
0.997043
0.966642
0.930892
0.889808
0.843864
0.794144
0.742394
0.690966
0.64253
0.599708
0.56458
0.538377
0.521366
0.512941
0.511868
0.516545
0.52525
0.536335
0.548338
0.560072
0.570672
0.579604
0.586644
0.591858
0.595501
0.597944
0.599546
0.600582
0.601153
0.601209
0.600533
0.598805
0.595698
0.590965
0.584536
0.576543
0.567354
0.557528
0.547725
0.538599
0.530745
0.524621
0.520552
0.51871
0.519085
0.521506
0.525646
0.531057
0.537216
0.543561
0.549545
0.554674
0.558569
0.561025
0.562043
0.561801
0.560607
0.558863
0.556967
0.555281
0.554101
0.553686
0.554257
0.555957
0.558802
0.562618
0.567063
0.571718
0.57615
0.580055
0.583276
0.585809
0.587787
0.589422
0.590938
0.592527
0.594299
0.59628
0.598399
0.600516
0.602455
0.604011
0.605004
0.605281
0.604758
0.603444
0.601457
0.599031
0.596471
0.594092
0.59216
0.590831
0.590123
0.589876
0.589837
0.589696
0.58916
0.588049
0.586307
0.584012
0.58127
0.578132
0.574517
0.570226
0.565029
0.558781
0.551524
0.543475
0.535053
0.526796
0.519285
0.513051
0.50851
0.505879
0.505144
0.506053
0.508164
0.510965
0.514004
0.516992
0.519814
0.522508
0.525228
0.528159
0.531468
0.535258
0.539531
0.544161
0.548921
0.553553
0.557801
0.561541
0.564811
0.567741
0.570478
0.573062
0.575376
0.577187
0.578255
0.578425
0.577661
0.576048
0.57376
0.571107
0.568489
0.566413
0.565444
0.566139
0.568961
0.574145
0.581582
0.590793
0.600973
0.611146
0.620357
0.627831
0.633091
0.635962
0.636538
0.635074
0.631948
0.627629
0.622592
0.617302
0.612198
0.607634
0.603892
0.601118
0.599357
0.598545
0.598503
0.598967
0.599636
0.600216
0.600484
0.600305
0.599656
0.598596
0.597252
0.595797
0.59447
0.593552
0.593328
0.594055
0.595883
0.59878
0.602497
0.606614
0.610651
0.614177
0.616889
0.618664
1.09959
1.09421
1.08434
1.07077
1.05443
1.03639
1.01777
0.99963
0.982836
0.967948
0.955193
0.944549
0.935825
0.928709
0.922842
0.917891
0.913605
0.909893
0.906735
0.904055
0.901577
0.898757
0.894812
0.888958
0.880838
0.870897
0.860519
0.851539
0.84531
0.842034
0.840957
0.840956
0.841071
0.840962
0.841088
0.842515
0.846425
0.853658
0.864379
0.878052
0.893616
0.909712
0.924921
0.937976
0.947923
0.95425
0.956964
0.956526
0.953679
0.949269
0.943971
0.93807
0.931438
0.923708
0.914567
0.904077
0.892771
0.881533
0.871374
0.863136
0.857334
0.854128
0.853344
0.854661
0.857794
0.862596
0.869063
0.877131
0.886563
0.896922
0.907778
0.918817
0.929809
0.9404
0.94997
0.957693
0.96267
0.964172
0.961904
0.956219
0.948153
0.9391
0.930288
0.922356
0.915368
0.909119
0.903467
0.898342
0.893623
0.889008
0.884002
0.878028
0.870636
0.861755
0.851911
0.842246
0.83431
0.829734
0.829793
0.835115
0.845483
0.859784
0.876206
0.892551
0.906697
0.916978
0.922422
0.922774
0.918379
0.910019
0.89876
0.885914
0.872902
0.861026
0.851166
0.843724
0.838717
0.83611
0.836057
0.838865
0.844758
0.853674
0.865065
0.87803
0.891546
0.904718
0.916903
0.927671
0.936572
0.942991
0.946164
0.945364
0.940136
0.930478
0.916923
0.900487
0.882489
0.864326
0.847242
0.832126
0.819548
0.809932
0.803727
0.801392
0.803156
0.808702
0.816998
0.826401
0.835005
0.841041
0.843232
0.841001
0.834686
0.825679
0.816218
0.808753
0.804734
0.803908
0.804759
0.805718
0.806036
0.806056
0.806993
0.810458
0.817619
0.82836
0.841162
0.853962
0.865353
0.874965
0.883051
0.88986
0.895346
0.899325
0.901829
0.903424
0.905221
0.908605
0.914732
0.923979
0.935624
0.948019
0.959085
0.966965
0.970485
0.969353
0.964203
0.956281
0.947048
0.937635
0.928461
0.919239
0.909262
0.897836
0.884745
0.870447
0.855973
0.842478
0.83075
0.820999
1.09016
1.07754
1.06252
1.04532
1.02655
1.00722
0.988871
0.973451
0.962847
0.958033
0.958402
0.962079
0.967006
0.971914
0.976481
0.980965
0.98572
0.990715
0.995352
0.99865
0.999614
0.997558
0.992374
0.984614
0.97533
0.965773
0.956922
0.94926
0.942848
0.937611
0.933615
0.931214
0.931002
0.933618
0.939471
0.948586
0.960439
0.973912
0.987403
0.999078
1.00734
1.01137
1.01167
1.01
1.00862
1.00878
1.00956
1.00848
1.00334
0.993892
0.981995
0.970679
0.963115
0.961901
0.968632
0.983264
1.00362
1.02575
1.04529
1.05882
1.06441
1.06156
1.05093
1.03398
1.01289
0.990228
0.968838
0.951567
0.941014
0.938955
0.945558
0.959034
0.976066
0.992942
1.00663
1.01531
1.01842
1.01649
1.01088
1.00348
0.996328
0.99115
0.988979
0.989929
0.993263
0.997738
1.00212
1.00563
1.00813
1.0101
1.01237
1.01572
1.02051
1.02646
1.03265
1.03776
1.04045
1.03982
1.0358
1.02913
1.02105
1.01267
1.00461
0.997017
0.98992
0.98363
0.978775
0.975983
0.975498
0.977026
0.979889
0.983366
0.986907
0.990231
0.993229
0.995989
0.998742
1.00173
1.00495
1.00806
1.01039
1.01122
1.01015
1.00733
1.00332
0.998879
0.994561
0.990584
0.986856
0.983279
0.98016
0.978314
0.978828
0.982428
0.98877
0.996343
1.00307
1.00716
1.00773
1.0048
0.999158
0.992116
0.985211
0.97981
0.976655
0.97569
0.976197
0.977182
0.977793
0.977553
0.976447
0.97486
0.973342
0.972322
0.971867
0.971537
0.97053
0.967939
0.963159
0.956248
0.948094
0.940236
0.934262
0.931162
0.930992
0.933029
0.936346
0.940373
0.94505
0.950504
0.956537
0.962592
0.968236
0.97383
0.980691
0.990361
1.00329
1.01816
1.03257
1.04439
1.05257
1.05697
1.05786
1.05536
1.04941
1.04014
1.02822
1.01494
1.0018
0.989783
0.978798
0.96786
0.955883
0.94256
0.928878
0.916956
0.909318
0.907784
0.912634
0.922839
1.11422
1.12918
1.14384
1.158
1.17108
1.1821
1.19008
1.19439
1.19507
1.19263
1.18763
1.18017
1.17005
1.15727
1.14278
1.12866
1.1177
1.11198
1.11177
1.11518
1.1192
1.12129
1.12046
1.11748
1.11424
1.11252
1.11286
1.1143
1.11538
1.11525
1.1142
1.11333
1.11392
1.11692
1.12253
1.1298
1.13678
1.14153
1.14325
1.14266
1.14139
1.14089
1.14158
1.14295
1.1443
1.14496
1.14386
1.13939
1.12998
1.1151
1.09597
1.07533
1.05651
1.04218
1.03351
1.03055
1.0332
1.04181
1.05625
1.07504
1.09574
1.11619
1.13508
1.15165
1.1652
1.17495
1.18007
1.18006
1.17504
1.16567
1.15289
1.13759
1.12111
1.10585
1.09498
1.0909
1.09395
1.10259
1.11454
1.12774
1.14066
1.15238
1.16242
1.17077
1.17773
1.18363
1.18859
1.19211
1.19289
1.18905
1.1786
1.16045
1.13542
1.10671
1.07921
1.05785
1.04595
1.04466
1.05326
1.06945
1.08971
1.10985
1.12593
1.13518
1.13638
1.12995
1.1177
1.10232
1.08656
1.07249
1.06105
1.05211
1.04501
1.03919
1.03466
1.03207
1.03243
1.0367
1.04529
1.0577
1.07258
1.08814
1.10267
1.11466
1.12279
1.12594
1.12353
1.1158
1.104
1.09026
1.0772
1.06737
1.06256
1.06336
1.06914
1.07857
1.09017
1.10268
1.11483
1.12496
1.13109
1.13158
1.12581
1.1145
1.09944
1.08287
1.06713
1.05504
1.04987
1.05391
1.06673
1.08527
1.10562
1.12457
1.14006
1.15099
1.1568
1.15725
1.15248
1.14313
1.13038
1.1157
1.10051
1.08602
1.0735
1.06451
1.06052
1.06199
1.06763
1.07468
1.08022
1.08238
1.08078
1.07638
1.07086
1.06629
1.0646
1.06736
1.0753
1.08812
1.10437
1.1217
1.13741
1.14905
1.1552
1.15593
1.15309
1.14996
1.15019
1.15632
1.16858
1.18481
1.20149
1.21538
1.22448
1.22826
1.22726
1.22234
1.2141
1.20279
1.08831
1.07538
1.0631
1.05317
1.04728
1.04652
1.05111
1.06032
1.07271
1.08655
1.10019
1.11223
1.12134
1.12628
1.12609
1.12049
1.11014
1.0966
1.0819
1.06803
1.05663
1.04872
1.04475
1.04478
1.04878
1.05687
1.06921
1.08556
1.1048
1.12489
1.14323
1.1573
1.1653
1.1664
1.16077
1.14934
1.13358
1.11535
1.09681
1.08023
1.06754
1.05992
1.05749
1.05938
1.06398
1.0694
1.07395
1.07641
1.07624
1.07361
1.06926
1.06424
1.05948
1.05549
1.05219
1.04905
1.04538
1.04083
1.03596
1.03244
1.03274
1.03877
1.05039
1.06522
1.07999
1.09215
1.10057
1.10515
1.10621
1.10412
1.09913
1.09154
1.0817
1.07014
1.05769
1.04589
1.03689
1.0324
1.0321
1.03385
1.03558
1.03674
1.03823
1.04154
1.04786
1.05739
1.06901
1.08067
1.09011
1.0955
1.09591
1.09149
1.08328
1.07289
1.06194
1.05156
1.04214
1.03368
1.02645
1.02141
1.01999
1.02324
1.03106
1.04228
1.05547
1.06984
1.08517
1.10109
1.11646
1.12983
1.14024
1.14754
1.15232
1.15554
1.15822
1.16123
1.16513
1.16998
1.17526
1.17998
1.18294
1.18306
1.17979
1.17322
1.164
1.15299
1.14094
1.12817
1.11472
1.10079
1.08736
1.07632
1.07
1.07013
1.07683
1.08829
1.10117
1.11168
1.11653
1.11384
1.10352
1.08744
1.06913
1.05289
1.04239
1.03941
1.04336
1.05186
1.06202
1.07154
1.07908
1.08391
1.08537
1.08261
1.07485
1.06221
1.04653
1.03143
1.02059
1.01547
1.01461
1.01508
1.01432
1.01126
1.0065
1.00191
0.999665
1.00126
1.00681
1.01493
1.02315
1.02848
1.02835
1.02157
1.00939
0.99614
0.988261
0.990961
1.00475
1.02546
1.04749
1.06663
1.0807
1.08896
1.0914
1.08829
1.08001
1.06712
1.05052
1.03165
1.01244
0.995096
0.981649
0.973673
0.972086
0.977082
0.988097
1.00375
1.02193
1.04017
