-4.71445
-4.71412
-4.71378
-4.7134
-4.71192
-4.70931
-4.70557
-4.70115
-4.6977
-4.69495
-4.69217
-4.68913
-4.68878
-4.68773
-4.68716
-4.68666
-4.68794
-4.68957
-4.6913
-4.69329
-4.69449
-4.69675
-4.69863
-4.69829
-4.69997
-4.7005
-4.70038
-4.70072
-4.7005
-4.70052
-4.70054
-4.70089
-4.70174
-4.70219
-4.7024
-4.70217
-4.7015
-4.70035
-4.69976
-4.70033
-4.6995
-4.7
-4.69899
-4.69863
-4.69865
-4.6983
-4.69881
-4.69806
-4.69784
-4.69813
-4.69921
-4.69955
-4.70002
-4.70061
-4.70159
-4.70219
-4.70256
-4.70284
-4.7032
-4.70303
-4.70177
-4.70155
-4.7018
-4.70208
-4.70167
-4.70162
-4.70087
-4.70048
-4.70027
-4.69996
-4.69997
-4.69954
-4.70045
-4.70073
-4.70094
-4.70139
-4.70163
-4.70108
-4.70188
-4.70148
-4.70126
-4.70123
-4.70138
-4.70065
-4.70098
-4.6998
-4.69981
-4.69949
-4.6993
-4.69893
-4.69822
-4.69781
-4.69723
-4.69651
-4.69703
-4.69896
-4.69896
-4.69901
-4.69895
-4.69904
-4.69913
-4.69948
-4.69979
-4.70005
-4.69967
-4.69988
-4.70085
-4.69971
-4.6995
-4.69853
-4.69784
-4.69833
-4.69742
-4.69681
-4.69576
-4.69613
-4.69551
-4.69543
-4.69498
-4.69582
-4.6967
-4.69684
-4.69786
-4.69853
-4.69897
-4.69904
-4.69889
-4.69872
-4.69809
-4.69854
-4.69961
-4.69981
-4.70033
-4.70056
-4.70092
-4.70156
-4.70202
-4.70243
-4.70221
-4.70107
-4.70131
-4.70127
-4.7008
-4.70153
-4.70147
-4.70152
-4.70094
-4.70141
-4.70172
-4.70191
-4.70349
-4.70256
-4.70291
-4.70409
-4.70385
-4.7049
-4.70464
-4.70515
-4.7053
-4.7046
-4.70346
-4.70383
-4.70377
-4.70316
-4.70311
-4.70275
-4.70303
-4.70321
-4.70345
-4.70331
-4.70218
-4.70157
-4.70103
-4.70068
-4.70067
-4.70067
-4.70188
-4.70231
-4.70135
-4.7014
-4.70156
-4.70092
-4.70101
-4.70049
-4.70132
-4.70097
-4.70139
-4.70139
-4.70083
-4.70077
-4.70044
-4.70105
-4.70122
-4.70061
-4.70055
-4.70012
-4.70037
-4.70057
-4.70058
-4.70089
-3.97903
-3.97846
-3.97861
-3.97707
-3.97673
-3.97763
-3.97733
-3.97687
-3.97789
-3.9779
-3.97746
-3.97701
-3.97743
-3.97658
-3.97569
-3.97535
-3.97513
-3.97507
-3.97666
-3.97641
-3.97716
-3.9766
-3.97681
-3.97648
-3.97585
-3.97552
-3.97636
-3.97685
-3.97747
-3.97771
-3.97825
-3.97802
-3.97739
-3.97828
-3.979
-3.9799
-3.97975
-3.98043
-3.98062
-3.98054
-3.98147
-3.98143
-3.98209
-3.98183
-3.98131
-3.98076
-3.98085
-3.97968
-3.97984
-3.97997
-3.97926
-3.97902
-3.97843
-3.97839
-3.97741
-3.97754
-3.97734
-3.97758
-3.97752
-3.97922
-3.97945
-3.98014
-3.98002
-3.98016
-3.97996
-3.97945
-3.98031
-3.98053
-3.97995
-3.97899
-3.97844
-3.97814
-3.97902
-3.97801
-3.979
-3.97865
-3.97892
-3.97942
-3.97826
-3.97918
-3.97878
-3.97844
-3.97961
-3.98051
-3.98079
-3.98043
-3.98082
-3.98013
-3.98048
-3.98046
-3.98035
-3.98031
-3.97978
-3.97959
-3.97922
-3.97952
-3.97946
-3.98054
-3.98085
-3.98179
-3.98233
-3.98127
-3.98066
-3.98017
-3.97984
-3.97976
-3.97794
-3.97659
-3.97578
-3.97497
-3.97448
-3.97512
-3.97566
-3.97531
-3.97565
-3.97512
-3.97502
-3.97569
-3.97701
-3.97791
-3.97959
-3.98061
-3.98167
-3.98152
-3.98107
-3.98036
-3.98032
-3.97872
-3.97884
-3.97871
-3.97861
-3.97827
-3.97745
-3.97757
-3.9766
-3.97688
-3.97782
-3.97805
-3.97875
-3.98046
-3.98102
-3.98211
-3.98281
-3.98312
-3.98432
-3.98437
-3.98481
-3.98392
-3.9835
-3.98209
-3.98159
-3.98169
-3.98101
-3.98092
-3.98061
-3.98122
-3.9804
-3.98077
-3.97952
-3.9787
-3.97815
-3.97924
-3.97921
-3.97895
-3.97893
-3.97922
-3.98087
-3.98179
-3.98122
-3.98081
-3.98107
-3.98133
-3.98127
-3.98043
-3.98054
-3.98109
-3.98138
-3.98142
-3.98189
-3.98188
-3.98152
-3.98206
-3.98215
-3.98126
-3.98071
-3.97898
-3.97757
-3.97878
-3.97869
-3.97917
-3.97859
-3.97702
-3.977
-3.97645
-3.97622
-3.97671
-3.97633
-3.97641
-3.9764
-3.97714
-3.55673
-3.55637
-3.55632
-3.55618
-3.55526
-3.55544
-3.55514
-3.55559
-3.55583
-3.55684
-3.55854
-3.55976
-3.56057
-3.56037
-3.55958
-3.5599
-3.56116
-3.56147
-3.56104
-3.55984
-3.55897
-3.55834
-3.55669
-3.55623
-3.55596
-3.55661
-3.55601
-3.55575
-3.55608
-3.5561
-3.55586
-3.5566
-3.55728
-3.55654
-3.55643
-3.5575
-3.55723
-3.55765
-3.55841
-3.55815
-3.55815
-3.55752
-3.55693
-3.55788
-3.55883
-3.55828
-3.55925
-3.55815
-3.55686
-3.55602
-3.55483
-3.55548
-3.55628
-3.55739
-3.55848
-3.55713
-3.55754
-3.55744
-3.55658
-3.55564
-3.55438
-3.55223
-3.55071
-3.55053
-3.54936
-3.5486
-3.54932
-3.55031
-3.55271
-3.55359
-3.55464
-3.55527
-3.55535
-3.55535
-3.5553
-3.55372
-3.55229
-3.55193
-3.55168
-3.55203
-3.55298
-3.55398
-3.55477
-3.5558
-3.55576
-3.55628
-3.55739
-3.55693
-3.55651
-3.55634
-3.556
-3.55575
-3.55687
-3.55819
-3.55782
-3.558
-3.55694
-3.55687
-3.55686
-3.55762
-3.55705
-3.55707
-3.55699
-3.55721
-3.55684
-3.55837
-3.55894
-3.55868
-3.55917
-3.55927
-3.56001
-3.55945
-3.55913
-3.55953
-3.55949
-3.56007
-3.55934
-3.56059
-3.56015
-3.55918
-3.5593
-3.55964
-3.5595
-3.55958
-3.55962
-3.56006
-3.55965
-3.55985
-3.55942
-3.56021
-3.56018
-3.56016
-3.5606
-3.55955
-3.55971
-3.55837
-3.55702
-3.55759
-3.55734
-3.55701
-3.55655
-3.55632
-3.55631
-3.55631
-3.55651
-3.55679
-3.55693
-3.55633
-3.55577
-3.55502
-3.55582
-3.55519
-3.55539
-3.55624
-3.55554
-3.55551
-3.55548
-3.55427
-3.55378
-3.55276
-3.55299
-3.55362
-3.55341
-3.55356
-3.55335
-3.553
-3.55298
-3.55353
-3.55439
-3.55405
-3.55349
-3.55435
-3.5552
-3.55619
-3.55561
-3.55626
-3.55714
-3.55815
-3.55819
-3.55663
-3.55575
-3.55581
-3.55515
-3.55524
-3.55533
-3.55517
-3.55592
-3.55599
-3.55521
-3.55525
-3.55428
-3.55449
-3.55458
-3.55579
-3.55483
-3.5553
-3.55658
-3.55695
-3.558
-3.55793
-3.29351
-3.29318
-3.29342
-3.29361
-3.29368
-3.29298
-3.29367
-3.29281
-3.29245
-3.29158
-3.29046
-3.29038
-3.29027
-3.29007
-3.29041
-3.29084
-3.29152
-3.29284
-3.29325
-3.29371
-3.29341
-3.29209
-3.29182
-3.29179
-3.29116
-3.29087
-3.29113
-3.29238
-3.29178
-3.29084
-3.29108
-3.29106
-3.29077
-3.29223
-3.29152
-3.29192
-3.29216
-3.29157
-3.29159
-3.29228
-3.29171
-3.29159
-3.29143
-3.29118
-3.29097
-3.2908
-3.28966
-3.28901
-3.28728
-3.28742
-3.28743
-3.28717
-3.28679
-3.28745
-3.28801
-3.28946
-3.29093
-3.29229
-3.29293
-3.2943
-3.29439
-3.29362
-3.29422
-3.29397
-3.29421
-3.29372
-3.29252
-3.29326
-3.29089
-3.29046
-3.29002
-3.29003
-3.29047
-3.29167
-3.29362
-3.29352
-3.2954
-3.2959
-3.29547
-3.29582
-3.29387
-3.29379
-3.29293
-3.29209
-3.29236
-3.29253
-3.291
-3.29025
-3.2903
-3.28898
-3.28877
-3.28914
-3.28785
-3.28753
-3.28783
-3.28878
-3.29034
-3.29191
-3.29294
-3.29307
-3.29409
-3.29373
-3.29301
-3.2923
-3.29154
-3.29036
-3.28955
-3.28931
-3.28915
-3.28951
-3.2893
-3.28948
-3.2897
-3.29018
-3.29102
-3.29093
-3.29191
-3.29361
-3.29439
-3.29457
-3.2945
-3.2943
-3.29387
-3.29338
-3.29315
-3.29204
-3.29135
-3.29048
-3.28866
-3.28828
-3.28935
-3.29001
-3.29115
-3.29242
-3.29337
-3.29364
-3.29401
-3.29284
-3.29281
-3.29205
-3.29114
-3.29006
-3.28976
-3.2895
-3.28852
-3.28833
-3.2876
-3.28782
-3.28818
-3.28916
-3.29102
-3.29216
-3.29245
-3.29264
-3.29202
-3.29128
-3.29078
-3.29013
-3.28999
-3.28908
-3.28975
-3.29018
-3.29006
-3.29177
-3.29219
-3.29255
-3.29338
-3.29338
-3.29396
-3.29346
-3.2932
-3.29187
-3.29196
-3.29136
-3.29121
-3.29167
-3.29239
-3.29345
-3.29378
-3.29396
-3.29385
-3.29288
-3.29258
-3.29076
-3.2905
-3.28965
-3.28951
-3.28856
-3.29068
-3.29255
-3.29395
-3.29442
-3.2942
-3.29404
-3.29445
-3.29323
-3.29182
-3.29054
-3.29052
-3.28962
-3.44356
-3.44491
-3.44529
-3.44609
-3.44635
-3.44671
-3.44763
-3.44776
-3.44886
-3.44999
-3.44969
-3.4504
-3.45031
-3.45005
-3.44817
-3.44694
-3.44588
-3.44572
-3.44541
-3.44553
-3.44555
-3.44612
-3.44627
-3.44641
-3.44641
-3.44643
-3.44691
-3.44654
-3.44713
-3.4463
-3.44582
-3.44531
-3.44552
-3.44553
-3.44579
-3.44533
-3.44468
-3.44493
-3.44492
-3.44599
-3.44699
-3.44704
-3.44807
-3.4483
-3.4481
-3.44717
-3.44662
-3.44564
-3.44509
-3.44598
-3.4455
-3.44548
-3.44497
-3.44494
-3.44486
-3.44573
-3.44516
-3.4458
-3.44631
-3.44671
-3.44763
-3.44824
-3.44862
-3.44884
-3.44813
-3.44747
-3.44733
-3.44648
-3.44492
-3.44417
-3.44391
-3.44324
-3.44325
-3.44259
-3.44271
-3.44238
-3.44237
-3.44338
-3.44356
-3.44291
-3.44252
-3.44233
-3.44265
-3.44152
-3.44278
-3.44259
-3.44306
-3.44227
-3.44026
-3.43955
-3.43864
-3.43813
-3.43783
-3.43855
-3.43798
-3.43781
-3.43871
-3.43856
-3.43941
-3.44046
-3.44081
-3.44168
-3.44274
-3.44313
-3.44334
-3.44334
-3.44423
-3.44515
-3.44419
-3.44288
-3.44286
-3.44273
-3.44242
-3.44273
-3.44408
-3.44374
-3.44359
-3.444
-3.44399
-3.44487
-3.44542
-3.44493
-3.44487
-3.44472
-3.44605
-3.44585
-3.44649
-3.44608
-3.44493
-3.44491
-3.44482
-3.44567
-3.44549
-3.44546
-3.4465
-3.44696
-3.44626
-3.44501
-3.44412
-3.44157
-3.44174
-3.44249
-3.4425
-3.443
-3.44421
-3.44535
-3.44622
-3.44651
-3.4458
-3.44602
-3.44596
-3.44505
-3.44478
-3.44574
-3.44496
-3.44433
-3.44414
-3.44395
-3.44449
-3.44559
-3.4457
-3.44596
-3.4455
-3.44607
-3.44504
-3.44646
-3.44726
-3.44849
-3.44855
-3.44936
-3.44822
-3.4468
-3.44599
-3.44517
-3.44479
-3.44423
-3.44509
-3.44671
-3.44932
-3.45004
-3.44985
-3.44979
-3.44834
-3.44685
-3.4457
-3.44429
-3.44295
-3.44172
-3.44066
-3.44137
-3.44241
-3.44256
-3.44253
-3.44359
-3.44519
-3.44691
-3.44696
-3.4478
-3.44844
-3.4481
