1.64872
1.64428
1.63654
1.62521
1.60987
1.58995
1.56478
1.5336
1.49556
1.44996
1.39634
1.33471
1.2658
1.19122
1.11359
1.03645
0.963795
0.899562
0.84687
0.807565
0.78205
0.769412
0.767802
0.774817
0.787875
0.804503
0.822508
0.840109
0.856008
0.869406
0.879966
0.887787
0.893251
0.896916
0.899319
0.900872
0.901729
0.901814
0.9008
0.898208
0.893547
0.886447
0.876805
0.864815
0.851031
0.836292
0.821587
0.807899
0.796118
0.786931
0.780828
0.778066
0.778627
0.782259
0.788469
0.796586
0.805825
0.815342
0.824318
0.83201
0.837854
0.841537
0.843065
0.842701
0.84091
0.838294
0.835451
0.832922
0.831151
0.830529
0.831386
0.833936
0.838204
0.843927
0.850595
0.857577
0.864226
0.870082
0.874914
0.878713
0.88168
0.884133
0.886407
0.88879
0.891449
0.89442
0.897598
0.900774
0.903682
0.906017
0.907506
0.907921
0.907136
0.905166
0.902186
0.898547
0.894707
0.891138
0.88824
0.886247
0.885185
0.884814
0.884756
0.884543
0.88374
0.882073
0.879461
0.876018
0.871905
0.867198
0.861776
0.855339
0.847543
0.838171
0.827286
0.815212
0.802579
0.790194
0.778927
0.769576
0.762766
0.758819
0.757716
0.759079
0.762246
0.766447
0.771006
0.775488
0.779721
0.783763
0.787842
0.792238
0.797202
0.802887
0.809296
0.816242
0.823382
0.83033
0.836702
0.842312
0.847216
0.851612
0.855717
0.859593
0.863064
0.865781
0.867383
0.867637
0.866492
0.864071
0.860641
0.856661
0.852733
0.849619
0.848166
0.849209
0.853442
0.861217
0.872373
0.886189
0.901459
0.916719
0.930535
0.941747
0.949637
0.953944
0.954807
0.952611
0.947922
0.941443
0.933887
0.925954
0.918297
0.911452
0.905839
0.901677
0.899036
0.897818
0.897754
0.898451
0.899454
0.900324
0.900726
0.900458
0.899484
0.897894
0.895878
0.893695
0.891705
0.890328
0.889991
0.891082
0.893825
0.89817
0.903746
0.909921
0.915977
0.921266
0.925333
0.927996
1.64938
1.64132
1.62652
1.60616
1.58165
1.55459
1.52666
1.49944
1.47425
1.45192
1.43279
1.41682
1.40374
1.39306
1.38426
1.37684
1.37041
1.36484
1.3601
1.35608
1.35237
1.34814
1.34222
1.33344
1.32126
1.30635
1.29078
1.27731
1.26796
1.26305
1.26144
1.26143
1.26161
1.26144
1.26163
1.26377
1.26964
1.28049
1.29657
1.31708
1.34042
1.36457
1.38738
1.40696
1.42188
1.43138
1.43545
1.43479
1.43052
1.4239
1.41596
1.4071
1.39716
1.38556
1.37185
1.35612
1.33916
1.3223
1.30706
1.2947
1.286
1.28119
1.28002
1.28199
1.28669
1.29389
1.30359
1.3157
1.32984
1.34538
1.36167
1.37823
1.39471
1.4106
1.42495
1.43654
1.444
1.44626
1.44286
1.43433
1.42223
1.40865
1.39543
1.38353
1.37305
1.36368
1.3552
1.34751
1.34043
1.33351
1.326
1.31704
1.30595
1.29263
1.27787
1.26337
1.25146
1.2446
1.24469
1.25267
1.26822
1.28968
1.31431
1.33883
1.36005
1.37547
1.38363
1.38416
1.37757
1.36503
1.34814
1.32887
1.30935
1.29154
1.27675
1.26559
1.25808
1.25417
1.25409
1.2583
1.26714
1.28051
1.2976
1.31705
1.33732
1.35708
1.37535
1.39151
1.40486
1.41449
1.41925
1.41805
1.4102
1.39572
1.37539
1.35073
1.32373
1.29649
1.27086
1.24819
1.22932
1.2149
1.20559
1.20209
1.20473
1.21305
1.2255
1.2396
1.25251
1.26156
1.26485
1.2615
1.25203
1.23852
1.22433
1.21313
1.2071
1.20586
1.20714
1.20858
1.20905
1.20908
1.21049
1.21569
1.22643
1.24254
1.26174
1.28094
1.29803
1.31245
1.32458
1.33479
1.34302
1.34899
1.35274
1.35514
1.35783
1.36291
1.3721
1.38597
1.40344
1.42203
1.43863
1.45045
1.45573
1.45403
1.4463
1.43442
1.42057
1.40645
1.39269
1.37886
1.36389
1.34675
1.32712
1.30567
1.28396
1.26372
1.24612
1.2315
1.63524
1.61631
1.59378
1.56798
1.53982
1.51083
1.48331
1.46018
1.44427
1.43705
1.4376
1.44312
1.45051
1.45787
1.46472
1.47145
1.47858
1.48607
1.49303
1.49798
1.49942
1.49634
1.48856
1.47692
1.46299
1.44866
1.43538
1.42389
1.41427
1.40642
1.40042
1.39682
1.3965
1.40043
1.40921
1.42288
1.44066
1.46087
1.4811
1.49862
1.511
1.51706
1.5175
1.51499
1.51293
1.51316
1.51434
1.51272
1.505
1.49084
1.47299
1.45602
1.44467
1.44285
1.45295
1.4749
1.50543
1.53862
1.56793
1.58822
1.59661
1.59235
1.57639
1.55098
1.51933
1.48534
1.45326
1.42735
1.41152
1.40843
1.41834
1.43855
1.4641
1.48941
1.50995
1.52297
1.52763
1.52473
1.51632
1.50522
1.49449
1.48673
1.48347
1.48489
1.48989
1.49661
1.50318
1.50844
1.5122
1.51515
1.51855
1.52358
1.53077
1.53969
1.54898
1.55665
1.56067
1.55974
1.55371
1.5437
1.53158
1.51901
1.50691
1.49553
1.48488
1.47544
1.46816
1.46398
1.46325
1.46554
1.46983
1.47505
1.48036
1.48535
1.48984
1.49398
1.49811
1.50259
1.50743
1.5121
1.51558
1.51683
1.51522
1.51099
1.50498
1.49832
1.49184
1.48588
1.48028
1.47492
1.47024
1.46747
1.46824
1.47364
1.48315
1.49451
1.5046
1.51074
1.5116
1.5072
1.49874
1.48817
1.47782
1.46972
1.46498
1.46353
1.46429
1.46577
1.46669
1.46633
1.46467
1.46229
1.46001
1.45848
1.4578
1.45731
1.4558
1.45191
1.44474
1.43437
1.42214
1.41035
1.40139
1.39674
1.39649
1.39954
1.40452
1.41056
1.41757
1.42576
1.43481
1.44389
1.45235
1.46074
1.47104
1.48554
1.50494
1.52724
1.54885
1.56659
1.57885
1.58546
1.58679
1.58303
1.57412
1.56021
1.54233
1.52241
1.50271
1.48467
1.4682
1.45179
1.43382
1.41384
1.39332
1.37543
1.36398
1.36168
1.36895
1.38426
1.67133
1.69377
1.71577
1.73699
1.75662
1.77316
1.78512
1.79159
1.79261
1.78895
1.78144
1.77026
1.75507
1.73591
1.71416
1.693
1.67654
1.66798
1.66766
1.67277
1.6788
1.68193
1.68068
1.67622
1.67137
1.66878
1.66928
1.67145
1.67307
1.67288
1.6713
1.67
1.67088
1.67537
1.6838
1.6947
1.70517
1.7123
1.71488
1.71399
1.71209
1.71134
1.71237
1.71442
1.71646
1.71743
1.71578
1.70908
1.69496
1.67265
1.64395
1.61299
1.58477
1.56327
1.55027
1.54582
1.54981
1.56272
1.58437
1.61255
1.6436
1.67429
1.70262
1.72747
1.74781
1.76242
1.77011
1.7701
1.76255
1.7485
1.72933
1.70639
1.68166
1.65877
1.64247
1.63635
1.64093
1.65389
1.67181
1.6916
1.711
1.72857
1.74363
1.75615
1.76659
1.77545
1.78288
1.78816
1.78934
1.78358
1.76791
1.74068
1.70313
1.66007
1.61882
1.58678
1.56893
1.56699
1.57988
1.60418
1.63457
1.66477
1.6889
1.70277
1.70456
1.69492
1.67656
1.65348
1.62984
1.60874
1.59158
1.57816
1.56751
1.55879
1.55199
1.54811
1.54865
1.55505
1.56794
1.58655
1.60887
1.63221
1.654
1.67199
1.68418
1.68891
1.68529
1.67369
1.656
1.63539
1.6158
1.60106
1.59384
1.59504
1.60371
1.61786
1.63526
1.65402
1.67225
1.68744
1.69664
1.69737
1.68871
1.67175
1.64916
1.6243
1.60069
1.58256
1.57481
1.58086
1.60009
1.6279
1.65843
1.68686
1.71009
1.72649
1.7352
1.73587
1.72872
1.7147
1.69557
1.67355
1.65076
1.62902
1.61025
1.59677
1.59078
1.59298
1.60145
1.61202
1.62033
1.62357
1.62118
1.61456
1.60629
1.59943
1.59691
1.60104
1.61295
1.63218
1.65655
1.68255
1.70611
1.72358
1.7328
1.7339
1.72964
1.72495
1.72529
1.73448
1.75288
1.77721
1.80224
1.82308
1.83672
1.84239
1.84089
1.8335
1.82116
1.80419
1.63247
1.61308
1.59465
1.57975
1.57092
1.56978
1.57666
1.59047
1.60906
1.62982
1.65028
1.66834
1.68202
1.68943
1.68914
1.68073
1.66521
1.6449
1.62284
1.60205
1.58494
1.57308
1.56713
1.56717
1.57316
1.5853
1.60381
1.62834
1.6572
1.68733
1.71484
1.73595
1.74795
1.7496
1.74115
1.72402
1.70037
1.67302
1.64522
1.62035
1.60131
1.58988
1.58623
1.58907
1.59597
1.6041
1.61093
1.61462
1.61436
1.61041
1.60389
1.59636
1.58922
1.58324
1.57829
1.57358
1.56806
1.56124
1.55393
1.54866
1.5491
1.55815
1.57559
1.59783
1.61998
1.63823
1.65085
1.65772
1.65932
1.65618
1.64869
1.63731
1.62255
1.60521
1.58653
1.56883
1.55534
1.5486
1.54815
1.55077
1.55337
1.55511
1.55734
1.56231
1.5718
1.58608
1.60352
1.62101
1.63517
1.64325
1.64387
1.63724
1.62492
1.60933
1.59291
1.57733
1.56321
1.55052
1.53968
1.53212
1.52999
1.53485
1.54659
1.56342
1.5832
1.60475
1.62776
1.65163
1.67469
1.69475
1.71037
1.72132
1.72849
1.73332
1.73732
1.74184
1.74769
1.75497
1.76289
1.76997
1.7744
1.77459
1.76969
1.75984
1.746
1.72949
1.71141
1.69226
1.67208
1.65119
1.63104
1.61448
1.605
1.60519
1.61525
1.63243
1.65176
1.66751
1.67479
1.67076
1.65528
1.63116
1.6037
1.57934
1.56358
1.55911
1.56504
1.57779
1.59303
1.60731
1.61862
1.62586
1.62805
1.62391
1.61227
1.59331
1.5698
1.54714
1.53088
1.5232
1.52192
1.52262
1.52148
1.51689
1.50975
1.50286
1.4995
1.5019
1.51021
1.5224
1.53472
1.54272
1.54253
1.53235
1.51408
1.49421
1.48239
1.48644
1.50712
1.53819
1.57124
1.59995
1.62105
1.63344
1.6371
1.63244
1.62001
1.60068
1.57578
1.54748
1.51866
1.49264
1.47247
1.46051
1.45813
1.46562
1.48215
1.50562
1.53289
1.56025
