-7.83801
-7.79754
-7.72002
-7.62901
-7.5253
-7.41237
-7.29314
-7.17964
-7.07624
-6.98967
-6.92595
-6.88716
-6.87205
-6.8802
-6.90499
-6.9399
-6.97906
-7.01836
-7.05223
-7.07959
-7.09839
-7.10931
-7.11169
-7.1062
-7.09531
-7.08341
-7.07045
-7.05962
-7.04904
-7.04598
-7.0482
-7.0611
-7.07871
-7.10535
-7.13746
-7.17465
-7.21127
-7.24563
-7.27787
-7.30592
-7.32349
-7.33272
-7.33686
-7.33132
-7.32251
-7.30716
-7.28991
-7.26859
-7.24762
-7.22837
-7.21021
-7.19505
-7.18193
-7.1746
-7.16837
-7.16192
-7.15981
-7.15798
-7.15825
-7.16263
-7.16649
-7.17631
-7.18599
-7.19668
-7.20747
-7.21819
-7.2276
-7.23277
-7.23782
-7.24124
-7.24196
-7.24212
-7.24003
-7.23397
-7.22904
-7.22482
-7.21999
-7.21388
-7.20866
-7.20368
-7.19825
-7.19478
-7.19317
-7.19286
-7.19359
-7.1958
-7.19803
-7.19983
-7.20121
-7.20218
-7.19905
-7.19208
-7.1827
-7.17097
-7.15799
-7.14715
-7.13533
-7.12466
-7.11907
-7.11707
-7.11802
-7.12186
-7.12957
-7.13333
-7.14087
-7.14677
-7.14902
-7.14905
-7.14713
-7.14067
-7.13625
-7.13049
-7.1248
-7.12162
-7.1229
-7.12861
-7.1391
-7.15605
-7.17767
-7.20332
-7.22793
-7.25213
-7.27474
-7.29341
-7.30747
-7.31555
-7.3221
-7.32001
-7.3103
-7.2981
-7.28278
-7.26583
-7.24701
-7.23099
-7.21336
-7.19927
-7.19253
-7.18902
-7.18865
-7.18896
-7.19487
-7.20223
-7.20508
-7.20504
-7.20256
-7.19812
-7.19324
-7.18693
-7.18082
-7.17268
-7.16361
-7.15544
-7.14813
-7.14097
-7.13905
-7.13736
-7.14178
-7.14609
-7.15415
-7.16481
-7.1764
-7.18966
-7.19868
-7.20849
-7.21136
-7.21127
-7.2062
-7.20013
-7.19142
-7.18125
-7.173
-7.16286
-7.15912
-7.15739
-7.15514
-7.15487
-7.15881
-7.16377
-7.17421
-7.18612
-7.20069
-7.21725
-7.23545
-7.24909
-7.25686
-7.26577
-7.2719
-7.27317
-7.2698
-7.26358
-7.25499
-7.24421
-7.23065
-7.21873
-7.20676
-7.19787
-7.18935
-7.18691
-7.18535
-7.18784
-7.19168
-7.19717
-7.20302
-7.20778
-7.21277
-7.2186
-7.22057
-7.21872
-7.21811
-7.21705
-7.21593
-7.21408
-7.21036
-7.20511
-7.20144
-7.19443
-7.18924
-7.18501
-7.17647
-7.17199
-7.16924
-7.16678
-7.16414
-7.16046
-7.15937
-7.15839
-7.15925
-7.16107
-7.16133
-7.16454
-7.17175
-7.17995
-7.1869
-7.19147
-7.1971
-7.19897
-7.19866
-7.19654
-7.19044
-7.18492
-7.17819
-7.17123
-7.16683
-7.16361
-7.16031
-7.15551
-7.15269
-7.14961
-7.1509
-7.14997
-7.14956
-7.15103
-7.15427
-7.15933
-7.16366
-7.16635
-7.1721
-7.17773
-7.18411
-7.18947
-7.19651
-7.20361
-7.21391
-7.22345
-7.23253
-7.24362
-7.25297
-7.26252
-7.27334
-7.28123
-7.29145
-7.29438
-7.2978
-7.29351
-7.28649
-7.27926
-7.26864
-7.25731
-7.24332
-7.23059
-7.21631
-7.20224
-7.18696
-7.17498
-7.16152
-7.15346
-7.14694
-7.14562
-7.14856
-7.15367
-7.16128
-7.16867
-7.17527
-7.17896
-7.17964
-7.17784
-7.17154
-7.16401
-7.15746
-7.14992
-7.13367
-7.10471
-7.07056
-7.03273
-6.99699
-6.96061
-6.93163
-6.90915
-6.89419
-6.88469
-6.88024
-6.87372
-6.87017
-6.86326
-6.85208
-6.83541
-6.81494
-6.79013
-6.76731
-6.74615
-6.72946
-6.72258
-6.72534
-6.73419
-6.74896
-6.7708
-6.79761
-6.8252
-6.8514
-6.87888
-6.90215
-6.9171
-6.9285
-6.93573
-6.93417
-6.92822
-6.91739
-6.90755
-6.89712
-6.88836
-6.87884
-6.8743
-6.87276
-6.87275
-6.87356
-6.87795
-6.8837
-6.89531
-6.90554
-6.91558
-6.92785
-6.93701
-6.94158
-6.94524
-6.94362
-6.94009
-6.93331
-6.92513
-6.91188
-6.89808
-6.88452
-6.86814
-6.85333
-6.83748
-6.82572
-6.82181
-6.82228
-6.83091
-6.84343
-6.86114
-6.87677
-6.89262
-6.90625
-6.91543
-6.92363
-6.92873
-6.93121
-6.93434
-6.93671
-6.93815
-6.93739
-6.93614
-6.93194
-6.92955
-6.92174
-6.90839
-6.89268
-6.87541
-6.85504
-6.84186
-6.83134
-6.82606
-6.82536
-6.83039
-6.8376
-6.84691
-6.85873
-6.86923
-6.88081
-6.89024
-6.89942
-6.90786
-6.91195
-6.91509
-6.9104
-6.90728
-6.90151
-6.89435
-6.88613
-6.8778
-6.87115
-6.8693
-6.87136
-6.88075
-6.89574
-6.91293
-6.93394
-6.95297
-6.96576
-6.97459
-6.97273
-6.96749
-6.95498
-6.94106
-6.9234
-6.90383
-6.88596
-6.87005
-6.85591
-6.84526
-6.8397
-6.83944
-6.83964
-6.8436
-6.84675
-6.85152
-6.85534
-6.85862
-6.86589
-6.87444
-6.88011
-6.89044
-6.90122
-6.90824
-6.91226
-6.91079
-6.90674
-6.90211
-6.89172
-6.88206
-6.87772
-6.87798
-6.8821
-6.88996
-6.90028
-6.91044
-6.91745
-6.92226
-6.92429
-6.92227
-6.91598
-6.90345
-6.88822
-6.87083
-6.85062
-6.83475
-6.82227
-6.81938
-6.82109
-6.83066
-6.84571
-6.86498
-6.88678
-6.90691
-6.92224
-6.93809
-6.9513
-6.9554
-6.95381
-6.94973
-6.94197
-6.93314
-6.92609
-6.92015
-6.92103
-6.92365
-6.93274
-6.94126
-6.94868
-6.95574
-6.95843
-6.95576
-6.94878
-6.93804
-6.92612
-6.90742
-6.88947
-6.87456
-6.86256
-6.85481
-6.8491
-6.85006
-6.85658
-6.86673
-6.87778
-6.88778
-6.89599
-6.90017
-6.89952
-6.89722
-6.88908
-6.88238
-6.87849
-6.87523
-6.872
-6.86994
-6.86782
-6.86185
-6.85393
-6.84083
-6.82585
-6.81686
-6.80665
-6.80107
-6.80131
-6.80491
-6.81419
-6.827
-6.84335
-6.86218
-6.87983
-6.89812
-6.91742
-6.93376
-6.94911
-6.96324
-6.97226
-6.97688
-6.97821
-6.97305
-6.96279
-6.94658
-6.92707
-6.90744
-6.88721
-6.8696
-6.86132
-6.85354
-6.85151
-6.85924
-6.86539
-6.87318
-6.88185
-6.89243
-6.9078
-6.92327
-6.941
-6.95966
-6.97653
-6.9899
-6.99795
-6.99667
-6.98701
-6.96806
-6.94463
-6.92016
-6.89723
-6.87909
-6.86867
-6.86441
-6.86246
-6.85938
-6.85488
-6.85047
-6.8397
-6.82717
-6.81437
-6.80363
-6.79639
-6.79382
-6.7941
-6.79668
-6.79978
-6.80595
-6.81199
-6.82311
-6.83696
-6.85373
-6.87741
-6.90145
-6.9263
-6.94606
-6.96242
-6.97469
-6.97999
-6.98104
-6.97986
-6.97182
-6.96461
-6.95539
-6.94675
-6.93415
-6.92139
-6.91138
-6.90241
-6.89768
-6.89112
-6.88318
-6.87204
-6.85889
-6.84119
-6.82039
-6.80065
-6.77818
-6.7581
-6.73996
-6.72424
-6.7107
-6.69935
-6.69399
-6.69103
-6.68946
-6.68659
-6.68602
-6.68493
-6.68493
-6.68519
-6.68595
-6.68732
-6.69233
-6.70065
-6.71065
-6.7239
-6.73606
-6.75299
-6.77248
-6.79502
-6.82009
-6.84595
-6.86952
-6.89151
-6.90543
-6.91289
-6.91433
-6.90779
-6.89813
-6.8841
-6.86497
-6.84934
-6.83587
-6.83079
-6.83514
-6.84889
-6.86697
-6.88309
-6.89434
-6.89792
-6.88875
-6.86485
-6.83326
-6.79861
-6.76316
-6.7318
-6.70839
-6.69176
-6.68533
-6.68987
-6.70245
-6.72221
-6.74599
-6.76969
-6.79279
-6.81018
-6.81995
-6.82157
-6.81247
-6.80173
-6.78715
-6.7702
-6.75475
-6.7375
-6.72575
-6.71544
-6.70897
-6.70923
-6.7117
-6.72221
-6.7336
-6.7475
-6.76721
-6.78668
-6.81041
-6.83446
-6.85843
-6.8773
-6.88893
-6.88856
-6.88054
-6.86434
-6.84188
-6.82029
-6.80212
-6.79015
-6.78373
-6.78273
-6.78823
-6.8006
-6.81994
-6.84305
-6.86928
-6.89309
-6.90902
-6.91022
-6.89785
-6.87121
-6.83518
-6.79471
-6.75376
-6.71776
-6.68718
-6.66385
-6.64448
-6.63136
-6.62408
-6.62817
-6.6422
-6.66818
-6.7008
-6.74242
-6.78733
-6.83259
-6.87807
-6.91696
-6.94989
-6.97352
-6.98653
-6.98845
-6.981
-6.96531
-6.94286
-6.91768
-6.89611
-6.8691
-6.84614
-6.82617
-6.809
-6.79322
-6.77709
-6.76248
-6.74749
-6.73251
-6.72085
-6.70901
-6.69912
-6.69191
-6.68951
-6.69033
-6.69516
-6.70393
-6.7189
-6.73459
-6.75254
-6.77094
-6.7904
-6.80513
-6.81917
-6.82766
-6.83068
-6.83331
-6.82961
-6.82174
-6.81233
-6.80717
-6.80307
-6.80262
-6.80923
-6.81787
-6.8348
-6.85263
-6.8689
-6.88129
-6.88576
-6.87894
-6.86267
-6.83788
-6.80607
-6.77372
-6.74344
-6.71769
-6.70115
-6.69169
-6.68906
-6.69401
-6.70618
-6.72306
-6.74598
-6.77031
-6.79576
-6.81996
-6.83969
-6.85555
-6.86548
-6.87038
-6.87943
-6.88672
-6.89718
-6.9104
-6.92265
-6.92776
-6.92777
-6.91895
-6.90253
-6.87696
-6.84111
-6.80475
-6.76712
-6.73276
-6.70826
-6.69005
-6.6833
-6.68761
-6.70074
-6.72004
-6.74229
-6.76574
-6.78933
-6.80826
-6.82112
-6.8313
-6.8327
-6.82905
-6.81673
-6.80208
-6.78077
-6.76372
-6.74573
-6.73247
-6.72391
-6.72058
-6.72049
-6.72263
-6.72386
-6.72964
-6.73101
-6.73788
-6.74678
-6.75815
-6.77169
-6.78729
-6.80275
-6.81929
-6.83909
-6.85933
-6.87742
-6.89648
-6.91342
-6.92789
-6.93396
-6.93453
-6.92749
-6.90993
-6.88713
-6.85887
-6.82769
-6.79877
-6.7759
-6.76009
-6.75445
-6.75742
-6.76638
-6.77402
-6.78116
-6.78563
-6.79072
-6.79561
-6.79974
-6.80216
-6.80513
-6.80561
-6.80176
-6.79232
-6.77937
-6.76345
-6.74757
-6.73645
-6.72995
-6.72832
-6.73304
-6.74062
-6.75274
-6.76085
-6.76982
-6.77482
-6.77693
-6.77682
-6.77552
-6.77588
-6.77758
-6.7768
-6.7767
-6.7803
-6.77535
-6.76904
-6.76406
-6.7599
-6.7587
-6.76068
-6.76206
-6.76017
-6.75247
-6.74389
-6.72845
-6.71294
-6.69388
-6.67769
-6.66773
-6.6657
-6.67368
-6.69324
-6.72164
-6.7551
-6.78561
-6.80854
-6.8223
-6.82136
-6.81097
-6.79197
-6.76839
-6.74263
-6.71732
-6.69471
-6.6784
-6.66799
-6.6633
-6.66845
-6.68227
-6.70348
-6.72802
-6.75588
-6.77799
-6.79888
-6.8156
-6.82249
-6.82237
-6.81338
-6.79784
-6.77746
-6.74806
-6.7161
-6.68072
-6.64657
-6.61858
-6.59892
-6.58645
-6.58127
-6.58474
-6.59184
-6.60331
-6.61245
-6.62295
-6.6337
-6.63975
-6.64433
-6.64947
-6.65614
-6.66965
-6.68589
-6.70971
-6.73845
-6.76482
-6.78596
-6.79951
-6.80451
-6.79867
-6.78546
-6.76832
-6.75277
-6.74281
-6.74401
-6.75069
-6.76372
-6.77495
-6.78493
-6.78682
-6.78307
-6.77443
-6.76164
-6.7455
-6.73091
-6.71226
-6.6985
-6.68205
-6.66888
-6.6604
-6.65472
-6.65568
-6.66226
-6.67493
-6.68568
-6.69533
-6.7045
-6.71044
-6.7154
-6.71724
-6.71339
-6.71179
-6.70781
-6.70956
-6.71504
-6.72069
-6.73066
-6.74562
-6.76451
-6.78215
-6.80033
-6.81682
-6.82437
-6.82306
-6.81803
-6.80501
-6.78707
-6.76665
-6.7435
-6.7209
-6.69994
-6.68681
-6.67746
-6.673
-6.67185
-6.67414
-6.68104
-6.68888
-6.69233
-6.69588
-6.69463
-6.6897
-6.67848
-6.66319
-6.64882
-6.63664
-6.62796
-6.62725
-6.63287
-6.6469
-6.66871
-6.69397
-6.7216
-6.74852
-6.77435
-6.79337
-6.80464
-6.80701
-6.80395
-6.7981
-6.79283
-6.78338
-6.77628
-6.76806
-6.75898
-6.75368
-6.75538
-6.75845
-6.76196
-6.76089
-6.75413
-6.73929
-6.71485
-6.68691
-6.66141
-6.63731
-6.62226
-6.61536
-6.62094
-6.63526
-6.65935
-6.68584
-6.71037
-6.72761
-6.73639
-6.73598
-6.72568
-6.70978
-6.69378
-6.67952
-6.67363
-6.67529
-6.68691
-6.70635
-6.73335
-6.76529
-6.79831
-6.82507
-6.84537
-6.85621
-6.85823
-6.85049
-6.83146
-6.80554
-6.77128
-6.73004
-6.69108
-6.64881
-6.61115
-6.58198
-6.56276
-6.55733
-6.56579
-6.58659
-6.61549
-6.64506
-6.67541
-6.70183
-6.72438
-6.74158
-6.75461
-6.76708
-6.77646
-6.77954
-6.77538
-6.76488
-6.74793
-6.72679
-6.70128
-6.67621
-6.65672
-6.64635
-6.64629
-6.66043
-6.68571
-6.71883
-6.7561
-6.79304
-6.82854
-6.85778
-6.87298
-6.87364
-6.86123
-6.83437
-6.79672
-6.75508
-6.70999
-6.66826
-6.63991
-6.62596
-6.62809
-6.64087
-6.66239
-6.68327
-6.70262
-6.71889
-6.73103
-6.73677
-6.73933
-6.73772
-6.73657
-6.73083
-6.72736
-6.72583
-6.72208
-6.722
-6.72294
-6.72314
-6.72414
-6.72533
-6.7269
-6.7301
-6.73052
-6.72826
-6.72347
-6.71451
-6.70251
-6.68931
-6.67264
-6.6598
-6.64614
-6.64008
-6.64067
-6.64661
-6.65362
-6.66145
-6.67034
-6.67812
-6.68234
-6.68526
-6.68915
-6.69107
-6.69619
-6.70658
-6.72359
-6.7407
-6.76141
-6.77943
-6.79614
-6.80817
-6.81255
-6.8127
-6.80659
-6.79705
-6.78844
-6.78074
-6.77409
-6.76668
-6.75942
-6.74871
-6.7341
-6.71858
-6.70284
-6.68402
-6.66905
-6.65702
-6.6486
-6.64712
-6.64887
-6.65801
-6.67105
-6.68302
-6.69533
-6.70269
-6.70574
-6.70632
-6.70201
-6.69467
-6.69337
-6.69637
-6.70397
-6.71459
-6.72701
-6.73728
-6.74451
-6.74882
-6.74861
-6.74541
-6.73978
-6.73118
-6.71973
-6.70886
-6.70383
-6.7055
-6.71044
-6.71792
-6.73098
-6.74488
-6.75685
-6.76605
-6.77292
-6.77348
-6.76421
-6.75035
-6.72801
-6.70655
-6.68688
-6.67814
-6.68195
-6.68963
-6.69798
-6.70391
-6.70412
-6.70164
-6.69797
-6.69491
-6.69758
-6.70203
-6.71018
-6.71903
-6.7276
-6.73113
-6.72819
-6.72261
-6.71317
-6.70724
-6.70466
-6.7085
-6.71606
-6.73039
-6.7401
-6.74952
-6.75467
-6.75614
-6.75174
-6.74809
-6.74082
-6.73274
-6.73146
-6.73058
-6.7332
-6.73244
-6.72886
-6.72263
-6.71451
-6.70154
-6.6821
-6.65833
-6.63304
-6.61043
-6.59832
-6.5973
-6.60955
-6.63477
-6.67111
-6.70822
-6.74794
-6.78301
-6.80938
-6.83123
-6.84491
-6.84994
-6.84955
-6.8458
-6.83684
-6.82706
-6.81851
-6.80846
-6.7923
-6.77377
-6.74621
-6.71482
-6.68242
-6.65694
-6.63748
-6.62809
-6.6281
-6.63885
-6.65105
-6.66594
-6.68358
-6.7055
-6.72362
-6.73826
-6.74989
-6.75562
-6.75474
-6.75031
-6.74319
-6.73439
-6.72676
-6.72272
-6.72054
-6.71517
-6.7065
-6.69586
-6.68805
-6.68667
-6.69013
-6.70338
-6.72296
-6.74435
-6.76624
-6.78359
-6.79527
-6.80005
-6.80035
-6.79482
-6.7829
-6.76867
-6.75318
-6.73625
-6.7232
-6.71037
-6.69725
-6.68432
-6.66963
-6.65321
-6.63971
-6.62993
-6.62495
-6.63
-6.64197
-6.66037
-6.67923
-6.69924
-6.71929
-6.73645
-6.75291
-6.76422
-6.77281
-6.77851
-6.78245
-6.78105
-6.77807
-6.76941
-6.76167
-6.74524
-6.72902
-6.71132
-6.69348
-6.68038
-6.66755
-6.65415
-6.64744
-6.64277
-6.64281
-6.64929
-6.65881
-6.67424
-6.68351
-6.69539
-6.70276
-6.70951
-6.71119
-6.7112
-6.71157
-6.71115
-6.70879
-6.70615
-6.70561
-6.70656
-6.71063
-6.71795
-6.72577
-6.7354
-6.7413
-6.74704
-6.74776
-6.74422
-6.73797
-6.72793
-6.71673
-6.70266
-6.68994
-6.67858
-6.67419
-6.67364
-6.67613
-6.68231
-6.68592
-6.68836
-6.68978
-6.69123
-6.69288
-6.70449
-6.72098
-6.74115
-6.76317
-6.78932
-6.80667
-6.81518
-6.81972
-6.81314
-6.79943
-6.77917
-6.75439
-6.73411
-6.71471
-6.70006
-6.69074
-6.68519
-6.68252
-6.68004
-6.67546
-6.67338
-6.67094
-6.66988
-6.66986
-6.67378
-6.68034
-6.69216
-6.70526
-6.72069
-6.73897
-6.75454
-6.76856
-6.78494
-6.79453
-6.80185
-6.80221
-6.79832
-6.78966
-6.77846
-6.7657
-6.75153
-6.73462
-6.71941
-6.70495
-6.69133
-6.68054
-6.66749
-6.65713
-6.6444
-6.6337
-6.62585
-6.62223
-6.62406
-6.63144
-6.64521
-6.6644
-6.6926
-6.72292
-6.75614
-6.7923
-6.82603
-6.8565
-6.87899
-6.89231
-6.89843
-6.89414
-6.88019
-6.85798
-6.83041
-6.79853
-6.76549
-6.73158
-6.70146
-6.67447
-6.65251
-6.63952
-6.63457
-6.63577
-6.6431
-6.65178
-6.66465
-6.67587
-6.68471
-6.69161
-6.69565
-6.69472
-6.6896
-6.6818
-6.67575
-6.66987
-6.66234
-6.65591
-6.64968
-6.64107
-6.63113
-6.6219
-6.61521
-6.61635
-6.62151
-6.63642
-6.6552
-6.68213
-6.71063
-6.7423
-6.77237
-6.79902
-6.81739
-6.82745
-6.8298
-6.82398
-6.81134
-6.79588
-6.77863
-6.76492
-6.75579
-6.75157
-6.74974
-6.75206
-6.7571
-6.76243
-6.76902
-6.77598
-6.78005
-6.78059
-6.77854
-6.77221
-6.75915
-6.74285
-6.72297
-6.69778
-6.67825
-6.66155
-6.64989
-6.64445
-6.64744
-6.6556
-6.66657
-6.68203
-6.69554
-6.70625
-6.70849
-6.70951
-6.7093
-6.71134
-6.71963
-6.73626
-6.74994
-6.76258
-6.76511
-6.7615
-6.74934
-6.73078
-6.70907
-6.69025
-6.67345
-6.65767
-6.64599
-6.63696
-6.62866
-6.6265
-6.62782
-6.63358
-6.63916
-6.64863
-6.65865
-6.66802
-6.67866
-6.68522
-6.6896
-6.6901
-6.69311
-6.69646
-6.70092
-6.7086
-6.71883
-6.73239
-6.74517
-6.75585
-6.77044
-6.77923
-6.78637
-6.79036
-6.79431
-6.79372
-6.79327
-6.79604
-6.80005
-6.80421
-6.80954
-6.80855
-6.80437
-6.79173
-6.7748
-6.75084
-6.72424
-6.69406
-6.66436
-6.63585
-6.61579
-6.60248
-6.59872
-6.60553
-6.624
-6.64699
-6.67078
-6.69831
-6.72432
-6.74609
-6.76444
-6.77706
-6.78091
-6.77736
-6.76698
-6.7524
-6.73442
-6.7192
-6.70467
-6.69559
-6.69695
-6.70336
-6.71735
-6.73617
-6.75306
-6.77241
-6.78468
-6.79669
-6.80649
-6.80934
-6.80619
-6.79947
-6.78886
-6.77575
-6.76455
-6.75206
-6.74207
-6.73623
-6.73394
-6.73523
-6.73585
-6.7351
-6.73127
-6.72505
-6.71693
-6.70132
-6.68263
-6.66378
-6.643
-6.62849
-6.61746
-6.60972
-6.60837
-6.61234
-6.61838
-6.62665
-6.63538
-6.64421
-6.65505
-6.66532
-6.67254
-6.68197
-6.69098
-6.69928
-6.70511
-6.71344
-6.72179
-6.73274
-6.74477
-6.75931
-6.77243
-6.78427
-6.79126
-6.79558
-6.79664
-6.79001
-6.77866
-6.76567
-6.7522
-6.73873
-6.72888
-6.72229
-6.71943
-6.71853
-6.71282
-6.70845
-6.69877
-6.68525
-6.67022
-6.65746
-6.64611
-6.63569
-6.63273
-6.63533
-6.64604
-6.6583
-6.67292
-6.69442
-6.71851
-6.73885
-6.75872
-6.77557
-6.78646
-6.79256
-6.79317
-6.78712
-6.77671
-6.76373
-6.74966
-6.73176
-6.71142
-6.69469
-6.6779
-6.66165
-6.64884
-6.63851
-6.63221
-6.63383
-6.63732
-6.64649
-6.65959
-6.6719
-6.68299
-6.69332
-6.70483
-6.71128
-6.71529
-6.71996
-6.72276
-6.72276
-6.72118
-6.71981
-6.71751
-6.71513
-6.71633
-6.71972
-6.72677
-6.73528
-6.74759
-6.75799
-6.76695
-6.77185
-6.76966
-6.76443
-6.75338
-6.74027
-6.72421
-6.70876
-6.69552
-6.68827
-6.68566
-6.68522
-6.68648
-6.68823
-6.69203
-6.69197
-6.69034
-6.68777
-6.68709
-6.69236
-6.70202
-6.71406
-6.73306
-6.75183
-6.76836
-6.77974
-6.7843
-6.77896
-6.76557
-6.74329
-6.71256
-6.67994
-6.64935
-6.62514
-6.61102
-6.60887
-6.6129
-6.62728
-6.64785
-6.67235
-6.69796
-6.723
-6.74561
-6.76063
-6.77056
-6.77683
-6.77849
-6.77518
-6.76394
-6.74901
-6.73491
-6.71871
-6.70302
-6.6935
-6.68537
-6.6786
-6.67327
-6.67114
-6.67098
-6.67059
-6.67033
-6.67097
-6.67117
-6.67071
-6.67016
-6.67276
-6.67762
-6.68869
-6.70755
-6.73
-6.75539
-6.77906
-6.79399
-6.79899
-6.79102
-6.77602
-6.75256
-6.72951
-6.70856
-6.6985
-6.68805
-6.68157
-6.67151
-6.66336
-6.65449
-6.65167
-6.65674
-6.66639
-6.68617
-6.70823
-6.73494
-6.75956
-6.78523
-6.80874
-6.82813
-6.84168
-6.84979
-6.85273
-6.84815
-6.84122
-6.82923
-6.81541
-6.79679
-6.77505
-6.75002
-6.72359
-6.69319
-6.65704
-6.6211
-6.5852
-6.55803
-6.54307
-6.53779
-6.54894
-6.57638
-6.61111
-6.65255
-6.69146
-6.72787
-6.75346
-6.76847
-6.77496
-6.77107
-6.75822
-6.74338
-6.7262
-6.70982
-6.69903
-6.69358
-6.69324
-6.70004
-6.70719
-6.71774
-6.72717
-6.74053
-6.75371
-6.76802
-6.78671
-6.80686
-6.82213
-6.82881
-6.82211
-6.80674
-6.78059
-6.74552
-6.70602
-6.66546
-6.63287
-6.60372
-6.58391
-6.57068
-6.56727
-6.56801
-6.57751
-6.59167
-6.60884
-6.6287
-6.65063
-6.67244
-6.69217
-6.7095
-6.72345
-6.73558
-6.74168
-6.74838
-6.75921
-6.77335
-6.78949
-6.80755
-6.82466
-6.83482
-6.84034
-6.84348
-6.84141
-6.83551
-6.82482
-6.81567
-6.80444
-6.79399
-6.78374
-6.77153
-6.75741
-6.73989
-6.71837
-6.69619
-6.67398
-6.65199
-6.63734
-6.62572
-6.61998
-6.61877
-6.62244
-6.62736
-6.63581
-6.64243
-6.65347
-6.66536
-6.6793
-6.69384
-6.7071
-6.72013
-6.73146
-6.7408
-6.74922
-6.75768
-6.76436
-6.77286
-6.78295
-6.79036
-6.79493
-6.79209
-6.787
-6.77833
-6.7648
-6.7477
-6.72899
-6.71339
-6.70298
-6.69784
-6.69566
-6.69552
-6.6961
-6.69124
-6.68181
-6.67021
-6.65947
-6.6499
-6.64533
-6.65383
-6.66645
-6.68478
-6.70425
-6.72406
-6.74282
-6.75416
-6.76509
-6.76747
-6.76802
-6.76125
-6.75173
-6.7408
-6.72733
-6.71744
-6.70813
-6.70245
-6.70056
-6.70599
-6.7117
-6.71933
-6.72519
-6.72909
-6.73023
-6.72833
-6.7256
-6.72304
-6.71895
-6.71506
-6.71571
-6.71746
-6.72004
-6.72188
-6.72265
-6.7187
-6.7109
-6.70028
-6.68928
-6.68076
-6.67274
-6.66531
-6.65664
-6.65219
-6.6423
-6.63487
-6.63202
-6.63581
-6.65028
-6.66965
-6.69781
-6.72953
-6.76067
-6.78489
-6.80259
-6.80985
-6.80952
-6.80303
-6.79179
-6.78018
-6.76885
-6.76004
-6.75144
-6.7443
-6.73939
-6.73283
-6.73053
-6.72866
-6.7281
-6.7268
-6.7271
-6.7268
-6.73165
-6.73304
-6.73286
-6.72667
-6.71594
-6.70165
-6.68588
-6.6719
-6.66306
-6.65908
-6.66397
-6.67599
-6.69237
-6.70648
-6.71713
-6.72041
-6.71707
-6.70681
-6.69193
-6.67149
-6.65343
-6.64548
-6.64256
-6.6485
-6.66221
-6.68256
-6.70303
-6.72264
-6.73717
-6.7482
-6.7533
-6.75559
-6.76102
-6.76793
-6.77382
-6.78417
-6.79217
-6.79842
-6.80071
-6.79614
-6.78314
-6.76372
-6.74198
-6.72019
-6.70514
-6.70256
-6.70718
-6.71694
-6.72931
-6.73849
-6.74778
-6.75044
-6.75213
-6.75158
-6.75167
-6.75452
-6.75682
-6.7629
-6.77188
-6.77528
-6.77605
-6.77088
-6.76279
-6.7532
-6.74317
-6.73365
-6.7283
-6.72337
-6.71997
-6.71805
-6.71148
-6.70065
-6.68651
-6.66921
-6.6494
-6.6275
-6.6103
-6.59942
-6.59461
-6.60047
-6.6137
-6.63646
-6.66532
-6.69918
-6.73468
-6.76307
-6.78816
-6.80735
-6.81826
-6.82325
-6.81953
-6.81206
-6.79764
-6.78107
-6.76502
-6.75343
-6.74459
-6.73939
-6.73874
-6.73793
-6.73547
-6.73313
-6.72773
-6.72204
-6.71004
-6.69629
-6.68404
-6.67166
-6.66712
-6.66907
-6.68084
-6.70032
-6.7192
-6.73493
-6.74496
-6.74471
-6.7364
-6.72184
-6.69948
-6.6786
-6.65771
-6.64444
-6.64018
-6.6406
-6.64694
-6.65349
-6.66264
-6.66768
-6.67295
-6.68043
-6.69128
-6.70966
-6.72901
-6.75026
-6.76579
-6.77828
-6.78248
-6.77764
-6.76491
-6.75127
-6.73752
-6.72663
-6.71981
-6.71673
-6.71893
-6.72096
-6.72578
-6.73032
-6.73276
-6.73906
-6.74133
-6.74286
-6.738
-6.7283
-6.71692
-6.70731
-6.7015
-6.70549
-6.71535
-6.72177
-6.72826
-6.73049
-6.73001
-6.72622
-6.72705
-6.72819
-6.73259
-6.73753
-6.74186
-6.74325
-6.73731
-6.72584
-6.7155
-6.70278
-6.69748
-6.70068
-6.7126
-6.73059
-6.75438
-6.77282
-6.78272
-6.78333
-6.76882
-6.74443
-6.71109
-6.67537
-6.64306
-6.62069
-6.61454
-6.62182
-6.64304
-6.67274
-6.70316
-6.72572
-6.73858
-6.73738
-6.72512
-6.70088
-6.67238
-6.64829
-6.63212
-6.63025
-6.64576
-6.67389
-6.70719
-6.74111
-6.77091
-6.7943
-6.81264
-6.82578
-6.8365
-6.84107
-6.84194
-6.841
-6.83692
-6.82521
-6.81223
-6.79497
-6.77395
-6.75211
-6.73143
-6.70977
-6.68577
-6.66614
-6.65243
-6.64221
-6.63867
-6.64015
-6.64825
-6.65645
-6.66997
-6.68223
-6.69439
-6.70512
-6.71367
-6.71956
-6.72468
-6.7272
-6.72704
-6.72541
-6.71769
-6.70907
-6.70268
-6.6993
-6.69963
-6.7025
-6.70809
-6.71276
-6.71474
-6.71356
-6.71237
-6.71277
-6.7144
-6.72054
-6.72922
-6.74099
-6.7472
-6.74871
-6.74435
-6.73222
-6.71269
-6.68897
-6.66284
-6.63889
-6.61928
-6.60437
-6.59998
-6.60094
-6.61124
-6.62319
-6.63798
-6.65514
-6.67326
-6.69054
-6.70858
-6.7197
-6.72456
-6.72069
-6.71297
-6.70016
-6.68917
-6.67595
-6.6643
-6.65383
-6.64735
-6.64596
-6.65185
-6.66453
-6.68347
-6.70996
-6.73336
-6.75434
-6.77197
-6.78284
-6.79174
-6.7992
-6.80378
-6.80524
-6.80277
-6.80283
-6.80017
-6.79083
-6.7817
-6.76666
-6.7462
-6.72294
-6.69575
-6.66755
-6.6412
-6.62031
-6.608
-6.60419
-6.6083
-6.62067
-6.63991
-6.66449
-6.69083
-6.72266
-6.75561
-6.78975
-6.81983
-6.84633
-6.86656
-6.87499
-6.87455
-6.86533
-6.84765
-6.8293
-6.80516
-6.78357
-6.76468
-6.74755
-6.73599
-6.7253
-6.71909
-6.71297
-6.70635
-6.69727
-6.68347
-6.66497
-6.64942
-6.63397
-6.62169
-6.61315
-6.60781
-6.6028
-6.59998
-6.59368
-6.594
-6.59884
-6.61259
-6.63846
-6.67486
-6.71648
-6.76012
-6.80157
-6.837
-6.86321
-6.87931
-6.87749
-6.863
-6.83899
-6.80884
-6.77538
-6.74639
-6.7224
-6.70934
-6.70242
-6.70051
-6.69483
-6.69123
-6.68085
-6.66832
-6.65518
-6.64116
-6.62917
-6.62265
-6.62119
-6.62345
-6.62652
-6.633
-6.64787
-6.66835
-6.69708
-6.72894
-6.76182
-6.79275
-6.81678
-6.83304
-6.84083
-6.84053
-6.83333
-6.81747
-6.79553
-6.7699
-6.74268
-6.72044
-6.70031
-6.68765
-6.68035
-6.67802
-6.68199
-6.68926
-6.69757
-6.70718
-6.71313
-6.71983
-6.72613
-6.73087
-6.73551
-6.73725
-6.73677
-6.72975
-6.7235
-6.71179
-6.70311
-6.69617
-6.69345
-6.69392
-6.69594
-6.70193
-6.70603
-6.71183
-6.71595
-6.71571
-6.71158
-6.70213
-6.69355
-6.68797
-6.68229
-6.68447
-6.69369
-6.70575
-6.72112
-6.73601
-6.74864
-6.75998
-6.77079
-6.77922
-6.78457
-6.78808
-6.79185
-6.79739
-6.8019
-6.81014
-6.81558
-6.81369
-6.80806
-6.79464
-6.77567
-6.747
-6.71635
-6.68103
-6.64646
-6.61357
-6.58434
-6.56333
-6.5527
-6.55395
-6.56767
-6.59244
-6.62602
-6.66185
-6.69736
-6.72946
-6.75229
-6.76865
-6.77617
-6.77034
-6.75423
-6.73024
-6.70065
-6.66885
-6.63945
-6.61204
-6.59128
-6.58397
-6.58683
-6.60215
-6.62616
-6.65405
-6.68398
-6.709
-6.73147
-6.7474
-6.7605
-6.7635
-6.75706
-6.74474
-6.72832
-6.70988
-6.69014
-6.67669
-6.67094
-6.6726
-6.68277
-6.70015
-6.72241
-6.74671
-6.77477
-6.79916
-6.82009
-6.8366
-6.85012
-6.85604
-6.85581
-6.85342
-6.84942
-6.8391
-6.82638
-6.81056
-6.7913
-6.77197
-6.75263
-6.7381
-6.72994
-6.72607
-6.72816
-6.73202
-6.7326
-6.72644
-6.7174
-6.7051
-6.69037
-6.67582
-6.663
-6.65056
-6.64574
-6.64342
-6.65122
-6.66235
-6.67844
-6.69358
-6.70191
-6.70503
-6.70122
-6.69201
-6.68364
-6.67428
-6.66775
-6.66879
-6.67385
-6.68302
-6.69755
-6.71243
-6.72435
-6.73376
-6.73754
-6.73215
-6.72007
-6.70559
-6.68815
-6.6735
-6.66214
-6.65631
-6.65547
-6.65907
-6.66901
-6.67946
-6.68839
-6.70097
-6.70952
-6.72076
-6.73
-6.73928
-6.74677
-6.74829
-6.74962
-6.74832
-6.74716
-6.74475
-6.73824
-6.7327
-6.7274
-6.71965
-6.71527
-6.71222
-6.71281
-6.71722
-6.72277
-6.73392
-6.74342
-6.752
-6.76086
-6.76834
-6.77587
-6.78118
-6.78405
-6.78302
-6.77742
-6.76881
-6.75463
-6.73567
-6.71853
-6.70324
-6.69175
-6.6906
-6.69533
-6.70291
-6.71428
-6.72136
-6.72411
-6.71806
-6.70511
-6.68765
-6.66898
-6.65005
-6.63592
-6.62844
-6.63037
-6.6369
-6.65697
-6.68204
-6.71003
-6.73151
-6.74463
-6.74916
-6.74053
-6.72488
-6.70439
-6.68271
-6.66886
-6.66718
-6.67629
-6.69838
-6.72303
-6.74979
-6.77369
-6.79598
-6.80485
-6.8098
-6.80185
-6.78631
-6.76197
-6.73172
-6.70099
-6.67611
-6.65513
-6.64244
-6.63818
-6.63734
-6.64329
-6.65536
-6.67149
-6.69009
-6.71253
-6.73149
-6.74853
-6.75742
-6.76372
-6.76167
-6.7543
-6.74939
-6.74194
-6.73803
-6.73833
-6.73875
-6.74173
-6.74617
-6.7497
-6.75107
-6.75519
-6.7611
-6.76835
-6.77553
-6.78339
-6.79029
-6.79563
-6.79874
-6.79457
-6.78859
-6.77682
-6.76345
-6.75307
-6.74433
-6.73939
-6.73788
-6.73495
-6.7304
-6.72079
-6.70472
-6.68848
-6.66571
-6.64779
-6.63424
-6.62689
-6.62675
-6.63141
-6.64036
-6.64962
-6.66222
-6.67819
-6.69822
-6.71849
-6.73962
-6.75412
-6.75921
-6.75552
-6.74161
-6.71719
-6.69102
-6.66303
-6.639
-6.62301
-6.6161
-6.62043
-6.6311
-6.64815
-6.67231
-6.6973
-6.72317
-6.74707
-6.76344
-6.76966
-6.77175
-6.76957
-6.76189
-6.75424
-6.74212
-6.7301
-6.72336
-6.71436
-6.70977
-6.71053
-6.71987
-6.73446
-6.75426
-6.77097
-6.78303
-6.79042
-6.78887
-6.77813
-6.7644
-6.7502
-6.73745
-6.73427
-6.73753
-6.74364
-6.75091
-6.75797
-6.76515
-6.76681
-6.77526
-6.78217
-6.78631
-6.79063
-6.79248
-6.79082
-6.77955
-6.76401
-6.7393
-6.70969
-6.67471
-6.63645
-6.60062
-6.57294
-6.55433
-6.54395
-6.54637
-6.55745
-6.56964
-6.58867
-6.61107
-6.63423
-6.65254
-6.67405
-6.69388
-6.71194
-6.72884
-6.74435
-6.75956
-6.77517
-6.78833
-6.79955
-6.80524
-6.81181
-6.81353
-6.81497
-6.81475
-6.81254
-6.80639
-6.79822
-6.78895
-6.77661
-6.7631
-6.7507
-6.73892
-6.72856
-6.72101
-6.71622
-6.71526
-6.71316
-6.71181
-6.71302
-6.7163
-6.71699
-6.71818
-6.71915
-6.71862
-6.71753
-6.71427
-6.71382
-6.71345
-6.71485
-6.71768
-6.71675
-6.714
-6.71052
-6.70176
-6.69201
-6.67835
-6.66336
-6.64931
-6.6387
-6.63414
-6.63453
-6.64015
-6.64511
-6.65015
-6.65568
-6.65848
-6.6568
-6.65482
-6.64996
-6.64895
-6.64941
-6.65602
-6.67433
-6.70263
-6.73791
-6.7739
-6.80889
-6.83683
-6.85551
-6.86288
-6.85704
-6.83825
-6.81339
-6.78014
-6.74725
-6.71338
-6.68322
-6.65799
-6.64117
-6.63672
-6.64071
-6.65592
-6.67682
-6.69996
-6.72247
-6.73756
-6.74803
-6.751
-6.74514
-6.73496
-6.72142
-6.70248
-6.68621
-6.66816
-6.65181
-6.63954
-6.63154
-6.62758
-6.63055
-6.63946
-6.65314
-6.6675
-6.684
-6.69832
-6.71024
-6.71989
-6.72533
-6.72176
-6.71887
-6.71763
-6.72349
-6.73497
-6.75
-6.76697
-6.78049
-6.79072
-6.79694
-6.79874
-6.79844
-6.79571
-6.79442
-6.79277
-6.78868
-6.78237
-6.77722
-6.76848
-6.7588
-6.7419
-6.72298
-6.70597
-6.69223
-6.67897
-6.67139
-6.66318
-6.6627
-6.66551
-6.66557
-6.6651
-6.66514
-6.6664
-6.66978
-6.67367
-6.67835
-6.68577
-6.69795
-6.7127
-6.72748
-6.74308
-6.75641
-6.76742
-6.76871
-6.76059
-6.7414
-6.71707
-6.69128
-6.66591
-6.64512
-6.63212
-6.62561
-6.62869
-6.63892
-6.66009
-6.68219
-6.70945
-6.7331
-6.75411
-6.77042
-6.77875
-6.78055
-6.77741
-6.77266
-6.76205
-6.75344
-6.74272
-6.73537
-6.73158
-6.73152
-6.7401
-6.75383
-6.76377
-6.77141
-6.7713
-6.76359
-6.74895
-6.73341
-6.72606
-6.72208
-6.72255
-6.72554
-6.72462
-6.72098
-6.71817
-6.71488
-6.71722
-6.72082
-6.72872
-6.73427
-6.73943
-6.7398
-6.73533
-6.72751
-6.71536
-6.70148
-6.68232
-6.66726
-6.65161
-6.63909
-6.63181
-6.63036
-6.63515
-6.64596
-6.66108
-6.68173
-6.70699
-6.72838
-6.74654
-6.75886
-6.76137
-6.75674
-6.74471
-6.72954
-6.7075
-6.68713
-6.66873
-6.65472
-6.64372
-6.63939
-6.63662
-6.63689
-6.64006
-6.64395
-6.653
-6.66553
-6.68247
-6.70552
-6.73188
-6.75816
-6.78416
-6.8053
-6.8233
-6.83632
-6.84309
-6.8458
-6.84211
-6.83348
-6.82418
-6.81409
-6.80264
-6.78912
-6.77404
-6.75825
-6.73914
-6.71905
-6.69542
-6.66845
-6.64331
-6.62389
-6.61476
-6.61896
-6.63187
-6.65318
-6.67904
-6.70295
-6.72072
-6.73031
-6.72671
-6.71284
-6.69179
-6.66776
-6.64391
-6.62446
-6.61527
-6.61531
-6.62657
-6.64847
-6.67839
-6.71699
-6.75728
-6.79523
-6.82635
-6.84663
-6.8558
-6.85602
-6.84511
-6.82546
-6.80071
-6.7667
-6.72781
-6.69485
-6.66746
-6.65456
-6.65545
-6.67055
-6.69349
-6.72228
-6.75206
-6.77827
-6.79605
-6.79959
-6.79299
-6.7764
-6.75107
-6.72296
-6.69363
-6.66507
-6.64295
-6.62369
-6.61444
-6.61356
-6.62196
-6.63702
-6.65266
-6.66605
-6.67926
-6.68658
-6.69464
-6.70254
-6.70576
-6.7111
-6.71525
-6.71999
-6.72896
-6.7384
-6.74891
-6.75831
-6.76715
-6.77086
-6.77314
-6.77005
-6.7672
-6.75711
-6.74236
-6.72333
-6.70402
-6.68686
-6.66936
-6.65633
-6.64971
-6.64757
-6.65017
-6.65648
-6.66654
-6.67651
-6.69015
-6.70515
-6.71933
-6.73083
-6.74051
-6.746
-6.74852
-6.74734
-6.74549
-6.74115
-6.74075
-6.73971
-6.74506
-6.75535
-6.76288
-6.7689
-6.7719
-6.77493
-6.77237
-6.76591
-6.76177
-6.75598
-6.75079
-6.74589
-6.74313
-6.74434
-6.74679
-6.75106
-6.75591
-6.76021
-6.76303
-6.76566
-6.76554
-6.7646
-6.76146
-6.75588
-6.74683
-6.73832
-6.724
-6.70961
-6.69353
-6.6759
-6.65763
-6.64138
-6.62685
-6.6185
-6.6149
-6.61751
-6.6249
-6.6362
-6.65281
-6.67273
-6.69519
-6.71568
-6.73209
-6.74252
-6.74822
-6.74656
-6.73849
-6.72482
-6.70981
-6.69432
-6.68037
-6.66646
-6.65694
-6.65097
-6.64893
-6.64974
-6.65691
-6.66447
-6.67586
-6.69245
-6.70956
-6.72359
-6.73616
-6.74741
-6.75676
-6.76502
-6.76841
-6.77001
-6.76986
-6.76777
-6.76195
-6.75408
-6.74394
-6.73474
-6.72479
-6.71258
-6.70041
-6.68988
-6.68007
-6.67387
-6.67185
-6.67208
-6.67532
-6.68325
-6.69082
-6.70196
-6.71128
-6.72202
-6.73148
-6.73674
-6.74079
-6.74451
-6.74966
-6.75307
-6.75125
-6.74814
-6.74106
-6.73157
-6.71946
-6.70762
-6.69275
-6.67964
-6.66919
-6.66034
-6.6578
-6.66083
-6.66668
-6.6778
-6.69334
-6.70876
-6.72305
-6.73443
-6.74152
-6.74909
-6.75073
-6.75032
-6.75053
-6.74795
-6.74294
-6.7324
-6.72086
-6.70787
-6.69298
-6.67513
-6.66335
-6.65305
-6.64566
-6.63909
-6.6333
-6.63244
-6.64059
-6.6513
-6.67015
-6.68883
-6.70683
-6.72347
-6.73438
-6.74108
-6.74591
-6.75025
-6.75899
-6.767
-6.7792
-6.79182
-6.80213
-6.81377
-6.82644
-6.8392
-6.84811
-6.85458
-6.85762
-6.8585
-6.85609
-6.84965
-6.8395
-6.82137
-6.7988
-6.77644
-6.74831
-6.71432
-6.68021
-6.64495
-6.61447
-6.58715
-6.56563
-6.55093
-6.54369
-6.54458
-6.54982
-6.5615
-6.57942
-6.59997
-6.62199
-6.64472
-6.66314
-6.67922
-6.68484
-6.68758
-6.68434
-6.6788
-6.67718
-6.67775
-6.68423
-6.69667
-6.71149
-6.73063
-6.74776
-6.76535
-6.78373
-6.79564
-6.808
-6.81786
-6.82689
-6.83151
-6.83148
-6.83002
-6.82342
-6.81091
-6.7947
-6.77559
-6.75601
-6.73196
-6.70775
-6.68941
-6.6724
-6.6583
-6.64855
-6.64337
-6.64513
-6.64797
-6.65192
-6.65907
-6.66352
-6.66933
-6.67956
-6.68945
-6.69913
-6.7084
-6.7162
-6.72466
-6.72908
-6.73091
-6.72652
-6.72521
-6.72533
-6.72538
-6.72677
-6.73024
-6.73297
-6.74116
-6.74968
-6.75428
-6.75528
-6.76037
-6.76382
-6.76856
-6.77226
-6.77241
-6.76859
-6.76464
-6.75553
-6.7437
-6.73186
-6.71438
-6.69455
-6.67195
-6.65607
-6.6438
-6.63601
-6.63507
-6.6367
-6.64199
-6.64952
-6.65907
-6.67533
-6.69129
-6.71031
-6.73107
-6.74873
-6.76286
-6.77416
-6.77664
-6.77048
-6.7589
-6.74139
-6.7234
-6.71103
-6.70495
-6.7052
-6.71282
-6.72171
-6.72897
-6.73192
-6.72998
-6.7292
-6.72762
-6.72909
-6.7338
-6.74158
-6.74826
-6.75226
-6.75292
-6.74729
-6.73445
-6.72182
-6.71046
-6.69787
-6.68864
-6.68241
-6.68067
-6.68007
-6.68017
-6.67913
-6.67685
-6.6757
-6.67692
-6.68107
-6.6909
-6.70055
-6.71426
-6.7305
-6.74713
-6.76317
-6.78297
-6.79932
-6.80856
-6.80698
-6.80132
-6.78722
-6.76527
-6.74146
-6.71002
-6.68115
-6.65705
-6.63844
-6.63397
-6.64227
-6.65523
-6.6795
-6.7073
-6.73515
-6.76058
-6.78127
-6.79259
-6.79634
-6.78844
-6.77192
-6.74285
-6.70944
-6.67548
-6.64539
-6.62521
-6.61698
-6.62538
-6.64485
-6.6733
-6.70458
-6.73213
-6.75698
-6.77003
-6.77873
-6.77773
-6.77246
-6.76544
-6.76024
-6.75804
-6.75852
-6.7588
-6.75913
-6.75902
-6.75531
-6.74781
-6.73896
-6.72857
-6.72208
-6.71618
-6.71176
-6.707
-6.70185
-6.69582
-6.6891
-6.68248
-6.67407
-6.66974
-6.66827
-6.67367
-6.68601
-6.70454
-6.72631
-6.74736
-6.76672
-6.7851
-6.79613
-6.8037
-6.79846
-6.78564
-6.7671
-6.74543
-6.72385
-6.70639
-6.69368
-6.68694
-6.6859
-6.68947
-6.69232
-6.69899
-6.70838
-6.71628
-6.72376
-6.73244
-6.73929
-6.74341
-6.75365
-6.76439
-6.77525
-6.78093
-6.78314
-6.77753
-6.76249
-6.73923
-6.7119
-6.68255
-6.65741
-6.64068
-6.62714
-6.62196
-6.62493
-6.6353
-6.64598
-6.65929
-6.67448
-6.68662
-6.69797
-6.70821
-6.71285
-6.71767
-6.71779
-6.71225
-6.70626
-6.6938
-6.68222
-6.66671
-6.64945
-6.63698
-6.62793
-6.62825
-6.63649
-6.65587
-6.68033
-6.707
-6.73465
-6.75765
-6.776
-6.78543
-6.79084
-6.79093
-6.78543
-6.78347
-6.77506
-6.76816
-6.76313
-6.75805
-6.75699
-6.75664
-6.75625
-6.75575
-6.75439
-6.75126
-6.74502
-6.74069
-6.73491
-6.72723
-6.71965
-6.70991
-6.70065
-6.6934
-6.69401
-6.69935
-6.70764
-6.71852
-6.72594
-6.72951
-6.73085
-6.72805
-6.72141
-6.71747
-6.711
-6.704
-6.6957
-6.68546
-6.67615
-6.66966
-6.66512
-6.66758
-6.67458
-6.68745
-6.70471
-6.72056
-6.7295
-6.73428
-6.73288
-6.72289
-6.70476
-6.68266
-6.65878
-6.63839
-6.61996
-6.60975
-6.60725
-6.61503
-6.62962
-6.65221
-6.684
-6.72061
-6.75886
-6.79966
-6.83799
-6.86333
-6.87833
-6.88112
-6.87099
-6.84621
-6.81183
-6.77263
-6.73058
-6.68889
-6.65121
-6.62406
-6.60514
-6.59667
-6.59605
-6.60372
-6.61936
-6.64031
-6.66316
-6.68835
-6.71455
-6.73815
-6.76209
-6.782
-6.79778
-6.80678
-6.81421
-6.82143
-6.82408
-6.82846
-6.83066
-6.83556
-6.83679
-6.83799
-6.83107
-6.82151
-6.80544
-6.78035
-6.74786
-6.71125
-6.67706
-6.64891
-6.63224
-6.63089
-6.6438
-6.66191
-6.68425
-6.70651
-6.72608
-6.73841
-6.7458
-6.74364
-6.73277
-6.71505
-6.68759
-6.65856
-6.63511
-6.61936
-6.61525
-6.62322
-6.64072
-6.6634
-6.69117
-6.71894
-6.74467
-6.76695
-6.78726
-6.79892
-6.80143
-6.79404
-6.78028
-6.76207
-6.74208
-6.72292
-6.70537
-6.68762
-6.67475
-6.66472
-6.66109
-6.66102
-6.65973
-6.66025
-6.66231
-6.66624
-6.67322
-6.68113
-6.68906
-6.69549
-6.7025
-6.70999
-6.71547
-6.71808
-6.71757
-6.71401
-6.70662
-6.69703
-6.68684
-6.67693
-6.6711
-6.67332
-6.67879
-6.68608
-6.69632
-6.70541
-6.71741
-6.72551
-6.72928
-6.7299
-6.7241
-6.71223
-6.6958
-6.68137
-6.66875
-6.66266
-6.66659
-6.68009
-6.69304
-6.70614
-6.72044
-6.73663
-6.7488
-6.75738
-6.76321
-6.76536
-6.7639
-6.7569
-6.74738
-6.73409
-6.71837
-6.70289
-6.69072
-6.68686
-6.68922
-6.69537
-6.70807
-6.7242
-6.74443
-6.76506
-6.78348
-6.79682
-6.80636
-6.80983
-6.80677
-6.79783
-6.78692
-6.77486
-6.76863
-6.76323
-6.75737
-6.7488
-6.74008
-6.72781
-6.7116
-6.69907
-6.68971
-6.68113
-6.67308
-6.66282
-6.65097
-6.63761
-6.62377
-6.61108
-6.59962
-6.59395
-6.59672
-6.60811
-6.63089
-6.66061
-6.69836
-6.73707
-6.77342
-6.80338
-6.81893
-6.81851
-6.80426
-6.78513
-6.76038
-6.73884
-6.7239
-6.7161
-6.72134
-6.73099
-6.74614
-6.76032
-6.77344
-6.78284
-6.7904
-6.78953
-6.78429
-6.77356
-6.76204
-6.74632
-6.73165
-6.71311
-6.69333
-6.67387
-6.65644
-6.6388
-6.62846
-6.62644
-6.62839
-6.64084
-6.65879
-6.67539
-6.68841
-6.69673
-6.7024
-6.70449
-6.70392
-6.70487
-6.70686
-6.71536
-6.72803
-6.74687
-6.77146
-6.79337
-6.81272
-6.82055
-6.81968
-6.81225
-6.7946
-6.77159
-6.74548
-6.72011
-6.69738
-6.67916
-6.67037
-6.67286
-6.67944
-6.69184
-6.70778
-6.72203
-6.73425
-6.74238
-6.74714
-6.7492
-6.74768
-6.74198
-6.73285
-6.7202
-6.70365
-6.68338
-6.6638
-6.64723
-6.63341
-6.6209
-6.61569
-6.61706
-6.62082
-6.62576
-6.63274
-6.64239
-6.655
-6.66744
-6.68166
-6.70341
-6.72453
-6.74643
-6.76716
-6.78415
-6.79708
-6.80658
-6.81413
-6.81914
-6.8245
-6.825
-6.82633
-6.8264
-6.82096
-6.81308
-6.80374
-6.78749
-6.76688
-6.74698
-6.72408
-6.70451
-6.68731
-6.67478
-6.66382
-6.65424
-6.64703
-6.63766
-6.6289
-6.62306
-6.62375
-6.62725
-6.63484
-6.64385
-6.65458
-6.66371
-6.67107
-6.67732
-6.6785
-6.6807
-6.68487
-6.68923
-6.69558
-6.70672
-6.71979
-6.73377
-6.74566
-6.75494
-6.76284
-6.76565
-6.76894
-6.77132
-6.77076
-6.77077
-6.76767
-6.76221
-6.74874
-6.73258
-6.71681
-6.70529
-6.69163
-6.68556
-6.68726
-6.69485
-6.70526
-6.71467
-6.72125
-6.72295
-6.72067
-6.71446
-6.7033
-6.69047
-6.68294
-6.67604
-6.67815
-6.68554
-6.69987
-6.71821
-6.73723
-6.75637
-6.77156
-6.78001
-6.78488
-6.78921
-6.79483
-6.79506
-6.79527
-6.79545
-6.79038
-6.78253
-6.77127
-6.75476
-6.73806
-6.72043
-6.70732
-6.6957
-6.68755
-6.67971
-6.67347
-6.666
-6.66087
-6.65847
-6.65642
-6.66224
-6.66724
-6.67682
-6.68872
-6.69787
-6.70167
-6.6981
-6.68787
-6.67377
-6.65521
-6.63783
-6.62098
-6.60886
-6.60341
-6.60313
-6.60367
-6.61094
-6.62054
-6.62841
-6.63905
-6.65335
-6.66863
-6.6866
-6.7072
-6.72644
-6.74629
-6.7652
-6.78778
-6.80632
-6.82563
-6.84432
-6.85943
-6.86862
-6.87356
-6.87771
-6.87417
-6.86519
-6.85268
-6.83766
-6.82362
-6.81078
-6.79847
-6.7861
-6.77672
-6.76651
-6.75065
-6.72899
-6.70564
-6.67981
-6.65436
-6.63613
-6.62301
-6.61801
-6.61836
-6.62388
-6.63325
-6.64498
-6.65549
-6.6634
-6.66568
-6.66089
-6.65524
-6.65082
-6.65016
-6.65223
-6.65886
-6.66915
-6.68049
-6.68891
-6.69574
-6.70379
-6.713
-6.72341
-6.73672
-6.752
-6.76891
-6.78503
-6.8026
-6.81117
-6.81556
-6.81157
-6.80427
-6.79206
-6.77717
-6.76296
-6.75027
-6.73761
-6.72652
-6.72132
-6.71634
-6.71441
-6.71173
-6.70584
-6.69777
-6.69029
-6.68225
-6.67434
-6.66732
-6.66014
-6.65791
-6.65819
-6.66621
-6.68031
-6.69466
-6.71289
-6.72869
-6.73967
-6.74216
-6.74064
-6.73101
-6.71683
-6.70019
-6.6844
-6.67018
-6.66181
-6.66091
-6.66522
-6.6823
-6.70264
-6.72365
-6.74549
-6.76309
-6.77621
-6.78249
-6.77896
-6.76835
-6.75332
-6.73482
-6.71694
-6.6969
-6.68018
-6.66545
-6.65599
-6.6554
-6.6602
-6.66947
-6.68586
-6.70243
-6.71806
-6.72633
-6.73072
-6.72915
-6.71468
-6.69442
-6.6678
-6.63924
-6.61397
-6.59639
-6.58786
-6.59554
-6.61969
-6.65657
-6.70106
-6.75058
-6.79724
-6.83564
-6.8623
-6.87863
-6.88047
-6.87244
-6.85466
