0.793271
0.770445
0.732688
0.681657
0.619519
0.549364
0.475208
0.401784
0.33416
0.277106
0.234349
0.207901
0.197782
0.202139
0.217749
0.240718
0.267118
0.293482
0.317096
0.336085
0.349423
0.356856
0.358745
0.355925
0.349591
0.341138
0.332052
0.323805
0.31776
0.315109
0.316769
0.323349
0.335017
0.351471
0.371895
0.394992
0.419177
0.44268
0.46384
0.48125
0.493911
0.501256
0.50324
0.500229
0.492994
0.482585
0.470148
0.456828
0.44365
0.431347
0.420387
0.410982
0.403159
0.396833
0.3919
0.388327
0.386129
0.385406
0.386283
0.388823
0.39297
0.398528
0.405119
0.412228
0.419248
0.425622
0.430934
0.43495
0.437589
0.438917
0.439073
0.438192
0.436445
0.433981
0.430959
0.427526
0.423889
0.420237
0.416732
0.413583
0.410977
0.409026
0.407868
0.407572
0.408184
0.409589
0.41149
0.41337
0.414607
0.41455
0.412668
0.408665
0.402604
0.394912
0.386299
0.377722
0.37013
0.364314
0.360779
0.359647
0.360726
0.36357
0.367557
0.371995
0.376218
0.379616
0.381698
0.382113
0.380786
0.377904
0.373952
0.369667
0.365977
0.363862
0.364211
0.367686
0.374553
0.384688
0.397569
0.412375
0.428098
0.443656
0.458037
0.470307
0.479772
0.485941
0.488516
0.487479
0.483047
0.475618
0.465818
0.454413
0.442314
0.430476
0.419847
0.411289
0.405426
0.402568
0.402505
0.404502
0.407538
0.410551
0.412778
0.413752
0.413315
0.411559
0.408631
0.404725
0.400067
0.394891
0.389496
0.384233
0.379496
0.375688
0.373181
0.372306
0.373329
0.376423
0.381594
0.388554
0.396648
0.404885
0.412139
0.417409
0.420034
0.419822
0.417088
0.412531
0.406994
0.401276
0.395937
0.391259
0.387384
0.384408
0.382557
0.382204
0.383759
0.387494
0.393385
0.401161
0.410336
0.420256
0.430259
0.439667
0.447812
0.454174
0.458284
0.459833
0.458716
0.455026
0.44907
0.441373
0.432619
0.423571
0.415064
0.407885
0.40264
0.399691
0.399078
0.400554
0.403633
0.407667
0.411997
0.416084
0.419498
0.421977
0.423393
0.423773
0.423233
0.421939
0.420149
0.418076
0.415824
0.413423
0.41079
0.407869
0.404654
0.401203
0.397666
0.394233
0.391067
0.388304
0.386054
0.3844
0.38339
0.383093
0.383588
0.384929
0.387165
0.390301
0.394184
0.39854
0.402977
0.406967
0.409979
0.411597
0.41156
0.409869
0.406785
0.40274
0.398269
0.39382
0.389752
0.386256
0.383352
0.380968
0.379042
0.377582
0.376657
0.376395
0.376905
0.378236
0.380328
0.383005
0.38608
0.389368
0.392758
0.396279
0.400068
0.404245
0.408888
0.414004
0.419541
0.425436
0.431668
0.438177
0.44484
0.451441
0.45764
0.46301
0.467154
0.469716
0.470452
0.469299
0.466303
0.461635
0.45555
0.448309
0.440146
0.431284
0.422005
0.412614
0.403462
0.394954
0.387568
0.381793
0.378084
0.376742
0.377821
0.381044
0.385793
0.391148
0.396079
0.39959
0.400936
0.399769
0.396216
0.390893
0.384812
0.379228
0.790476
0.773309
0.750932
0.725836
0.700599
0.677533
0.658405
0.644017
0.634262
0.628267
0.624707
0.622072
0.618961
0.614152
0.606766
0.596387
0.583202
0.568076
0.552577
0.53864
0.528159
0.522597
0.522587
0.527975
0.538056
0.551864
0.568432
0.586719
0.605503
0.623354
0.638755
0.650442
0.657644
0.660301
0.658971
0.654598
0.648361
0.641391
0.634593
0.628646
0.623899
0.620515
0.618492
0.617894
0.618918
0.621669
0.626187
0.632284
0.639465
0.64703
0.654204
0.660247
0.664569
0.666794
0.666799
0.664651
0.660534
0.65461
0.647011
0.637943
0.627699
0.616808
0.606009
0.596343
0.589061
0.585385
0.586109
0.591243
0.599953
0.61077
0.622081
0.63257
0.641414
0.648367
0.65356
0.657306
0.659918
0.661649
0.662647
0.663022
0.662792
0.661834
0.659813
0.656242
0.650612
0.642604
0.632327
0.620482
0.608353
0.597605
0.589807
0.585876
0.585903
0.589201
0.594712
0.601476
0.608882
0.616529
0.624062
0.631076
0.637098
0.641793
0.644905
0.646306
0.645946
0.643825
0.640115
0.635214
0.629751
0.624551
0.62059
0.618861
0.620308
0.625528
0.634534
0.646428
0.659563
0.671811
0.681146
0.686205
0.686512
0.682349
0.674536
0.664158
0.652265
0.639866
0.62787
0.617096
0.608295
0.60201
0.598462
0.597421
0.598274
0.600201
0.602506
0.604828
0.607144
0.609719
0.612965
0.617257
0.622655
0.628852
0.635021
0.64009
0.643027
0.643201
0.640548
0.635678
0.629847
0.624562
0.621204
0.620647
0.623105
0.628131
0.634716
0.641542
0.647248
0.650903
0.65209
0.65059
0.646071
0.638264
0.627491
0.614912
0.602211
0.591168
0.583315
0.579831
0.581326
0.587691
0.598043
0.61094
0.624806
0.638321
0.650456
0.660411
0.667585
0.671517
0.672078
0.669619
0.665025
0.659583
0.654745
0.651828
0.651684
0.654458
0.65949
0.665576
0.671281
0.675345
0.676786
0.675113
0.670325
0.662763
0.653045
0.641966
0.63042
0.619488
0.610383
0.604221
0.601752
0.60311
0.607814
0.614847
0.622851
0.630299
0.635811
0.638472
0.638111
0.635263
0.630994
0.626487
0.622705
0.620185
0.618808
0.617879
0.616371
0.613241
0.607959
0.600689
0.592257
0.584007
0.5774
0.573571
0.57316
0.576298
0.582628
0.591407
0.601761
0.612965
0.6245
0.636054
0.64744
0.658401
0.66853
0.677257
0.683943
0.687969
0.688769
0.685926
0.679249
0.668978
0.655964
0.641621
0.627771
0.616153
0.608078
0.604013
0.603619
0.606153
0.610745
0.616688
0.623664
0.631678
0.640934
0.651543
0.663288
0.675327
0.686332
0.694725
0.699049
0.698305
0.69217
0.681248
0.666941
0.651287
0.636635
0.625028
0.617458
0.613654
0.61222
0.611295
0.609138
0.604715
0.597957
0.589682
0.581293
0.574343
0.569891
0.568144
0.568586
0.570419
0.573066
0.576443
0.580966
0.587302
0.596061
0.607419
0.621068
0.636151
0.651472
0.665688
0.677541
0.686082
0.690865
0.691915
0.689695
0.684962
0.678734
0.672134
0.793395
0.785265
0.777133
0.770086
0.764786
0.761086
0.758017
0.754171
0.748292
0.739784
0.728848
0.716182
0.702634
0.688941
0.67551
0.662685
0.650975
0.641082
0.633675
0.628976
0.626599
0.625677
0.625262
0.624703
0.62379
0.622705
0.621946
0.622114
0.623729
0.627101
0.632261
0.639004
0.647068
0.65634
0.667033
0.679601
0.694404
0.711178
0.72885
0.745626
0.759579
0.769325
0.774338
0.77485
0.77149
0.764901
0.755764
0.745035
0.734294
0.725629
0.721277
0.722711
0.729862
0.740838
0.752378
0.760803
0.763062
0.757534
0.74426
0.724772
0.701653
0.677917
0.656438
0.639431
0.628347
0.623832
0.625807
0.633656
0.646226
0.661876
0.678559
0.693988
0.706024
0.713085
0.71451
0.710649
0.702725
0.692306
0.680836
0.669401
0.658851
0.649946
0.643442
0.639899
0.63954
0.6422
0.647462
0.654862
0.664159
0.675368
0.688586
0.703609
0.719615
0.735103
0.748054
0.756374
0.758516
0.754028
0.743716
0.72962
0.714523
0.701231
0.691911
0.687563
0.687973
0.692365
0.700078
0.711109
0.725559
0.742302
0.758267
0.769179
0.771406
0.763501
0.746517
0.723352
0.697538
0.672032
0.648627
0.628142
0.610946
0.597423
0.588201
0.584084
0.585959
0.594421
0.609579
0.630969
0.657431
0.687162
0.717994
0.747685
0.774232
0.796079
0.812037
0.821392
0.823801
0.819469
0.809301
0.794875
0.7782
0.761182
0.745184
0.730792
0.71798
0.706425
0.695826
0.685887
0.676338
0.666973
0.657823
0.64912
0.641323
0.634983
0.630603
0.628546
0.629043
0.632212
0.638016
0.64626
0.656545
0.668201
0.680452
0.692426
0.703265
0.712208
0.718582
0.721985
0.722307
0.719866
0.715417
0.710033
0.704978
0.701575
0.700952
0.703898
0.710597
0.720538
0.732337
0.743978
0.753057
0.757275
0.75495
0.745452
0.729481
0.709017
0.686816
0.66573
0.64812
0.635472
0.628385
0.626757
0.630035
0.637549
0.648682
0.662837
0.679133
0.696123
0.712028
0.725291
0.735124
0.741798
0.746476
0.750738
0.755895
0.762516
0.7702
0.777624
0.782868
0.784023
0.779622
0.768886
0.751976
0.73
0.705048
0.679834
0.657176
0.639403
0.62789
0.62315
0.624965
0.632555
0.644628
0.6595
0.675344
0.690561
0.703858
0.714279
0.721037
0.723503
0.721324
0.714613
0.704085
0.691105
0.67753
0.665309
0.65592
0.650069
0.647558
0.647522
0.648865
0.650739
0.652834
0.655399
0.658983
0.664103
0.670877
0.679123
0.688558
0.698985
0.710351
0.722601
0.735602
0.748963
0.761961
0.773661
0.782964
0.788723
0.789831
0.785495
0.77543
0.760054
0.740653
0.71928
0.69868
0.681832
0.671044
0.667066
0.668808
0.673936
0.680097
0.685809
0.690601
0.694691
0.698415
0.701853
0.704646
0.706146
0.705622
0.702481
0.696466
0.687842
0.677536
0.667078
0.658319
0.652935
0.651839
0.654842
0.660772
0.667954
0.674771
0.680071
0.683389
0.684937
0.685368
0.685377
0.685393
0.685454
0.685383
0.685116
0.79937
0.796459
0.7925
0.788862
0.786572
0.786031
0.786844
0.787823
0.787434
0.784345
0.777883
0.768293
0.75658
0.744268
0.733236
0.725504
0.723085
0.727652
0.739756
0.758192
0.779952
0.801013
0.817562
0.82708
0.828742
0.823119
0.811773
0.796744
0.780061
0.76352
0.74864
0.736747
0.72911
0.726718
0.730018
0.738732
0.751862
0.767825
0.78469
0.8005
0.813491
0.822483
0.826903
0.826639
0.821753
0.812284
0.798274
0.780122
0.758832
0.736131
0.714238
0.695381
0.681301
0.672852
0.669959
0.671671
0.676591
0.683274
0.690453
0.697115
0.70268
0.707036
0.710564
0.714139
0.719028
0.726615
0.737911
0.753021
0.770735
0.788673
0.803845
0.81372
0.816881
0.813378
0.804742
0.793605
0.783212
0.776508
0.775231
0.779237
0.786644
0.794661
0.800565
0.802674
0.800577
0.794901
0.786769
0.777196
0.766866
0.756178
0.745471
0.735278
0.72651
0.720322
0.717664
0.718804
0.723149
0.729522
0.736667
0.743595
0.749618
0.754179
0.756834
0.757392
0.756252
0.75433
0.752863
0.752965
0.755299
0.760108
0.767383
0.776931
0.788298
0.80067
0.812698
0.822694
0.829028
0.830609
0.827109
0.818861
0.806781
0.792248
0.776819
0.762044
0.749309
0.739582
0.733225
0.730154
0.729986
0.732183
0.736016
0.740577
0.744721
0.747116
0.746616
0.742603
0.735209
0.725391
0.714899
0.705867
0.700297
0.699518
0.704033
0.713572
0.727317
0.744141
0.762505
0.780586
0.796407
0.808258
0.815195
0.817408
0.816072
0.812735
0.808426
0.803485
0.797935
0.792207
0.787305
0.784386
0.784164
0.786271
0.788911
0.789417
0.785446
0.775886
0.761313
0.743518
0.725133
0.708919
0.69743
0.692538
0.695084
0.704646
0.719465
0.736639
0.75283
0.765068
0.771358
0.771077
0.764925
0.7548
0.743445
0.733831
0.7285
0.729172
0.736474
0.749963
0.768233
0.789182
0.810242
0.828885
0.842966
0.851058
0.852435
0.847068
0.835407
0.818202
0.796409
0.77114
0.743773
0.716144
0.690677
0.670146
0.657124
0.653213
0.658434
0.67124
0.689076
0.70914
0.729062
0.747137
0.762463
0.774859
0.784645
0.792111
0.797128
0.799098
0.797184
0.790849
0.780166
0.765928
0.749655
0.733637
0.720619
0.713242
0.713272
0.721276
0.736604
0.757772
0.782611
0.808386
0.83201
0.850442
0.861221
0.862837
0.854857
0.837977
0.813901
0.785148
0.755016
0.72755
0.707095
0.6969
0.697536
0.706698
0.720566
0.735606
0.749367
0.760517
0.768503
0.773281
0.77524
0.775001
0.773258
0.770765
0.768213
0.766054
0.76456
0.763794
0.763704
0.764217
0.765268
0.766684
0.768176
0.769303
0.769491
0.768164
0.764768
0.759032
0.751023
0.741273
0.730806
0.721023
0.713353
0.70895
0.70832
0.711121
0.716287
0.722359
0.727958
0.732216
0.73496
0.736548
0.73782
0.73983
0.743663
0.750088
0.759414
0.771266
0.784576
0.797772
0.809179
0.81736
0.82155
0.821802
0.81885
0.813913
0.808193
0.802594
0.795961
0.791522
0.785979
0.778611
0.769269
0.758381
0.746829
0.73551
0.725178
0.716516
0.710382
0.707711
0.709109
0.714426
0.722509
0.731572
0.739744
0.74558
0.748361
0.74815
0.745842
0.743045
0.741722
0.743381
0.748365
0.755723
0.763814
0.771026
0.776297
0.779191
0.779718
0.778008
0.774234
0.76866
0.761942
0.755443
0.750935
0.749745
0.752064
0.757244
0.76449
0.773033
0.781727
0.788964
0.793077
0.792841
0.787791
0.778112
0.764784
0.750011
0.737516
0.731155
0.732182
0.738112
0.744875
0.749357
0.750479
0.748811
0.745949
0.743747
0.743746
0.746635
0.752091
0.758638
0.764147
0.766652
0.765286
0.760714
0.754855
0.750031
0.748165
0.75013
0.755532
0.763024
0.770857
0.777346
0.781294
0.782153
0.780116
0.77609
0.771438
0.767625
0.765697
0.765801
0.767077
0.767987
0.767126
0.76369
0.757291
0.747677
0.734807
0.719355
0.703092
0.688736
0.679363
0.677601
0.684852
0.700871
0.723705
0.750214
0.776863
0.800652
0.819639
0.833045
0.84095
0.844082
0.843486
0.840313
0.835725
0.830536
0.824903
0.818165
0.809012
0.79602
0.778511
0.757389
0.73545
0.716648
0.704235
0.699218
0.700431
0.705964
0.714304
0.724514
0.735966
0.747975
0.759707
0.770102
0.777957
0.782185
0.782224
0.778505
0.772566
0.76659
0.762362
0.760159
0.758733
0.756207
0.751506
0.745141
0.739111
0.736033
0.737988
0.745637
0.757912
0.772511
0.786834
0.798726
0.806921
0.810956
0.810905
0.80713
0.800298
0.791393
0.781537
0.771713
0.762512
0.753917
0.745416
0.736429
0.726704
0.716607
0.70724
0.70018
0.697045
0.698826
0.70549
0.716139
0.729216
0.742997
0.756065
0.767485
0.776925
0.784436
0.790127
0.794097
0.796269
0.796418
0.794243
0.78958
0.782486
0.77342
0.763122
0.752395
0.741955
0.732267
0.723602
0.716244
0.710685
0.707704
0.708026
0.711806
0.718371
0.726428
0.734602
0.741799
0.747337
0.750947
0.752675
0.752819
0.751849
0.750304
0.748711
0.747529
0.747268
0.74839
0.751158
0.75547
0.760837
0.766418
0.771333
0.774707
0.775862
0.774421
0.770294
0.763812
0.755603
0.74666
0.738268
0.731741
0.728063
0.727606
0.729908
0.733741
0.737529
0.739978
0.740831
0.741108
0.742808
0.747963
0.757644
0.771409
0.787497
0.803369
0.81642
0.824602
0.82675
0.822733
0.813399
0.800366
0.78564
0.771136
0.758401
0.748336
0.741197
0.736629
0.733857
0.73195
0.730195
0.728373
0.726709
0.725688
0.725947
0.728124
0.73268
0.739682
0.748681
0.758897
0.769555
0.780174
0.79044
0.799779
0.807091
0.811249
0.811829
0.809289
0.804373
0.797518
0.788947
0.779151
0.768945
0.759165
0.75029
0.74223
0.734586
0.726975
0.719215
0.71155
0.704717
0.699678
0.697385
0.69846
0.703216
0.711796
0.724212
0.740293
0.759571
0.781312
0.804302
0.826922
0.847344
0.863695
0.87449
0.878809
0.876394
0.867679
0.853566
0.835309
0.814262
0.791857
0.769592
0.748848
0.730946
0.716948
0.707582
0.703146
0.70331
0.707238
0.713705
0.721374
0.728931
0.735221
0.739412
0.741074
0.740252
0.737426
0.733382
0.728923
0.724553
0.720383
0.716127
0.711394
0.705941
0.699975
0.694367
0.690509
0.689995
0.694021
0.70304
0.716656
0.733884
0.753389
0.773652
0.793016
0.809827
0.822555
0.83004
0.831756
0.827945
0.819848
0.809434
0.798914
0.790164
0.784213
0.781137
0.780555
0.781933
0.784752
0.78846
0.792434
0.79606
0.798693
0.799687
0.798369
0.794046
0.786331
0.775329
0.761827
0.747215
0.733182
0.72132
0.712935
0.708852
0.709317
0.713957
0.721692
0.730875
0.739595
0.746155
0.749681
0.750547
0.75057
0.752285
0.757624
0.766505
0.776743
0.785094
0.788846
0.786804
0.779379
0.768145
0.755049
0.741799
0.729589
0.719088
0.710655
0.704412
0.700386
0.698519
0.698757
0.701091
0.705477
0.711639
0.718908
0.726284
0.732668
0.737243
0.739902
0.741189
0.742095
0.743584
0.746392
0.75091
0.757139
0.764767
0.773235
0.781887
0.789987
0.796861
0.802024
0.805297
0.806977
0.807714
0.808446
0.809968
0.812546
0.815743
0.818359
0.818857
0.815828
0.808494
0.796772
0.781139
0.762559
0.742307
0.721986
0.703537
0.689019
0.680157
0.678034
0.682782
0.693504
0.708509
0.725765
0.743315
0.759745
0.77408
0.78556
0.793499
0.797173
0.796145
0.790521
0.781106
0.769451
0.757676
0.748088
0.742627
0.742351
0.747226
0.756224
0.767748
0.780089
0.791816
0.801924
0.809756
0.814858
0.816868
0.815538
0.810927
0.803636
0.79477
0.785728
0.777871
0.772065
0.768589
0.767113
0.767011
0.767426
0.767443
0.766152
0.762692
0.756487
0.747429
0.736023
0.723299
0.710653
0.699472
0.690936
0.685844
0.684376
0.686101
0.690164
0.695588
0.701593
0.707885
0.714439
0.721258
0.728229
0.734996
0.741088
0.746271
0.750837
0.755476
0.760929
0.767665
0.775589
0.784177
0.792567
0.799772
0.804897
0.807222
0.806313
0.802202
0.795304
0.786542
0.777305
0.769214
0.763457
0.760338
0.759163
0.758591
0.757101
0.753566
0.747569
0.739382
0.729866
0.720224
0.711812
0.705859
0.703292
0.704632
0.709884
0.71861
0.730071
0.743407
0.757695
0.77196
0.785156
0.796227
0.804259
0.808694
0.809455
0.806825
0.801227
0.79322
0.783347
0.772164
0.760167
0.747929
0.736021
0.725056
0.715674
0.708531
0.704236
0.703241
0.705672
0.7111
0.718607
0.727009
0.735126
0.742148
0.747798
0.752208
0.755617
0.758169
0.759717
0.760063
0.759131
0.757205
0.754997
0.753503
0.75366
0.756108
0.761009
0.767831
0.775582
0.783043
0.789014
0.792374
0.792364
0.788602
0.781329
0.771476
0.76056
0.750322
0.742293
0.737349
0.735537
0.736143
0.738008
0.739878
0.740811
0.740456
0.739196
0.738052
0.738263
0.740856
0.746345
0.754748
0.765505
0.777538
0.789144
0.798186
0.802641
0.801026
0.792762
0.778257
0.75898
0.737505
0.717044
0.700776
0.690876
0.688094
0.691908
0.701043
0.714021
0.729341
0.745535
0.761271
0.775282
0.786491
0.79414
0.797852
0.797617
0.793799
0.786991
0.778055
0.768055
0.758065
0.748988
0.741393
0.735577
0.731541
0.729129
0.728031
0.727854
0.728207
0.728691
0.728944
0.728702
0.727989
0.727341
0.727999
0.731525
0.739108
0.751064
0.766428
0.783157
0.798384
0.809148
0.81304
0.808954
0.797614
0.781781
0.765573
0.752673
0.744271
0.738866
0.733953
0.728201
0.722074
0.717224
0.715401
0.717693
0.724352
0.735015
0.749004
0.765341
0.782798
0.800011
0.815685
0.828709
0.838329
0.844127
0.846035
0.844205
0.839026
0.831063
0.820951
0.80913
0.795674
0.780285
0.762497
0.742057
0.719413
0.69587
0.673607
0.655366
0.643933
0.641404
0.648534
0.664525
0.687175
0.713342
0.739661
0.763071
0.781187
0.792558
0.796723
0.794293
0.786773
0.776205
0.76473
0.75427
0.746328
0.741882
0.741276
0.744207
0.749655
0.756406
0.763537
0.77089
0.779107
0.789085
0.800972
0.813401
0.82374
0.829042
0.827286
0.817799
0.801215
0.779132
0.753841
0.728007
0.704221
0.684515
0.670104
0.661362
0.658129
0.659891
0.665858
0.67503
0.686498
0.699608
0.713733
0.728091
0.741605
0.753186
0.762115
0.768475
0.773262
0.77807
0.784424
0.793175
0.804007
0.815624
0.826346
0.834705
0.839819
0.841397
0.839668
0.8353
0.829166
0.822233
0.815173
0.808209
0.800995
0.792974
0.78351
0.772238
0.759135
0.74466
0.729814
0.716041
0.704866
0.697368
0.693814
0.693594
0.695652
0.69905
0.703311
0.708481
0.714843
0.722626
0.731794
0.741874
0.752045
0.761492
0.769624
0.776216
0.781504
0.786095
0.790721
0.795898
0.801531
0.806792
0.810308
0.810722
0.807292
0.800123
0.790038
0.778292
0.766392
0.755976
0.748476
0.744492
0.743465
0.743781
0.743463
0.740927
0.735559
0.727972
0.719875
0.713615
0.711372
0.714348
0.722324
0.733858
0.747004
0.759893
0.771109
0.779809
0.785661
0.78861
0.788814
0.786485
0.78186
0.775192
0.766973
0.758195
0.750482
0.745673
0.744873
0.747762
0.752762
0.757925
0.76179
0.763725
0.763789
0.762422
0.760218
0.757844
0.755907
0.754923
0.75523
0.75673
0.758867
0.760625
0.760906
0.758945
0.754609
0.748508
0.741817
0.73562
0.730398
0.725846
0.721195
0.715916
0.710193
0.705085
0.702398
0.704167
0.711886
0.725745
0.744385
0.765252
0.785379
0.802183
0.813902
0.819765
0.820046
0.815874
0.808794
0.800454
0.792188
0.784891
0.779012
0.774555
0.771202
0.768506
0.766273
0.76454
0.763445
0.763143
0.763692
0.764948
0.766467
0.767501
0.766952
0.763775
0.757379
0.748079
0.737375
0.727606
0.721259
0.719999
0.724069
0.732212
0.742218
0.751599
0.758208
0.760641
0.758252
0.751195
0.740472
0.727971
0.716333
0.708371
0.706216
0.710437
0.720012
0.732748
0.74623
0.758427
0.768175
0.775142
0.779808
0.783133
0.786277
0.790319
0.795823
0.802452
0.808969
0.813632
0.814726
0.811102
0.802484
0.789652
0.774587
0.760237
0.74987
0.745746
0.748047
0.754895
0.763536
0.771553
0.777357
0.780469
0.781332
0.781017
0.780793
0.781677
0.784137
0.787891
0.791965
0.795056
0.795857
0.793586
0.788428
0.781488
0.774314
0.768238
0.763862
0.7609
0.758613
0.756109
0.752528
0.747055
0.738988
0.728143
0.715092
0.701323
0.688941
0.680145
0.676755
0.679787
0.689289
0.70441
0.723564
0.744754
0.76593
0.785337
0.801578
0.813735
0.821267
0.82399
0.822155
0.816427
0.807889
0.797973
0.78825
0.780098
0.774376
0.771114
0.76969
0.769111
0.768584
0.767533
0.76538
0.761377
0.754927
0.746155
0.736451
0.728312
0.724514
0.726891
0.7353
0.74763
0.760746
0.7716
0.777956
0.778603
0.773401
0.763066
0.749062
0.733621
0.719609
0.709799
0.705727
0.706881
0.711149
0.716182
0.720639
0.724455
0.728522
0.734148
0.742387
0.753511
0.766716
0.78031
0.792053
0.799794
0.802093
0.798742
0.791014
0.781136
0.771422
0.763496
0.758221
0.755882
0.756245
0.75854
0.761718
0.764977
0.768117
0.771248
0.773941
0.774994
0.772972
0.767459
0.759749
0.752487
0.748401
0.748887
0.753236
0.759219
0.764377
0.767212
0.767537
0.76637
0.765314
0.76568
0.767816
0.770881
0.773282
0.773414
0.770426
0.764525
0.757033
0.750094
0.746142
0.747257
0.754398
0.766657
0.781196
0.794087
0.801595
0.801338
0.792685
0.77663
0.755412
0.732235
0.710939
0.695461
0.689042
0.693089
0.706452
0.725696
0.746121
0.763037
0.772698
0.773073
0.764225
0.748356
0.729409
0.712252
0.701493
0.700287
0.709253
0.726309
0.747653
0.769518
0.789255
0.805642
0.818435
0.827931
0.834492
0.838434
0.839908
0.838891
0.835343
0.829294
0.820872
0.810222
0.797668
0.783656
0.768827
0.753925
0.739745
0.727111
0.716828
0.709662
0.706259
0.706854
0.711069
0.71805
0.726551
0.73539
0.743601
0.750659
0.756482
0.761164
0.764705
0.766778
0.766889
0.76473
0.760598
0.75552
0.750919
0.748022
0.747371
0.748699
0.751086
0.753398
0.754824
0.755203
0.755062
0.75543
0.757394
0.76149
0.767374
0.773752
0.778777
0.780622
0.777983
0.770391
0.758208
0.742642
0.725484
0.708904
0.695033
0.68547
0.680951
0.681349
0.685914
0.693621
0.703518
0.714856
0.726906
0.73873
0.749046
0.756394
0.759648
0.758375
0.753123
0.745381
0.736956
0.729128
0.722338
0.716545
0.712047
0.710112
0.712645
0.720756
0.733847
0.749668
0.765403
0.779017
0.789763
0.797889
0.803995
0.808473
0.811458
0.813001
0.813212
0.812274
0.810206
0.806547
0.800532
0.791291
0.778439
0.762343
0.744126
0.725481
0.708312
0.694407
0.685235
0.681679
0.683866
0.691214
0.702806
0.717804
0.735738
0.756293
0.77877
0.801795
0.823402
0.841518
0.854502
0.861406
0.861949
0.856566
0.846275
0.832564
0.817185
0.801846
0.787963
0.77649
0.767843
0.761978
0.758316
0.755726
0.752541
0.747196
0.738934
0.728269
0.716803
0.706328
0.697918
0.691611
0.686852
0.683017
0.679775
0.677393
0.676895
0.680077
0.688821
0.7043
0.726267
0.753023
0.781854
0.809746
0.833877
0.851856
0.861939
0.863138
0.855597
0.84064
0.82085
0.799579
0.780137
0.764937
0.754865
0.749244
0.74631
0.743875
0.740161
0.734319
0.726551
0.717814
0.709439
0.702552
0.697765
0.695268
0.695036
0.697246
0.702506
0.711754
0.725594
0.743732
0.764792
0.786556
0.806607
0.822877
0.834048
0.839591
0.839513
0.834131
0.824
0.809921
0.793216
0.775691
0.759351
0.74599
0.736691
0.73163
0.730384
0.732133
0.735957
0.740989
0.746516
0.752012
0.757169
0.761856
0.765945
0.769152
0.770926
0.770625
0.767909
0.76305
0.757021
0.751145
0.746568
0.743904
0.74317
0.744145
0.746512
0.749833
0.753312
0.755793
0.756113
0.75364
0.748624
0.742291
0.736651
0.733792
0.735027
0.74038
0.748649
0.758201
0.767742
0.776672
0.784759
0.791676
0.797029
0.800741
0.803361
0.805834
0.809001
0.813029
0.817266
0.820435
0.821019
0.817712
0.809683
0.796845
0.779826
0.759647
0.737523
0.71469
0.692596
0.672974
0.657951
0.64966
0.649626
0.65817
0.674249
0.69561
0.719413
0.742828
0.76353
0.779709
0.790156
0.79412
0.791331
0.782066
0.767204
0.748222
0.727112
0.706268
0.688225
0.675283
0.669218
0.67098
0.680287
0.695604
0.714431
0.734016
0.75203
0.766942
0.777973
0.784769
0.787022
0.784507
0.777366
0.766493
0.753631
0.741156
0.731565
0.726755
0.727705
0.734376
0.74596
0.761177
0.778357
0.795822
0.812061
0.825877
0.836561
0.843956
0.848202
0.84961
0.84848
0.844963
0.839171
0.831127
0.820988
0.809149
0.796309
0.783728
0.773288
0.766749
0.764637
0.765636
0.767209
0.767182
0.764448
0.758895
0.751092
0.741811
0.731902
0.722386
0.714506
0.709629
0.708921
0.712813
0.720581
0.730369
0.739769
0.74654
0.749277
0.74777
0.742957
0.736564
0.730606
0.726826
0.7263
0.72933
0.735588
0.744236
0.753926
0.762911
0.769321
0.771657
0.769196
0.762188
0.7519
0.740292
0.729471
0.721337
0.717034
0.716929
0.720523
0.72674
0.734293
0.742002
0.749167
0.755582
0.761398
0.766748
0.771495
0.775316
0.777774
0.77861
0.777884
0.77592
0.773086
0.769661
0.765791
0.761621
0.757502
0.754044
0.752033
0.752182
0.754871
0.759882
0.766549
0.773939
0.78122
0.787852
0.793582
0.798287
0.801745
0.803632
0.803404
0.800408
0.794148
0.784565
0.772526
0.759752
0.748612
0.741343
0.739185
0.741913
0.748043
0.755225
0.760872
0.762927
0.760251
0.7529
0.741967
0.729166
0.716615
0.706419
0.700486
0.700278
0.706572
0.718984
0.735645
0.753511
0.769102
0.779369
0.782318
0.777333
0.765506
0.749849
0.734665
0.724324
0.721713
0.727435
0.740085
0.757104
0.775593
0.792859
0.806656
0.815313
0.817755
0.813552
0.802927
0.786928
0.767596
0.747843
0.730655
0.717913
0.70988
0.705819
0.705142
0.70789
0.714277
0.724265
0.737096
0.751358
0.765218
0.776888
0.784953
0.788721
0.788374
0.78497
0.780226
0.775803
0.772803
0.77155
0.771715
0.772773
0.774385
0.776476
0.779062
0.78219
0.785863
0.790003
0.794543
0.799339
0.803989
0.807701
0.809387
0.808209
0.804064
0.797668
0.790293
0.783269
0.777689
0.774002
0.771816
0.769923
0.76668
0.760608
0.751092
0.738741
0.725283
0.7129
0.703489
0.698161
0.697026
0.699406
0.704308
0.710974
0.719205
0.729411
0.741897
0.755989
0.769626
0.779984
0.784682
0.782486
0.77361
0.75947
0.742202
0.724322
0.708409
0.696781
0.691095
0.692028
0.699216
0.711462
0.727111
0.744361
0.761311
0.776047
0.786974
0.793126
0.794533
0.792094
0.787151
0.780848
0.77389
0.766733
0.759992
0.754654
0.75191
0.75287
0.758038
0.767013
0.778363
0.789839
0.798899
0.803488
0.802573
0.7965
0.787101
0.777287
0.770119
0.767336
0.768539
0.77205
0.776241
0.780327
0.784247
0.788345
0.792854
0.797671
0.802226
0.805698
0.80718
0.805758
0.800611
0.790947
0.776275
0.756762
0.733504
0.708471
0.68433
0.664049
0.650062
0.643484
0.643835
0.649496
0.658648
0.670068
0.683136
0.697405
0.712199
0.726619
0.739964
0.752114
0.763428
0.774434
0.785252
0.79553
0.804664
0.812115
0.817617
0.821299
0.823446
0.82431
0.823871
0.821916
0.818214
0.81273
0.805608
0.797261
0.788285
0.779326
0.77114
0.76448
0.759875
0.757357
0.756385
0.756229
0.756393
0.756745
0.757388
0.758271
0.759094
0.759387
0.758895
0.757774
0.756455
0.755452
0.755126
0.755563
0.756371
0.756898
0.756304
0.753779
0.74884
0.74148
0.732286
0.722483
0.713594
0.707082
0.703901
0.704077
0.706776
0.710681
0.714533
0.717481
0.719062
0.719166
0.71795
0.716024
0.714571
0.715397
0.720565
0.731696
0.749115
0.771424
0.795818
0.819008
0.837974
0.850507
0.855359
0.852243
0.841695
0.825
0.804011
0.780885
0.757759
0.736688
0.719589
0.708161
0.703613
0.706232
0.715176
0.728577
0.743956
0.758717
0.770665
0.77834
0.78104
0.778881
0.772658
0.763439
0.752433
0.74074
0.729288
0.718884
0.710273
0.704207
0.701422
0.702372
0.707089
0.715069
0.725344
0.736556
0.74711
0.755556
0.760828
0.762621
0.761715
0.759966
0.75973
0.762823
0.769702
0.779324
0.789803
0.799218
0.806305
0.810717
0.812764
0.813123
0.812459
0.811212
0.809509
0.80728
0.80425
0.80009
0.794435
0.786887
0.777324
0.766123
0.754332
0.743481
0.734811
0.728846
0.725319
0.723567
0.722973
0.72317
0.723891
0.724969
0.726227
0.727605
0.72928
0.731838
0.736133
0.742903
0.752287
0.763536
0.775092
0.784914
0.791
0.791797
0.786555
0.775571
0.760312
0.743161
0.726697
0.713108
0.703761
0.699333
0.7002
0.70649
0.717779
0.732871
0.749894
0.766666
0.781199
0.792056
0.798494
0.800535
0.798962
0.7949
0.789433
0.783298
0.776998
0.771321
0.767642
0.767598
0.772032
0.779892
0.788373
0.794114
0.794633
0.78937
0.780048
0.770366
0.763943
0.761977
0.762804
0.763816
0.763376
0.761297
0.758546
0.756622
0.756844
0.759654
0.764372
0.769434
0.773094
0.774078
0.771854
0.766503
0.758428
0.748261
0.736854
0.725261
0.714664
0.706253
0.701039
0.699665
0.702438
0.709443
0.72045
0.734623
0.750345
0.765436
0.777714
0.785561
0.788203
0.78561
0.778428
0.767729
0.754892
0.741497
0.72906
0.718808
0.711394
0.706928
0.705067
0.705278
0.707225
0.710925
0.716726
0.725024
0.736052
0.749672
0.765354
0.782177
0.798939
0.814322
0.827074
0.836159
0.841093
0.841979
0.839576
0.834866
0.828761
0.82188
0.814502
0.806628
0.797974
0.788043
0.776175
0.761945
0.745505
0.727965
0.711402
0.698392
0.691384
0.691889
0.700009
0.714182
0.731512
0.74835
0.761191
0.767464
0.766051
0.757436
0.743569
0.727205
0.711319
0.698571
0.690978
0.689875
0.695994
0.709455
0.729477
0.754232
0.780867
0.806056
0.826741
0.840779
0.847406
0.847113
0.840829
0.829122
0.812257
0.790831
0.76673
0.743373
0.725042
0.715247
0.715493
0.724968
0.741258
0.761147
0.781166
0.798036
0.809074
0.812649
0.808543
0.797834
0.782389
0.764246
0.745138
0.726599
0.710247
0.697794
0.690802
0.690031
0.694927
0.703819
0.714417
0.724563
0.732926
0.739281
0.744125
0.748145
0.751823
0.755385
0.758995
0.762965
0.767574
0.772936
0.778835
0.784708
0.789851
0.793577
0.795326
0.79461
0.791065
0.784439
0.774869
0.763008
0.749961
0.737125
0.725883
0.717315
0.712111
0.710543
0.712395
0.717012
0.72357
0.731405
0.740199
0.749715
0.759416
0.768306
0.775224
0.779389
0.780697
0.779664
0.777217
0.774495
0.77277
0.773124
0.776018
0.781002
0.786873
0.79211
0.795424
0.7962
0.794496
0.79097
0.786524
0.78199
0.778011
0.775055
0.773489
0.773494
0.774996
0.777556
0.78056
0.783459
0.78584
0.787464
0.78814
0.787641
0.785701
0.782151
0.776932
0.770116
0.761792
0.752109
0.741276
0.729583
0.717607
0.70622
0.696698
0.690332
0.687762
0.688936
0.693528
0.701391
0.712385
0.725904
0.740637
0.75469
0.766184
0.773788
0.776952
0.77582
0.770987
0.763199
0.753339
0.742597
0.732316
0.723698
0.717326
0.713329
0.711721
0.712649
0.716287
0.722589
0.731085
0.740978
0.751314
0.761187
0.769921
0.777149
0.782879
0.787218
0.79026
0.79191
0.791977
0.790324
0.787028
0.782336
0.776539
0.76984
0.762401
0.754503
0.746576
0.739242
0.733188
0.729048
0.72724
0.727816
0.730442
0.734718
0.740306
0.746801
0.753662
0.760238
0.765999
0.770697
0.774352
0.777132
0.779134
0.780222
0.78002
0.778139
0.774269
0.768355
0.760653
0.751758
0.742479
0.733652
0.726081
0.720583
0.71792
0.718709
0.723125
0.730704
0.740299
0.750397
0.759634
0.767193
0.772768
0.776473
0.778574
0.779297
0.778711
0.776713
0.773106
0.767767
0.760674
0.752128
0.742685
0.733121
0.724294
0.716839
0.710906
0.706385
0.703416
0.702766
0.705627
0.712776
0.72374
0.73676
0.749547
0.760264
0.76805
0.773165
0.776686
0.779967
0.784155
0.78978
0.796726
0.804447
0.812399
0.820193
0.827606
0.834453
0.840488
0.845372
0.848665
0.849912
0.84859
0.844379
0.837066
0.826582
0.813118
0.796952
0.778418
0.757873
0.735881
0.713425
0.692041
0.673458
0.659075
0.649633
0.645184
0.645345
0.649542
0.657228
0.667834
0.680707
0.694895
0.709054
0.721584
0.730961
0.736216
0.737336
0.73539
0.732331
0.730379
0.731279
0.735871
0.743872
0.754239
0.765658
0.77711
0.78804
0.79822
0.807545
0.815893
0.823035
0.828594
0.832114
0.833217
0.83166
0.827317
0.82031
0.81082
0.799143
0.785604
0.770742
0.755445
0.740913
0.728441
0.71893
0.71275
0.709668
0.709108
0.710422
0.712967
0.716175
0.719756
0.723787
0.728568
0.734405
0.741213
0.74847
0.755285
0.760671
0.76405
0.765439
0.765419
0.76478
0.764183
0.764141
0.764967
0.766758
0.769373
0.772442
0.775542
0.778414
0.781227
0.784358
0.787926
0.791368
0.793585
0.793701
0.791577
0.787598
0.782099
0.775037
0.766052
0.755017
0.742525
0.729961
0.719114
0.711436
0.707403
0.706513
0.707849
0.710794
0.715406
0.72218
0.731471
0.743011
0.755841
0.768673
0.780212
0.789287
0.794845
0.796099
0.792672
0.7849
0.774074
0.762446
0.752772
0.747541
0.747823
0.752581
0.75914
0.76464
0.767353
0.767155
0.765396
0.763987
0.764515
0.767435
0.772087
0.777034
0.780573
0.781341
0.778601
0.772488
0.764012
0.754708
0.746162
0.739561
0.735385
0.733393
0.732706
0.732354
0.731694
0.730813
0.730387
0.731245
0.734023
0.738864
0.745563
0.753899
0.763722
0.774717
0.786266
0.797415
0.806844
0.813164
0.815181
0.812147
0.803905
0.790803
0.773734
0.754394
0.735195
0.718909
0.708015
0.704083
0.707409
0.717209
0.731918
0.749619
0.768208
0.785613
0.799827
0.809037
0.811808
0.80729
0.795457
0.777268
0.754828
0.731241
0.710282
0.695599
0.689795
0.693796
0.706468
0.725039
0.745862
0.765393
0.780941
0.791078
0.795666
0.795606
0.792505
0.788267
0.78467
0.782788
0.782739
0.783745
0.784502
0.783762
0.780861
0.776015
0.77015
0.764449
0.759779
0.756381
0.753822
0.751329
0.7482
0.74407
0.739012
0.733525
0.728464
0.724926
0.724054
0.72682
0.733762
0.744686
0.758549
0.773832
0.788803
0.80178
0.811099
0.81522
0.813217
0.805215
0.792558
0.777556
0.762797
0.750411
0.741557
0.736482
0.734835
0.735905
0.738943
0.74329
0.748412
0.753884
0.759325
0.764491
0.769485
0.774767
0.780854
0.787747
0.794629
0.799968
0.801882
0.798712
0.789695
0.775297
0.757306
0.738333
0.721056
0.70751
0.698832
0.695305
0.696625
0.70191
0.70991
0.719352
0.729076
0.738135
0.745866
0.751808
0.755753
0.757658
0.757512
0.755322
0.750917
0.744143
0.735116
0.724444
0.713512
0.704263
0.698823
0.698864
0.705051
0.716839
0.732635
0.750342
0.767832
0.783236
0.795216
0.803012
0.806585
0.806526
0.803911
0.799887
0.79537
0.790955
0.787088
0.784227
0.782724
0.782594
0.783359
0.784159
0.784038
0.782341
0.778971
0.774435
0.769505
0.764603
0.759574
0.754196
0.748824
0.744833
0.743987
0.747166
0.753372
0.760262
0.765652
0.768511
0.768962
0.767662
0.765266
0.762068
0.758061
0.753068
0.746989
0.740013
0.732894
0.726864
0.72349
0.724049
0.72895
0.737464
0.748012
0.758492
0.766728
0.770836
0.769606
0.762826
0.751341
0.736807
0.721299
0.706851
0.695273
0.687979
0.685958
0.689698
0.699281
0.714462
0.734563
0.758459
0.784495
0.810536
0.8341
0.852692
0.864154
0.866932
0.860447
0.845173
0.822641
0.795314
0.766213
0.738361
0.714269
0.695576
0.682992
0.676531
0.675793
0.680207
0.689141
0.701907
0.717559
0.734904
0.752618
0.769561
0.784855
0.797942
0.808503
0.816484
0.822087
0.825759
0.828246
0.830312
0.832415
0.834611
0.83638
0.836746
0.834411
0.828073
0.816799
0.80035
0.779478
0.756049
0.733023
0.714073
0.702707
0.70085
0.707837
0.720806
0.736265
0.751456
0.764572
0.774279
0.779311
0.778505
0.77125
0.758016
0.740621
0.722058
0.705804
0.694861
0.691133
0.695067
0.705723
0.721138
0.739081
0.757616
0.775346
0.79111
0.803737
0.812002
0.8149
0.812045
0.803977
0.792116
0.77825
0.76412
0.751166
0.740374
0.732178
0.726547
0.723077
0.721178
0.72043
0.720678
0.721949
0.724248
0.727514
0.731635
0.736431
0.741756
0.747292
0.752564
0.756801
0.759192
0.759123
0.75636
0.751208
0.744477
0.737424
0.73149
0.72796
0.727599
0.730325
0.735428
0.741944
0.749065
0.756043
0.762034
0.765899
0.766475
0.763026
0.755668
0.745722
0.735541
0.727832
0.724569
0.726286
0.732143
0.740606
0.75016
0.759733
0.768671
0.776493
0.782625
0.786545
0.787826
0.786279
0.781885
0.774909
0.765979
0.756158
0.746972
0.740069
0.736672
0.737392
0.742182
0.750552
0.761725
0.774669
0.788029
0.800288
0.809947
0.815853
0.817515
0.815182
0.809873
0.80309
0.796467
0.791095
0.786974
0.783121
0.778216
0.771506
0.763219
0.754347
0.746098
0.739266
0.733865
0.729138
0.723919
0.717268
0.708945
0.699545
0.690341
0.682873
0.678686
0.679135
0.68544
0.698432
0.718067
0.742862
0.769749
0.794633
0.81345
0.823479
0.823912
0.815794
0.801729
0.785258
0.770142
0.759599
0.755455
0.757723
0.764865
0.774617
0.784775
0.793717
0.800266
0.803702
0.803683
0.800289
0.794037
0.785663
0.775931
0.765356
0.754135
0.742302
0.730003
0.71787
0.707173
0.699654
0.696902
0.699615
0.7071
0.717402
0.728121
0.737246
0.743728
0.74735
0.748512
0.748212
0.74789
0.749362
0.754392
0.763901
0.777432
0.793106
0.808156
0.819793
0.826047
0.826087
0.820176
0.809271
0.794658
0.777815
0.760603
0.745155
0.733596
0.727563
0.727565
0.732812
0.741494
0.75146
0.760874
0.768576
0.774207
0.777789
0.779368
0.778803
0.775708
0.769711
0.760707
0.749037
0.735622
0.721876
0.709333
0.699371
0.692826
0.689876
0.690082
0.692618
0.696658
0.701664
0.707561
0.714732
0.723687
0.734694
0.747531
0.761539
0.775745
0.789065
0.800604
0.809887
0.81687
0.82186
0.82533
0.827704
0.829204
0.829762
0.829094
0.826742
0.822172
0.814934
0.804813
0.792154
0.777894
0.763428
0.750195
0.739136
0.730357
0.72335
0.717336
0.711658
0.706047
0.700781
0.696709
0.69494
0.696295
0.700851
0.707775
0.715576
0.722666
0.727993
0.731275
0.733024
0.734266
0.736071
0.739243
0.74416
0.750786
0.75875
0.767399
0.775835
0.783052
0.788318
0.791465
0.792923
0.793488
0.793597
0.792871
0.790381
0.785299
0.777437
0.767464
0.756716
0.746911
0.739636
0.736048
0.736562
0.740679
0.747056
0.753827
0.759106
0.761448
0.760091
0.755186
0.747706
0.739342
0.732154
0.72803
0.728303
0.733409
0.742812
0.755075
0.76821
0.780294
0.790045
0.797029
0.801562
0.804358
0.806224
0.807701
0.808769
0.808817
0.806978
0.802465
0.795018
0.785076
0.773782
0.762593
0.752799
0.745053
0.739246
0.7346
0.730237
0.725701
0.721351
0.71826
0.717665
0.720345
0.726027
0.733419
0.740617
0.745719
0.747351
0.744946
0.738694
0.729331
0.717954
0.705918
0.694731
0.685913
0.680599
0.679174
0.681184
0.685631
0.691493
0.69818
0.705623
0.714154
0.724178
0.735798
0.748585
0.761839
0.774895
0.787542
0.800003
0.812566
0.825043
0.83677
0.846836
0.854521
0.859408
0.861206
0.859622
0.85461
0.846715
0.83721
0.827576
0.818895
0.811443
0.804689
0.797658
0.789307
0.778771
0.765665
0.750277
0.733727
0.717873
0.704709
0.695717
0.691477
0.691726
0.695733
0.702423
0.710421
0.717998
0.723366
0.725256
0.723652
0.719977
0.716459
0.715089
0.716621
0.720629
0.726101
0.732128
0.73819
0.744057
0.749846
0.755929
0.76277
0.770846
0.780452
0.791412
0.802832
0.81323
0.820822
0.824215
0.822883
0.817305
0.808734
0.798658
0.788481
0.779243
0.771504
0.765453
0.760982
0.75777
0.755359
0.75315
0.750583
0.747235
0.742985
0.737915
0.732245
0.72646
0.721337
0.718071
0.718083
0.722344
0.730738
0.741871
0.753642
0.763988
0.771249
0.774429
0.7732
0.767811
0.759061
0.748295
0.737257
0.727935
0.722133
0.721213
0.725715
0.735159
0.748229
0.763042
0.777528
0.78979
0.798324
0.802146
0.800941
0.794954
0.785048
0.772472
0.758657
0.744998
0.732769
0.723258
0.717598
0.716515
0.720135
0.727712
0.737836
0.748694
0.758457
0.765411
0.768171
0.765733
0.757718
0.744466
0.727228
0.708212
0.690417
0.677195
0.671681
0.675976
0.690644
0.714446
0.74454
0.7771
0.808128
0.834166
0.852767
0.862794
0.864383
0.858782
0.84798
