1.18991
1.15567
1.09903
1.02249
0.929279
0.824046
0.712812
0.602676
0.50124
0.415659
0.351524
0.311852
0.296674
0.303209
0.326623
0.361077
0.400677
0.440224
0.475645
0.504127
0.524135
0.535284
0.538117
0.533887
0.524387
0.511706
0.498078
0.485708
0.47664
0.472664
0.475153
0.485023
0.502525
0.527206
0.557842
0.592487
0.628766
0.66402
0.695761
0.721875
0.740866
0.751884
0.75486
0.750344
0.73949
0.723878
0.705222
0.685242
0.665475
0.647021
0.630581
0.616473
0.604739
0.595249
0.587851
0.582491
0.579193
0.578109
0.579424
0.583235
0.589454
0.597792
0.607679
0.618342
0.628872
0.638432
0.646401
0.652425
0.656384
0.658375
0.658609
0.657288
0.654668
0.650971
0.646438
0.641289
0.635833
0.630356
0.625098
0.620375
0.616466
0.613539
0.611802
0.611359
0.612277
0.614384
0.617234
0.620055
0.621911
0.621824
0.619003
0.612997
0.603905
0.592369
0.579449
0.566584
0.555196
0.54647
0.541168
0.53947
0.541089
0.545355
0.551336
0.557993
0.564326
0.569423
0.572547
0.57317
0.571179
0.566856
0.560927
0.5545
0.548965
0.545793
0.546317
0.55153
0.561829
0.577033
0.596353
0.618563
0.642147
0.665483
0.687055
0.70546
0.719658
0.728911
0.732774
0.731219
0.724571
0.713427
0.698727
0.68162
0.663471
0.645714
0.629771
0.616933
0.608139
0.603852
0.603757
0.606754
0.611308
0.615826
0.619166
0.620627
0.619973
0.617339
0.612946
0.607088
0.6001
0.592336
0.584243
0.576349
0.569244
0.563531
0.559771
0.55846
0.559993
0.564635
0.572391
0.582832
0.594972
0.607328
0.618208
0.626113
0.630051
0.629732
0.625633
0.618796
0.610491
0.601915
0.593906
0.586888
0.581077
0.576613
0.573836
0.573306
0.575639
0.58124
0.590078
0.601741
0.615503
0.630384
0.645389
0.6595
0.671718
0.681261
0.687426
0.68975
0.688074
0.682539
0.673605
0.662059
0.648928
0.635357
0.622596
0.611828
0.60396
0.599536
0.598616
0.600831
0.60545
0.611501
0.617996
0.624126
0.629247
0.632965
0.635089
0.63566
0.63485
0.632908
0.630224
0.627115
0.623736
0.620135
0.616184
0.611804
0.606981
0.601805
0.596498
0.59135
0.586601
0.582456
0.579081
0.576599
0.575085
0.57464
0.575381
0.577393
0.580748
0.585451
0.591276
0.59781
0.604465
0.61045
0.614969
0.617395
0.61734
0.614803
0.610177
0.60411
0.597403
0.590731
0.584627
0.579384
0.575028
0.571452
0.568563
0.566372
0.564985
0.564593
0.565357
0.567355
0.570491
0.574507
0.579119
0.584052
0.589137
0.594419
0.600102
0.606368
0.613332
0.621005
0.629312
0.638154
0.647502
0.657266
0.66726
0.677161
0.686459
0.694516
0.700731
0.704574
0.705678
0.703948
0.699454
0.692453
0.683325
0.672464
0.660219
0.646925
0.633008
0.618921
0.605193
0.592431
0.581352
0.572689
0.567126
0.565113
0.566732
0.571567
0.57869
0.586722
0.594118
0.599384
0.601405
0.599654
0.594325
0.586339
0.577217
0.568842
1.18571
1.15996
1.1264
1.08875
1.0509
1.0163
0.987607
0.966026
0.951393
0.9424
0.93706
0.933108
0.928441
0.921228
0.910149
0.894581
0.874803
0.852114
0.828866
0.80796
0.792239
0.783896
0.78388
0.791963
0.807084
0.827796
0.852649
0.880079
0.908255
0.935032
0.958133
0.975663
0.986465
0.990452
0.988457
0.981897
0.972541
0.962087
0.951889
0.942969
0.935849
0.930772
0.927737
0.926841
0.928376
0.932504
0.939281
0.948426
0.959197
0.970544
0.981306
0.990371
0.996854
1.00019
1.0002
0.996977
0.9908
0.981916
0.970517
0.956915
0.941549
0.925212
0.909013
0.894514
0.883592
0.878078
0.879163
0.886865
0.899929
0.916156
0.933122
0.948855
0.962121
0.972551
0.98034
0.985958
0.989877
0.992474
0.993971
0.994532
0.994188
0.99275
0.989719
0.984362
0.975918
0.963905
0.94849
0.930723
0.91253
0.896407
0.884711
0.878814
0.878855
0.883801
0.892068
0.902214
0.913323
0.924793
0.936093
0.946614
0.955646
0.96269
0.967358
0.969459
0.96892
0.965737
0.960173
0.952821
0.944626
0.936826
0.930885
0.928291
0.930462
0.938293
0.9518
0.969642
0.989345
1.00772
1.02172
1.02931
1.02977
1.02352
1.0118
0.996236
0.978398
0.959799
0.941805
0.925644
0.912443
0.903015
0.897693
0.896131
0.89741
0.900302
0.903759
0.907242
0.910716
0.914578
0.919447
0.925885
0.933983
0.943278
0.952532
0.960135
0.964541
0.964801
0.960821
0.953517
0.94477
0.936843
0.931806
0.93097
0.934657
0.942197
0.952074
0.962313
0.970872
0.976355
0.978135
0.975885
0.969107
0.957396
0.941236
0.922368
0.903317
0.886751
0.874972
0.869746
0.871989
0.881536
0.897064
0.91641
0.937209
0.957482
0.975684
0.990616
1.00138
1.00728
1.00812
1.00443
0.997537
0.989374
0.982117
0.977743
0.977527
0.981686
0.989236
0.998364
1.00692
1.01302
1.01518
1.01267
1.00549
0.994145
0.979567
0.962949
0.94563
0.929232
0.915574
0.906332
0.902628
0.904665
0.911721
0.922271
0.934277
0.945448
0.953717
0.957707
0.957167
0.952895
0.946491
0.93973
0.934057
0.930277
0.928212
0.926819
0.924556
0.919861
0.911938
0.901033
0.888386
0.87601
0.8661
0.860357
0.859741
0.864447
0.873942
0.88711
0.902641
0.919447
0.936749
0.95408
0.971161
0.987601
1.0028
1.01588
1.02591
1.03195
1.03315
1.02889
1.01887
1.00347
0.983945
0.962431
0.941656
0.924229
0.912117
0.90602
0.905429
0.909229
0.916118
0.925032
0.935496
0.947517
0.961401
0.977315
0.994931
1.01299
1.0295
1.04209
1.04857
1.04746
1.03825
1.02187
1.00041
0.97693
0.954953
0.937542
0.926187
0.920481
0.91833
0.916942
0.913707
0.907072
0.896935
0.884523
0.871939
0.861514
0.854837
0.852216
0.852879
0.855629
0.859599
0.864665
0.871449
0.880953
0.894091
0.911129
0.931602
0.954227
0.977207
0.998533
1.01631
1.02912
1.0363
1.03787
1.03454
1.02744
1.0181
1.0082
1.19009
1.1779
1.1657
1.15513
1.14718
1.14163
1.13703
1.13126
1.12244
1.10968
1.09327
1.07427
1.05395
1.03341
1.01326
0.994028
0.976462
0.961623
0.950513
0.943463
0.939898
0.938515
0.937893
0.937055
0.935685
0.934058
0.932919
0.933171
0.935594
0.940652
0.948392
0.958506
0.970602
0.984511
1.00055
1.0194
1.04161
1.06677
1.09327
1.11844
1.13937
1.15399
1.16151
1.16228
1.15723
1.14735
1.13365
1.11755
1.10144
1.08844
1.08192
1.08407
1.09479
1.11126
1.12857
1.1412
1.14459
1.1363
1.11639
1.08716
1.05248
1.01688
0.984656
0.959146
0.94252
0.935748
0.93871
0.950483
0.96934
0.992814
1.01784
1.04098
1.05904
1.06963
1.07177
1.06597
1.05409
1.03846
1.02125
1.0041
0.988276
0.974919
0.965164
0.959848
0.95931
0.9633
0.971193
0.982292
0.996238
1.01305
1.03288
1.05541
1.07942
1.10266
1.12208
1.13456
1.13777
1.13104
1.11557
1.09443
1.07178
1.05185
1.03787
1.03135
1.03196
1.03855
1.05012
1.06666
1.08834
1.11345
1.1374
1.15377
1.15711
1.14525
1.11977
1.08503
1.04631
1.00805
0.97294
0.942213
0.916419
0.896134
0.882301
0.876126
0.878939
0.891631
0.914368
0.946453
0.986147
1.03074
1.07699
1.12153
1.16135
1.19412
1.21806
1.23209
1.2357
1.2292
1.21395
1.19231
1.1673
1.14177
1.11778
1.09619
1.07697
1.05964
1.04374
1.02883
1.01451
1.00046
0.986734
0.97368
0.961984
0.952475
0.945904
0.942818
0.943565
0.948319
0.957025
0.96939
0.984818
1.0023
1.02068
1.03864
1.0549
1.06831
1.07787
1.08298
1.08346
1.0798
1.07313
1.06505
1.05747
1.05236
1.05143
1.05585
1.0659
1.08081
1.09851
1.11597
1.12959
1.13591
1.13242
1.11818
1.09422
1.06353
1.03022
0.998595
0.972181
0.953208
0.942578
0.940136
0.945052
0.956323
0.973023
0.994256
1.0187
1.04418
1.06804
1.08794
1.10269
1.1127
1.11971
1.12611
1.13384
1.14377
1.1553
1.16644
1.1743
1.17603
1.16943
1.15333
1.12796
1.095
1.05757
1.01975
0.985764
0.959104
0.941835
0.934726
0.937447
0.948833
0.966942
0.989251
1.01302
1.03584
1.05579
1.07142
1.08155
1.08526
1.08199
1.07192
1.05613
1.03666
1.01629
0.997963
0.98388
0.975104
0.971337
0.971283
0.973298
0.976109
0.979251
0.983099
0.988474
0.996154
1.00631
1.01868
1.03284
1.04848
1.06553
1.0839
1.1034
1.12344
1.14294
1.16049
1.17445
1.18308
1.18475
1.17824
1.16314
1.14008
1.11098
1.07892
1.04802
1.02275
1.00657
1.0006
1.00321
1.0109
1.02014
1.02871
1.0359
1.04204
1.04762
1.05278
1.05697
1.05922
1.05843
1.05372
1.0447
1.03176
1.0163
1.00062
0.987478
0.979402
0.977758
0.982263
0.991157
1.00193
1.01216
1.02011
1.02508
1.0274
1.02805
1.02807
1.02809
1.02818
1.02807
1.02767
1.19905
1.19469
1.18875
1.18329
1.17986
1.17905
1.18027
1.18174
1.18115
1.17652
1.16682
1.15244
1.13487
1.1164
1.09985
1.08826
1.08463
1.09148
1.10963
1.13729
1.16993
1.20152
1.22634
1.24062
1.24311
1.23468
1.21766
1.19512
1.17009
1.14528
1.12296
1.10512
1.09367
1.09008
1.09503
1.1081
1.12779
1.15174
1.17704
1.20075
1.22024
1.23372
1.24035
1.23996
1.23263
1.21843
1.19741
1.17018
1.13825
1.1042
1.07136
1.04307
1.02195
1.00928
1.00494
1.00751
1.01489
1.02491
1.03568
1.04567
1.05402
1.06055
1.06585
1.07121
1.07854
1.08992
1.10687
1.12953
1.1561
1.18301
1.20577
1.22058
1.22532
1.22007
1.20711
1.19041
1.17482
1.16476
1.16285
1.16886
1.17997
1.19199
1.20085
1.20401
1.20087
1.19235
1.18015
1.16579
1.1503
1.13427
1.11821
1.10292
1.08976
1.08048
1.0765
1.07821
1.08472
1.09428
1.105
1.11539
1.12443
1.13127
1.13525
1.13609
1.13438
1.13149
1.12929
1.12945
1.13295
1.14016
1.15107
1.1654
1.18245
1.201
1.21905
1.23404
1.24354
1.24591
1.24066
1.22829
1.21017
1.18837
1.16523
1.14307
1.12396
1.10937
1.09984
1.09523
1.09498
1.09827
1.10402
1.11086
1.11708
1.12067
1.11992
1.11391
1.10281
1.08809
1.07235
1.0588
1.05045
1.04928
1.05605
1.07036
1.09098
1.11621
1.14376
1.17088
1.19461
1.21239
1.22279
1.22611
1.22411
1.2191
1.21264
1.20523
1.1969
1.18831
1.18096
1.17658
1.17625
1.17941
1.18337
1.18413
1.17817
1.16383
1.14197
1.11528
1.0877
1.06338
1.04615
1.03881
1.04263
1.05697
1.0792
1.10496
1.12924
1.1476
1.15704
1.15662
1.14739
1.1322
1.11517
1.10075
1.09275
1.09376
1.10471
1.12495
1.15235
1.18377
1.21536
1.24333
1.26445
1.27659
1.27865
1.2706
1.25311
1.2273
1.19461
1.15671
1.11566
1.07422
1.03601
1.00522
0.985686
0.979819
0.987651
1.00686
1.03361
1.06371
1.09359
1.1207
1.14369
1.16229
1.17697
1.18817
1.19569
1.19865
1.19578
1.18627
1.17025
1.14889
1.12448
1.10046
1.08093
1.06986
1.06991
1.08191
1.10491
1.13666
1.17392
1.21258
1.24801
1.27566
1.29183
1.29426
1.28229
1.25697
1.22085
1.17772
1.13252
1.09132
1.06064
1.04535
1.0463
1.06005
1.08085
1.10341
1.12405
1.14077
1.15275
1.15992
1.16286
1.1625
1.15989
1.15615
1.15232
1.14908
1.14684
1.14569
1.14556
1.14633
1.1479
1.15003
1.15226
1.15395
1.15424
1.15225
1.14715
1.13855
1.12654
1.11191
1.09621
1.08153
1.07003
1.06343
1.06248
1.06668
1.07443
1.08354
1.09194
1.09832
1.10244
1.10482
1.10673
1.10974
1.11549
1.12513
1.13912
1.1569
1.17686
1.19666
1.21377
1.22604
1.23233
1.2327
1.22827
1.22087
1.21229
1.20389
1.19394
1.18728
1.17897
1.16792
1.1539
1.13757
1.12024
1.10327
1.08777
1.07477
1.06557
1.06157
1.06366
1.07164
1.08376
1.09736
1.10962
1.11837
1.12254
1.12223
1.11876
1.11457
1.11258
1.11507
1.12255
1.13358
1.14572
1.15654
1.16444
1.16879
1.16958
1.16701
1.16135
1.15299
1.14291
1.13316
1.1264
1.12462
1.1281
1.13587
1.14674
1.15955
1.17259
1.18345
1.18962
1.18926
1.18169
1.16717
1.14718
1.12502
1.10627
1.09673
1.09827
1.10717
1.11731
1.12404
1.12572
1.12322
1.11892
1.11562
1.11562
1.11995
1.12814
1.13796
1.14622
1.14998
1.14793
1.14107
1.13228
1.12505
1.12225
1.12519
1.1333
1.14454
1.15629
1.16602
1.17194
1.17323
1.17017
1.16413
1.15716
1.15144
1.14855
1.1487
1.15062
1.15198
1.15069
1.14553
1.13594
1.12152
1.10221
1.07903
1.05464
1.0331
1.01904
1.0164
1.02728
1.05131
1.08556
1.12532
1.16529
1.20098
1.22946
1.24957
1.26143
1.26612
1.26523
1.26047
1.25359
1.2458
1.23735
1.22725
1.21352
1.19403
1.16777
1.13608
1.10317
1.07497
1.05635
1.04883
1.05065
1.05895
1.07146
1.08677
1.10395
1.12196
1.13956
1.15515
1.16694
1.17328
1.17334
1.16776
1.15885
1.14988
1.14354
1.14024
1.1381
1.13431
1.12726
1.11771
1.10867
1.10405
1.10698
1.11846
1.13687
1.15877
1.18025
1.19809
1.21038
1.21643
1.21636
1.2107
1.20045
1.18709
1.1723
1.15757
1.14377
1.13088
1.11812
1.10464
1.09006
1.07491
1.06086
1.05027
1.04557
1.04824
1.05823
1.07421
1.09382
1.1145
1.1341
1.15123
1.16539
1.17665
1.18519
1.19115
1.1944
1.19463
1.19136
1.18437
1.17373
1.16013
1.14468
1.12859
1.11293
1.0984
1.0854
1.07437
1.06603
1.06156
1.06204
1.06771
1.07756
1.08964
1.1019
1.1127
1.12101
1.12642
1.12901
1.12923
1.12777
1.12546
1.12307
1.12129
1.1209
1.12258
1.12674
1.1332
1.14125
1.14963
1.157
1.16206
1.16379
1.16163
1.15544
1.14572
1.1334
1.11999
1.1074
1.09761
1.09209
1.09141
1.09486
1.10061
1.10629
1.10997
1.11125
1.11166
1.11421
1.12194
1.13647
1.15711
1.18125
1.20505
1.22463
1.2369
1.24012
1.2341
1.2201
1.20055
1.17846
1.1567
1.1376
1.1225
1.1118
1.10494
1.10079
1.09792
1.09529
1.09256
1.09006
1.08853
1.08892
1.09219
1.09902
1.10952
1.12302
1.13835
1.15433
1.17026
1.18566
1.19967
1.21064
1.21687
1.21774
1.21393
1.20656
1.19628
1.18342
1.16873
1.15342
1.13875
1.12544
1.11334
1.10188
1.09046
1.07882
1.06732
1.05708
1.04952
1.04608
1.04769
1.05482
1.06769
1.08632
1.11044
1.13936
1.17197
1.20645
1.24038
1.27102
1.29554
1.31174
1.31821
1.31459
1.30152
1.28035
1.25296
1.22139
1.18779
1.15439
1.12327
1.09642
1.07542
1.06137
1.05472
1.05497
1.06086
1.07056
1.08206
1.0934
1.10283
1.10912
1.11161
1.11038
1.10614
1.10007
1.09338
1.08683
1.08057
1.07419
1.06709
1.05891
1.04996
1.04155
1.03576
1.03499
1.04103
1.05456
1.07498
1.10083
1.13008
1.16048
1.18952
1.21474
1.23383
1.24506
1.24763
1.24192
1.22977
1.21415
1.19837
1.18525
1.17632
1.17171
1.17083
1.1729
1.17713
1.18269
1.18865
1.19409
1.19804
1.19953
1.19755
1.19107
1.1795
1.16299
1.14274
1.12082
1.09977
1.08198
1.0694
1.06328
1.06398
1.07094
1.08254
1.09631
1.10939
1.11923
1.12452
1.12582
1.12586
1.12843
1.13644
1.14976
1.16511
1.17764
1.18327
1.18021
1.16907
1.15222
1.13257
1.1127
1.09438
1.07863
1.06598
1.05662
1.05058
1.04778
1.04814
1.05164
1.05822
1.06746
1.07836
1.08943
1.099
1.10586
1.10985
1.11178
1.11314
1.11538
1.11959
1.12636
1.13571
1.14715
1.15985
1.17283
1.18498
1.19529
1.20304
1.20795
1.21047
1.21157
1.21267
1.21495
1.21882
1.22362
1.22754
1.22829
1.22374
1.21274
1.19516
1.17171
1.14384
1.11346
1.08298
1.0553
1.03353
1.02023
1.01705
1.02417
1.04026
1.06276
1.08865
1.11497
1.13962
1.16112
1.17834
1.19025
1.19576
1.19422
1.18578
1.17166
1.15418
1.13651
1.12213
1.11394
1.11353
1.12084
1.13434
1.15162
1.17013
1.18772
1.20289
1.21463
1.22229
1.2253
1.22331
1.21639
1.20545
1.19215
1.17859
1.16681
1.1581
1.15288
1.15067
1.15052
1.15114
1.15117
1.14923
1.14404
1.13473
1.12114
1.10403
1.08495
1.06598
1.04921
1.0364
1.02877
1.02656
1.02915
1.03525
1.04338
1.05239
1.06183
1.07166
1.08189
1.09234
1.10249
1.11163
1.11941
1.12626
1.13321
1.14139
1.1515
1.16338
1.17627
1.18885
1.19966
1.20735
1.21083
1.20947
1.2033
1.19296
1.17981
1.16596
1.15382
1.14519
1.14051
1.13874
1.13789
1.13565
1.13035
1.12135
1.10907
1.0948
1.08034
1.06772
1.05879
1.05494
1.05695
1.06483
1.07791
1.09511
1.11511
1.13654
1.15794
1.17773
1.19434
1.20639
1.21304
1.21418
1.21024
1.20184
1.18983
1.17502
1.15825
1.14025
1.12189
1.10403
1.08758
1.07351
1.0628
1.05635
1.05486
1.05851
1.06665
1.07791
1.09051
1.10269
1.11322
1.1217
1.12831
1.13342
1.13725
1.13958
1.14009
1.1387
1.13581
1.1325
1.13025
1.13049
1.13416
1.14151
1.15175
1.16337
1.17456
1.18352
1.18856
1.18855
1.1829
1.17199
1.15721
1.14084
1.12548
1.11344
1.10602
1.10331
1.10421
1.10701
1.10982
1.11122
1.11068
1.10879
1.10708
1.10739
1.11128
1.11952
1.13212
1.14826
1.16631
1.18372
1.19728
1.20396
1.20154
1.18914
1.16739
1.13847
1.10626
1.07557
1.05116
1.03631
1.03214
1.03786
1.05156
1.07103
1.09401
1.1183
1.14191
1.16292
1.17974
1.19121
1.19678
1.19642
1.1907
1.18049
1.16708
1.15208
1.1371
1.12348
1.11209
1.10337
1.09731
1.09369
1.09205
1.09178
1.09231
1.09304
1.09342
1.09305
1.09198
1.09101
1.092
1.09729
1.10866
1.1266
1.14964
1.17474
1.19758
1.21372
1.21956
1.21343
1.19642
1.17267
1.14836
1.12901
1.11641
1.1083
1.10093
1.0923
1.08311
1.07584
1.0731
1.07654
1.08653
1.10252
1.12351
1.14801
1.1742
1.20002
1.22353
1.24306
1.25749
1.26619
1.26905
1.26631
1.25854
1.24659
1.23143
1.21369
1.19351
1.17043
1.14375
1.11309
1.07912
1.04381
1.01041
0.98305
0.9659
0.962105
0.9728
0.996787
1.03076
1.07001
1.10949
1.14461
1.17178
1.18884
1.19508
1.19144
1.18016
1.16431
1.1471
1.13141
1.11949
1.11282
1.11191
1.11631
1.12448
1.13461
1.14531
1.15633
1.16866
1.18363
1.20146
1.2201
1.23561
1.24356
1.24093
1.2267
1.20182
1.1687
1.13076
1.09201
1.05633
1.02677
1.00516
0.992043
0.987193
0.989837
0.998787
1.01254
1.02975
1.04941
1.0706
1.09214
1.11241
1.12978
1.14317
1.15271
1.15989
1.16711
1.17664
1.18976
1.20601
1.22344
1.23952
1.25206
1.25973
1.2621
1.2595
1.25295
1.24375
1.23335
1.22276
1.21231
1.20149
1.18946
1.17526
1.15836
1.1387
1.11699
1.09472
1.07406
1.0573
1.04605
1.04072
1.04039
1.04348
1.04858
1.05497
1.06272
1.07226
1.08394
1.09769
1.11281
1.12807
1.14224
1.15444
1.16432
1.17226
1.17914
1.18608
1.19385
1.2023
1.21019
1.21546
1.21608
1.21094
1.20019
1.18506
1.16744
1.14959
1.13396
1.12271
1.11674
1.1152
1.11567
1.11519
1.11139
1.10334
1.09196
1.07981
1.07042
1.06706
1.07152
1.08349
1.10079
1.12051
1.13984
1.15666
1.16971
1.17849
1.18292
1.18322
1.17973
1.17279
1.16279
1.15046
1.13729
1.12572
1.11851
1.11731
1.12164
1.12914
1.13689
1.14268
1.14559
1.14568
1.14363
1.14033
1.13677
1.13386
1.13239
1.13285
1.13509
1.1383
1.14094
1.14136
1.13842
1.13191
1.12276
1.11273
1.10343
1.0956
1.08877
1.08179
1.07387
1.06529
1.05763
1.0536
1.05625
1.06783
1.08862
1.11658
1.14788
1.17807
1.20328
1.22085
1.22965
1.23007
1.22381
1.21319
1.20068
1.18828
1.17734
1.16852
1.16183
1.1568
1.15276
1.14941
1.14681
1.14517
1.14471
1.14554
1.14742
1.1497
1.15125
1.15043
1.14566
1.13607
1.12212
1.10606
1.09141
1.08189
1.08
1.0861
1.09832
1.11333
1.1274
1.13731
1.14096
1.13738
1.12679
1.11071
1.09196
1.0745
1.06256
1.05932
1.06566
1.08002
1.09912
1.11934
1.13764
1.15226
1.16271
1.16971
1.1747
1.17942
1.18548
1.19374
1.20368
1.21345
1.22045
1.22209
1.21665
1.20373
1.18448
1.16188
1.14035
1.12481
1.11862
1.12207
1.13234
1.1453
1.15733
1.16603
1.1707
1.172
1.17153
1.17119
1.17252
1.17621
1.18184
1.18795
1.19258
1.19379
1.19038
1.18264
1.17223
1.16147
1.15236
1.14579
1.14135
1.13792
1.13416
1.12879
1.12058
1.10848
1.09221
1.07264
1.05198
1.03341
1.02022
1.01513
1.01968
1.03393
1.05662
1.08535
1.11713
1.1489
1.17801
1.20237
1.2206
1.2319
1.23599
1.23323
1.22464
1.21183
1.19696
1.18238
1.17015
1.16156
1.15667
1.15454
1.15367
1.15288
1.1513
1.14807
1.14207
1.13239
1.11923
1.10468
1.09247
1.08677
1.09034
1.10295
1.12144
1.14112
1.1574
1.16693
1.16791
1.1601
1.1446
1.12359
1.10043
1.07941
1.0647
1.05859
1.06032
1.06672
1.07427
1.08096
1.08668
1.09278
1.10122
1.11358
1.13027
1.15007
1.17047
1.18808
1.19969
1.20314
1.19811
1.18652
1.1717
1.15713
1.14524
1.13733
1.13382
1.13437
1.13781
1.14258
1.14747
1.15217
1.15687
1.16091
1.16249
1.15946
1.15119
1.13962
1.12873
1.1226
1.12333
1.12985
1.13883
1.14656
1.15082
1.15131
1.14956
1.14797
1.14852
1.15172
1.15632
1.15992
1.16012
1.15564
1.14679
1.13555
1.12514
1.11921
1.12089
1.1316
1.14999
1.17179
1.19113
1.20239
1.20201
1.18903
1.16495
1.13312
1.09835
1.06641
1.04319
1.03356
1.03963
1.05968
1.08854
1.11918
1.14456
1.15905
1.15961
1.14634
1.12253
1.09411
1.06838
1.05224
1.05043
1.06388
1.08946
1.12148
1.15428
1.18388
1.20846
1.22765
1.2419
1.25174
1.25765
1.25986
1.25834
1.25301
1.24394
1.23131
1.21533
1.1965
1.17548
1.15324
1.13089
1.10962
1.09067
1.07524
1.06449
1.05939
1.06028
1.0666
1.07707
1.08983
1.10309
1.1154
1.12599
1.13472
1.14175
1.14706
1.15017
1.15033
1.14709
1.1409
1.13328
1.12638
1.12203
1.12106
1.12305
1.12663
1.1301
1.13224
1.1328
1.13259
1.13315
1.13609
1.14223
1.15106
1.16063
1.16817
1.17093
1.16697
1.15559
1.13731
1.11396
1.08823
1.06336
1.04255
1.0282
1.02143
1.02202
1.02887
1.04043
1.05528
1.07228
1.09036
1.10809
1.12357
1.13459
1.13947
1.13756
1.12968
1.11807
1.10543
1.09369
1.08351
1.07482
1.06807
1.06517
1.06897
1.08113
1.10077
1.1245
1.1481
1.16853
1.18464
1.19683
1.20599
1.21271
1.21719
1.2195
1.21982
1.21841
1.21531
1.20982
1.2008
1.18694
1.16766
1.14351
1.11619
1.08822
1.06247
1.04161
1.02785
1.02252
1.0258
1.03682
1.05421
1.07671
1.10361
1.13444
1.16816
1.20269
1.2351
1.26228
1.28175
1.29211
1.29292
1.28485
1.26941
1.24885
1.22578
1.20277
1.18194
1.16474
1.15176
1.14297
1.13747
1.13359
1.12881
1.12079
1.1084
1.0924
1.0752
1.05949
1.04688
1.03742
1.03028
1.02453
1.01966
1.01609
1.01534
1.02012
1.03323
1.05645
1.0894
1.12953
1.17278
1.21462
1.25082
1.27778
1.29291
1.29471
1.2834
1.26096
1.23127
1.19937
1.1702
1.14741
1.1323
1.12387
1.11947
1.11581
1.11024
1.10148
1.08983
1.07672
1.06416
1.05383
1.04665
1.0429
1.04255
1.04587
1.05376
1.06763
1.08839
1.1156
1.14719
1.17983
1.20991
1.23432
1.25107
1.25939
1.25927
1.2512
1.236
1.21488
1.18982
1.16354
1.13903
1.11898
1.10504
1.09745
1.09558
1.0982
1.10393
1.11148
1.11977
1.12802
1.13575
1.14278
1.14892
1.15373
1.15639
1.15594
1.15186
1.14458
1.13553
1.12672
1.11985
1.11586
1.11476
1.11622
1.11977
1.12475
1.12997
1.13369
1.13417
1.13046
1.12294
1.11344
1.10498
1.10069
1.10254
1.11057
1.12297
1.1373
1.15161
1.16501
1.17714
1.18751
1.19554
1.20111
1.20504
1.20875
1.2135
1.21954
1.2259
1.23065
1.23153
1.22657
1.21452
1.19527
1.16974
1.13947
1.10628
1.07204
1.03889
1.00946
0.986926
0.97449
0.974438
0.987255
1.01137
1.04342
1.07912
1.11424
1.1453
1.16956
1.18523
1.19118
1.187
1.1731
1.15081
1.12233
1.09067
1.0594
1.03234
1.01292
1.00383
1.00647
1.02043
1.04341
1.07165
1.10102
1.12805
1.15041
1.16696
1.17715
1.18053
1.17676
1.16605
1.14974
1.13045
1.11173
1.09735
1.09013
1.09156
1.10156
1.11894
1.14177
1.16753
1.19373
1.21809
1.23882
1.25484
1.26593
1.2723
1.27441
1.27272
1.26744
1.25876
1.24669
1.23148
1.21372
1.19446
1.17559
1.15993
1.15012
1.14696
1.14845
1.15081
1.15077
1.14667
1.13834
1.12664
1.11272
1.09785
1.08358
1.07176
1.06444
1.06338
1.06922
1.08087
1.09555
1.10965
1.11981
1.12392
1.12166
1.11444
1.10485
1.09591
1.09024
1.08945
1.09399
1.10338
1.11635
1.13089
1.14437
1.15398
1.15749
1.15379
1.14328
1.12785
1.11044
1.09421
1.08201
1.07555
1.07539
1.08079
1.09011
1.10144
1.113
1.12375
1.13337
1.1421
1.15012
1.15724
1.16297
1.16666
1.16791
1.16683
1.16388
1.15963
1.15449
1.14869
1.14243
1.13625
1.13107
1.12805
1.12827
1.13231
1.13982
1.14982
1.16091
1.17183
1.18178
1.19037
1.19743
1.20262
1.20545
1.20511
1.20061
1.19122
1.17685
1.15879
1.13963
1.12292
1.11202
1.10878
1.11287
1.12206
1.13284
1.14131
1.14439
1.14038
1.12935
1.11295
1.09375
1.07492
1.05963
1.05073
1.05042
1.05986
1.07848
1.10347
1.13027
1.15365
1.16905
1.17348
1.166
1.14826
1.12477
1.102
1.08649
1.08257
1.09115
1.11013
1.13566
1.16339
1.18929
1.20998
1.22297
1.22663
1.22033
1.20439
1.18039
1.15139
1.12176
1.09598
1.07687
1.06482
1.05873
1.05771
1.06184
1.07142
1.0864
1.10564
1.12704
1.14783
1.16533
1.17743
1.18308
1.18256
1.17746
1.17034
1.1637
1.1592
1.15732
1.15757
1.15916
1.16158
1.16471
1.16859
1.17328
1.17879
1.185
1.19181
1.19901
1.20598
1.21155
1.21408
1.21231
1.2061
1.1965
1.18544
1.1749
1.16653
1.161
1.15772
1.15488
1.15002
1.14091
1.12664
1.10811
1.08792
1.06935
1.05523
1.04724
1.04554
1.04911
1.05646
1.06646
1.07881
1.09412
1.11285
1.13398
1.15444
1.16998
1.17702
1.17373
1.16042
1.1392
1.1133
1.08648
1.06261
1.04517
1.03664
1.03804
1.04882
1.06719
1.09067
1.11654
1.14197
1.16407
1.18046
1.18969
1.1918
1.18814
1.18073
1.17127
1.16084
1.1501
1.13999
1.13198
1.12786
1.1293
1.13706
1.15052
1.16754
1.18476
1.19835
1.20523
1.20386
1.19475
1.18065
1.16593
1.15518
1.151
1.15281
1.15808
1.16436
1.17049
1.17637
1.18252
1.18928
1.19651
1.20334
1.20855
1.21077
1.20864
1.20092
1.18642
1.16441
1.13514
1.10026
1.06271
1.02649
0.996074
0.975093
0.965227
0.965752
0.974244
0.987973
1.0051
1.0247
1.04611
1.0683
1.08993
1.10995
1.12817
1.14514
1.16165
1.17788
1.1933
1.207
1.21817
1.22643
1.23195
1.23517
1.23646
1.23581
1.23287
1.22732
1.21909
1.20841
1.19589
1.18243
1.16899
1.15671
1.14672
1.13981
1.13603
1.13458
1.13434
1.13459
1.13512
1.13608
1.13741
1.13864
1.13908
1.13834
1.13666
1.13468
1.13318
1.13269
1.13334
1.13456
1.13535
1.13446
1.13067
1.12326
1.11222
1.09843
1.08372
1.07039
1.06062
1.05585
1.05612
1.06016
1.06602
1.0718
1.07622
1.07859
1.07875
1.07693
1.07404
1.07186
1.0731
1.08085
1.09754
1.12367
1.15714
1.19373
1.22851
1.25696
1.27576
1.28304
1.27836
1.26254
1.2375
1.20602
1.17133
1.13664
1.10503
1.07938
1.06224
1.05542
1.05935
1.07276
1.09287
1.11593
1.13808
1.156
1.16751
1.17156
1.16832
1.15899
1.14516
1.12865
1.11111
1.09393
1.07833
1.06541
1.05631
1.05213
1.05356
1.06063
1.0726
1.08802
1.10483
1.12067
1.13333
1.14124
1.14393
1.14257
1.13995
1.1396
1.14423
1.15455
1.16899
1.1847
1.19883
1.20946
1.21607
1.21915
1.21968
1.21869
1.21682
1.21426
1.21092
1.20637
1.20014
1.19165
1.18033
1.16599
1.14918
1.1315
1.11522
1.10222
1.09327
1.08798
1.08535
1.08446
1.08475
1.08584
1.08745
1.08934
1.09141
1.09392
1.09776
1.1042
1.11435
1.12843
1.1453
1.16264
1.17737
1.1865
1.1877
1.17983
1.16336
1.14047
1.11474
1.09005
1.06966
1.05564
1.049
1.0503
1.05973
1.07667
1.09931
1.12484
1.15
1.1718
1.18808
1.19774
1.2008
1.19844
1.19235
1.18415
1.17495
1.1655
1.15698
1.15146
1.1514
1.15805
1.16984
1.18256
1.19117
1.19195
1.18405
1.17007
1.15555
1.14591
1.14297
1.14421
1.14572
1.14506
1.14194
1.13782
1.13493
1.13527
1.13948
1.14656
1.15415
1.15964
1.16112
1.15778
1.14975
1.13764
1.12239
1.10528
1.08789
1.072
1.05938
1.05156
1.0495
1.05366
1.06416
1.08068
1.10193
1.12552
1.14815
1.16657
1.17834
1.1823
1.17842
1.16764
1.15159
1.13234
1.11225
1.09359
1.07821
1.06709
1.06039
1.0576
1.05792
1.06084
1.06639
1.07509
1.08754
1.10408
1.12451
1.14803
1.17327
1.19841
1.22148
1.24061
1.25424
1.26164
1.26297
1.25936
1.2523
1.24314
1.23282
1.22175
1.20994
1.19696
1.18206
1.16426
1.14292
1.11826
1.09195
1.0671
1.04759
1.03708
1.03783
1.05001
1.07127
1.09727
1.12253
1.14179
1.1512
1.14908
1.13615
1.11535
1.09081
1.06698
1.04786
1.03647
1.03481
1.04399
1.06418
1.09422
1.13135
1.1713
1.20908
1.24011
1.26117
1.27111
1.27067
1.26124
1.24368
1.21839
1.18625
1.1501
1.11506
1.08756
1.07287
1.07324
1.08745
1.11189
1.14172
1.17175
1.19705
1.21361
1.21897
1.21281
1.19675
1.17358
1.14637
1.11771
1.0899
1.06537
1.04669
1.0362
1.03505
1.04239
1.05573
1.07163
1.08685
1.09939
1.10892
1.11619
1.12222
1.12774
1.13308
1.13849
1.14445
1.15136
1.1594
1.16825
1.17706
1.18478
1.19037
1.19299
1.19192
1.1866
1.17666
1.1623
1.14451
1.12494
1.10569
1.08882
1.07597
1.06817
1.06581
1.06859
1.07552
1.08536
1.09711
1.1103
1.12457
1.13912
1.15246
1.16284
1.16908
1.17104
1.1695
1.16582
1.16174
1.15915
1.15969
1.16403
1.1715
1.18031
1.18817
1.19314
1.1943
1.19174
1.18646
1.17979
1.17299
1.16702
1.16258
1.16023
1.16024
1.16249
1.16633
1.17084
1.17519
1.17876
1.1812
1.18221
1.18146
1.17855
1.17323
1.1654
1.15517
1.14269
1.12816
1.11191
1.09437
1.07641
1.05933
1.04505
1.0355
1.03164
1.0334
1.04029
1.05209
1.06858
1.08886
1.11096
1.13203
1.14928
1.16068
1.16543
1.16373
1.15648
1.1448
1.13001
1.1139
1.09847
1.08555
1.07599
1.06999
1.06758
1.06897
1.07443
1.08388
1.09663
1.11147
1.12697
1.14178
1.15488
1.16572
1.17432
1.18083
1.18539
1.18787
1.18797
1.18549
1.18054
1.1735
1.16481
1.15476
1.1436
1.13175
1.11986
1.10886
1.09978
1.09357
1.09086
1.09172
1.09566
1.10208
1.11046
1.1202
1.13049
1.14036
1.149
1.15605
1.16153
1.1657
1.1687
1.17033
1.17003
1.16721
1.1614
1.15253
1.14098
1.12764
1.11372
1.10048
1.08912
1.08087
1.07688
1.07806
1.08469
1.09606
1.11045
1.1256
1.13945
1.15079
1.15915
1.16471
1.16786
1.16895
1.16807
1.16507
1.15966
1.15165
1.14101
1.12819
1.11403
1.09968
1.08644
1.07526
1.06636
1.05958
1.05512
1.05415
1.05844
1.06916
1.08561
1.10514
1.12432
1.1404
1.15208
1.15975
1.16503
1.16995
1.17623
1.18467
1.19509
1.20667
1.2186
1.23029
1.24141
1.25168
1.26073
1.26806
1.273
1.27487
1.27289
1.26657
1.2556
1.23987
1.21968
1.19543
1.16763
1.13681
1.10382
1.07014
1.03806
1.01019
0.988612
0.974449
0.967776
0.968017
0.974313
0.985842
1.00175
1.02106
1.04234
1.06358
1.08238
1.09644
1.10432
1.106
1.10308
1.0985
1.09557
1.09692
1.10381
1.11581
1.13136
1.14849
1.16566
1.18206
1.19733
1.21132
1.22384
1.23455
1.24289
1.24817
1.24983
1.24749
1.24098
1.23047
1.21623
1.19872
1.17841
1.15611
1.13317
1.11137
1.09266
1.0784
1.06912
1.0645
1.06366
1.06563
1.06945
1.07426
1.07963
1.08568
1.09285
1.10161
1.11182
1.1227
1.13293
1.14101
1.14607
1.14816
1.14813
1.14717
1.14627
1.14621
1.14745
1.15014
1.15406
1.15866
1.16331
1.16762
1.17184
1.17654
1.18189
1.18705
1.19038
1.19055
1.18737
1.1814
1.17315
1.16256
1.14908
1.13252
1.11379
1.09494
1.07867
1.06715
1.06111
1.05977
1.06177
1.06619
1.07311
1.08327
1.09721
1.11452
1.13376
1.15301
1.17032
1.18393
1.19227
1.19415
1.18901
1.17735
1.16111
1.14367
1.12916
1.12131
1.12173
1.12887
1.13871
1.14696
1.15103
1.15073
1.14809
1.14598
1.14677
1.15115
1.15813
1.16555
1.17086
1.17201
1.1679
1.15873
1.14602
1.13206
1.11924
1.10934
1.10308
1.10009
1.09906
1.09853
1.09754
1.09622
1.09558
1.09687
1.10103
1.1083
1.11834
1.13085
1.14558
1.16208
1.1794
1.19612
1.21027
1.21975
1.22277
1.21822
1.20586
1.1862
1.1606
1.13159
1.10279
1.07836
1.06202
1.05612
1.06111
1.07581
1.09788
1.12443
1.15231
1.17842
1.19974
1.21356
1.21771
1.21093
1.19319
1.1659
1.13224
1.09686
1.06542
1.0434
1.03469
1.04069
1.0597
1.08756
1.11879
1.14809
1.17141
1.18662
1.1935
1.19341
1.18876
1.1824
1.17701
1.17418
1.17411
1.17562
1.17675
1.17564
1.17129
1.16402
1.15522
1.14667
1.13967
1.13457
1.13073
1.12699
1.1223
1.11611
1.10852
1.10029
1.0927
1.08739
1.08608
1.09023
1.10064
1.11703
1.13782
1.16075
1.1832
1.20267
1.21665
1.22283
1.21983
1.20782
1.18884
1.16633
1.1442
1.12562
1.11233
1.10472
1.10225
1.10386
1.10841
1.11493
1.12262
1.13083
1.13899
1.14674
1.15423
1.16215
1.17128
1.18162
1.19194
1.19995
1.20282
1.19807
1.18454
1.16295
1.13596
1.1075
1.08158
1.06127
1.04825
1.04296
1.04494
1.05287
1.06487
1.07903
1.09361
1.1072
1.1188
1.12771
1.13363
1.13649
1.13627
1.13298
1.12637
1.11621
1.10267
1.08667
1.07027
1.05639
1.04823
1.0483
1.05758
1.07526
1.09895
1.12551
1.15175
1.17485
1.19282
1.20452
1.20988
1.20979
1.20587
1.19983
1.19305
1.18643
1.18063
1.17634
1.17409
1.17389
1.17504
1.17624
1.17606
1.17351
1.16846
1.16165
1.15426
1.1469
1.13936
1.13129
1.12324
1.11725
1.11598
1.12075
1.13006
1.14039
1.14848
1.15277
1.15344
1.15149
1.1479
1.1431
1.13709
1.1296
1.12048
1.11002
1.09934
1.0903
1.08524
1.08607
1.09342
1.1062
1.12202
1.13774
1.15009
1.15625
1.15441
1.14424
1.12701
1.10521
1.08195
1.06028
1.04291
1.03197
1.02894
1.03455
1.04892
1.07169
1.10184
1.13769
1.17674
1.2158
1.25115
1.27904
1.29623
1.3004
1.29067
1.26776
1.23396
1.19297
1.14932
1.10754
1.0714
1.04336
1.02449
1.0148
1.01369
1.02031
1.03371
1.05286
1.07634
1.10236
1.12893
1.15434
1.17728
1.19691
1.21275
1.22473
1.23313
1.23864
1.24237
1.24547
1.24862
1.25192
1.25457
1.25512
1.25162
1.24211
1.2252
1.20052
1.16922
1.13407
1.09953
1.07111
1.05406
1.05127
1.06176
1.08121
1.1044
1.12718
1.14686
1.16142
1.16897
1.16776
1.15688
1.13702
1.11093
1.08309
1.05871
1.04229
1.0367
1.0426
1.05858
1.08171
1.10862
1.13642
1.16302
1.18666
1.2056
1.218
1.22235
1.21807
1.20597
1.18817
1.16738
1.14618
1.12675
1.11056
1.09827
1.08982
1.08462
1.08177
1.08064
1.08102
1.08292
1.08637
1.09127
1.09745
1.10465
1.11263
1.12094
1.12885
1.1352
1.13879
1.13868
1.13454
1.12681
1.11672
1.10614
1.09723
1.09194
1.0914
1.09549
1.10314
1.11292
1.1236
1.13406
1.14305
1.14885
1.14971
1.14454
1.1335
1.11858
1.10331
1.09175
1.08685
1.08943
1.09822
1.11091
1.12524
1.1396
1.15301
1.16474
1.17394
1.17982
1.18174
1.17942
1.17283
1.16236
1.14897
1.13424
1.12046
1.1101
1.10501
1.10609
1.11327
1.12583
1.14259
1.162
1.18204
1.20043
1.21492
1.22378
1.22627
1.22277
1.21481
1.20463
1.1947
1.18664
1.18046
1.17468
1.16732
1.15726
1.14483
1.13152
1.11915
1.1089
1.1008
1.09371
1.08588
1.0759
1.06342
1.04932
1.03551
1.02431
1.01803
1.0187
1.02816
1.04765
1.0771
1.11429
1.15462
1.19195
1.22018
1.23522
1.23587
1.22369
1.20259
1.17789
1.15521
1.1394
1.13318
1.13658
1.1473
1.16193
1.17716
1.19058
1.2004
1.20555
1.20552
1.20043
1.19106
1.17849
1.1639
1.14803
1.1312
1.11345
1.095
1.0768
1.06076
1.04948
1.04535
1.04942
1.06065
1.0761
1.09218
1.10587
1.11559
1.12102
1.12277
1.12232
1.12183
1.12404
1.13159
1.14585
1.16615
1.18966
1.21223
1.22969
1.23907
1.23913
1.23026
1.21391
1.19199
1.16672
1.1409
1.11773
1.10039
1.09135
1.09135
1.09922
1.11224
1.12719
1.14131
1.15286
1.16131
1.16668
1.16905
1.16821
1.16356
1.15457
1.14106
1.12355
1.10343
1.08281
1.064
1.04906
1.03924
1.03481
1.03512
1.03893
1.04499
1.0525
1.06134
1.0721
1.08553
1.10204
1.1213
1.14231
1.16362
1.1836
1.20091
1.21483
1.22531
1.23279
1.23799
1.24156
1.24381
1.24464
1.24364
1.24011
1.23326
1.2224
1.20722
1.18823
1.16684
1.14514
1.12529
1.1087
1.09554
1.08503
1.076
1.06749
1.05907
1.05117
1.04506
1.04241
1.04444
1.05128
1.06166
1.07336
1.084
1.09199
1.09691
1.09954
1.1014
1.10411
1.10886
1.11624
1.12618
1.13812
1.1511
1.16375
1.17458
1.18248
1.1872
1.18938
1.19023
1.1904
1.18931
1.18557
1.17795
1.16616
1.1512
1.13507
1.12037
1.10945
1.10407
1.10484
1.11102
1.12058
1.13074
1.13866
1.14217
1.14014
1.13278
1.12156
1.10901
1.09823
1.09204
1.09245
1.10011
1.11422
1.13261
1.15232
1.17044
1.18507
1.19554
1.20234
1.20654
1.20934
1.21155
1.21315
1.21323
1.21047
1.2037
1.19253
1.17761
1.16067
1.14389
1.1292
1.11758
1.10887
1.1019
1.09536
1.08855
1.08203
1.07739
1.0765
1.08052
1.08904
1.10013
1.11093
1.11858
1.12103
1.11742
1.10804
1.094
1.07693
1.05888
1.0421
1.02887
1.0209
1.01876
1.02178
1.02845
1.03724
1.04727
1.05843
1.07123
1.08627
1.1037
1.12288
1.14276
1.16234
1.18131
1.2
1.21885
1.23756
1.25515
1.27025
1.28178
1.28911
1.29181
1.28943
1.28191
1.27007
1.25582
1.24136
1.22834
1.21716
1.20703
1.19649
1.18396
1.16816
1.1485
1.12542
1.10059
1.07681
1.05706
1.04358
1.03722
1.03759
1.0436
1.05363
1.06563
1.077
1.08505
1.08788
1.08548
1.07997
1.07469
1.07263
1.07493
1.08094
1.08915
1.09819
1.10729
1.11608
1.12477
1.13389
1.14416
1.15627
1.17068
1.18712
1.20425
1.21985
1.23123
1.23632
1.23432
1.22596
1.2131
1.19799
1.18272
1.16887
1.15726
1.14818
1.14147
1.13665
1.13304
1.12972
1.12587
1.12085
1.11448
1.10687
1.09837
1.08969
1.08201
1.07711
1.07713
1.08352
1.09611
1.11281
1.13046
1.14598
1.15687
1.16164
1.1598
1.15172
1.13859
1.12244
1.10589
1.0919
1.0832
1.08182
1.08857
1.10274
1.12234
1.14456
1.16629
1.18469
1.19749
1.20322
1.20141
1.19243
1.17757
1.15871
1.13799
1.1175
1.09915
1.08489
1.0764
1.07477
1.0802
1.09157
1.10675
1.12304
1.13769
1.14812
1.15226
1.1486
1.13658
1.1167
1.09084
1.06232
1.03562
1.01579
1.00752
1.01396
1.03597
1.07167
1.11681
1.16565
1.21219
1.25125
1.27915
1.29419
1.29657
1.28817
1.27197
