-6.6481
-6.64187
-6.62099
-6.60652
-6.59602
-6.58832
-6.58033
-6.57696
-6.575
-6.57401
-6.57443
-6.5753
-6.57538
-6.57699
-6.57837
-6.57882
-6.57839
-6.57814
-6.57658
-6.57546
-6.57425
-6.57403
-6.57358
-6.57231
-6.57093
-6.5717
-6.57237
-6.57391
-6.5724
-6.57332
-6.57305
-6.57608
-6.57618
-6.57814
-6.57961
-6.58216
-6.5825
-6.58161
-6.58211
-6.58404
-6.58262
-6.58084
-6.582
-6.58098
-6.58302
-6.58328
-6.58469
-6.58335
-6.58215
-6.58135
-6.57963
-6.57858
-6.57719
-6.57935
-6.58052
-6.57943
-6.58062
-6.57987
-6.57883
-6.5794
-6.57704
-6.57852
-6.57831
-6.57834
-6.5786
-6.57976
-6.5812
-6.58035
-6.58144
-6.58287
-6.58335
-6.58483
-6.58536
-6.583
-6.5826
-6.58353
-6.58416
-6.58352
-6.58356
-6.58331
-6.58178
-6.58124
-6.58137
-6.5815
-6.58131
-6.58141
-6.5808
-6.57978
-6.5793
-6.58035
-6.58005
-6.57908
-6.5788
-6.5786
-6.57854
-6.58057
-6.58014
-6.57819
-6.5779
-6.5776
-6.57693
-6.5765
-6.57823
-6.57533
-6.57654
-6.57735
-6.57647
-6.57588
-6.57595
-6.57381
-6.57532
-6.57599
-6.57584
-6.57583
-6.57658
-6.57708
-6.57727
-6.57902
-6.58131
-6.58476
-6.58578
-6.58664
-6.58768
-6.58795
-6.58781
-6.58663
-6.58933
-6.5888
-6.58573
-6.58468
-6.58405
-6.58421
-6.58354
-6.58527
-6.58359
-6.58234
-6.58439
-6.58517
-6.58489
-6.5822
-6.58356
-6.58641
-6.58592
-6.58441
-6.58259
-6.58078
-6.5803
-6.57984
-6.58072
-6.58034
-6.57936
-6.57909
-6.57888
-6.57743
-6.57928
-6.5789
-6.58179
-6.58146
-6.58176
-6.58198
-6.58143
-6.58233
-6.58048
-6.58238
-6.5813
-6.58154
-6.58057
-6.58133
-6.58093
-6.57934
-6.5791
-6.57597
-6.57804
-6.58078
-6.5813
-6.58156
-6.58317
-6.58253
-6.58413
-6.58438
-6.58519
-6.58686
-6.59006
-6.58959
-6.58515
-6.58451
-6.58447
-6.58342
-6.58173
-6.58104
-6.58139
-6.58215
-6.58173
-6.58337
-6.58417
-6.58604
-6.58539
-6.58737
-6.58673
-6.58701
-6.58623
-6.58567
-6.58502
-6.58365
-6.58353
-6.58564
-6.58548
-6.58306
-6.58326
-6.58414
-6.5857
-6.58697
-6.58662
-6.58497
-6.58526
-6.58262
-6.58226
-6.5832
-6.57997
-6.58064
-6.58264
-6.58433
-6.58506
-6.58386
-6.58428
-6.58375
-6.58387
-6.58368
-6.58058
-6.57909
-6.58047
-6.58214
-6.58243
-6.58102
-6.58213
-6.58158
-6.58132
-6.58174
-6.58026
-6.58081
-6.58079
-6.5805
-6.5822
-6.58423
-6.58529
-6.58406
-6.58413
-6.58323
-6.58591
-6.58538
-6.5842
-6.58368
-6.58378
-6.58482
-6.58454
-6.5823
-6.58296
-6.58331
-6.58401
-6.58311
-6.58318
-6.5826
-6.5846
-6.5853
-6.58502
-6.58635
-6.58571
-6.58535
-6.58688
-6.58672
-6.59072
-6.58981
-6.59212
-6.58957
-6.58704
-6.58681
-6.58532
-6.58484
-6.5831
-6.58367
-6.58331
-6.58332
-6.58176
-6.58255
-6.58016
-6.58077
-6.57981
-6.5805
-6.58182
-6.5821
-6.58259
-6.58195
-6.58115
-6.57957
-6.57824
-6.57818
-6.57722
-6.57767
-6.58025
-6.58108
-5.94795
-5.94475
-5.94416
-5.94397
-5.94609
-5.94431
-5.94402
-5.94313
-5.94279
-5.94229
-5.94318
-5.94061
-5.94173
-5.94204
-5.94193
-5.94083
-5.94014
-5.93802
-5.93844
-5.93819
-5.93722
-5.93868
-5.94146
-5.94222
-5.94188
-5.94301
-5.94496
-5.94512
-5.94314
-5.94385
-5.94401
-5.94144
-5.94204
-5.94527
-5.94572
-5.94633
-5.94485
-5.94546
-5.94523
-5.94539
-5.943
-5.94352
-5.94503
-5.9459
-5.94518
-5.94545
-5.94441
-5.94688
-5.94634
-5.94504
-5.94654
-5.94664
-5.94473
-5.94505
-5.94342
-5.94311
-5.94251
-5.94322
-5.94136
-5.94116
-5.94297
-5.94293
-5.94431
-5.94296
-5.94213
-5.94373
-5.94311
-5.94405
-5.9435
-5.94498
-5.94365
-5.94376
-5.94413
-5.94288
-5.94329
-5.94278
-5.94133
-5.94186
-5.94273
-5.94362
-5.9432
-5.94339
-5.94222
-5.94519
-5.94582
-5.94448
-5.94419
-5.94469
-5.94251
-5.94545
-5.94663
-5.94724
-5.9465
-5.94659
-5.94554
-5.9447
-5.9454
-5.94444
-5.94472
-5.94363
-5.94377
-5.94517
-5.9446
-5.94563
-5.94148
-5.94155
-5.94133
-5.94153
-5.9415
-5.94097
-5.94027
-5.94101
-5.9409
-5.94246
-5.94394
-5.94328
-5.9446
-5.94526
-5.94404
-5.94528
-5.94296
-5.94396
-5.94318
-5.94482
-5.945
-5.94403
-5.94416
-5.94441
-5.94346
-5.94225
-5.942
-5.94331
-5.94223
-5.9433
-5.94299
-5.94428
-5.94462
-5.94404
-5.94645
-5.94856
-5.94612
-5.94716
-5.94869
-5.94811
-5.94772
-5.94599
-5.94592
-5.9486
-5.94695
-5.94521
-5.94591
-5.94701
-5.94744
-5.94776
-5.94821
-5.94813
-5.94658
-5.9459
-5.94616
-5.94638
-5.94687
-5.94606
-5.94698
-5.94846
-5.9473
-5.948
-5.94729
-5.94964
-5.9491
-5.94912
-5.94864
-5.94857
-5.94957
-5.94943
-5.94656
-5.94747
-5.94993
-5.94812
-5.94569
-5.9453
-5.94443
-5.94377
-5.94398
-5.94241
-5.9435
-5.94196
-5.94351
-5.9429
-5.94176
-5.94272
-5.94325
-5.94309
-5.94329
-5.9439
-5.94655
-5.94447
-5.94384
-5.94532
-5.94699
-5.94848
-5.94647
-5.9454
-5.94486
-5.94446
-5.94351
-5.94233
-5.94227
-5.94246
-5.94236
-5.94433
-5.94259
-5.94265
-5.94443
-5.94495
-5.94378
-5.94312
-5.94327
-5.94199
-5.94199
-5.9398
-5.93746
-5.94085
-5.94055
-5.94071
-5.94157
-5.94047
-5.94024
-5.93989
-5.94071
-5.94273
-5.94308
-5.94404
-5.94626
-5.94616
-5.94632
-5.94735
-5.94635
-5.94493
-5.94505
-5.94416
-5.94392
-5.94311
-5.94312
-5.94501
-5.94556
-5.94537
-5.9492
-5.94752
-5.94608
-5.95001
-5.94928
-5.94815
-5.94635
-5.94491
-5.9464
-5.94596
-5.94607
-5.94667
-5.94703
-5.94781
-5.94937
-5.94921
-5.94875
-5.94619
-5.94422
-5.94323
-5.94227
-5.94154
-5.94249
-5.94393
-5.94413
-5.94244
-5.94118
-5.9434
-5.94277
-5.94264
-5.94244
-5.94211
-5.94155
-5.94161
-5.94122
-5.94105
-5.94018
-5.94128
-5.94054
-5.94216
-5.94287
-5.9426
-5.9458
-5.94722
-5.94909
-5.94752
-5.94611
-5.94557
-5.94369
-5.94317
-5.94532
-5.94437
-5.94651
-5.94719
-5.75666
-5.75625
-5.75569
-5.75625
-5.75523
-5.75605
-5.75409
-5.75192
-5.7496
-5.74921
-5.74792
-5.74611
-5.74669
-5.74477
-5.74484
-5.74594
-5.74777
-5.74908
-5.74884
-5.75052
-5.75113
-5.75095
-5.74869
-5.74897
-5.74924
-5.75087
-5.75227
-5.75278
-5.75173
-5.75168
-5.75225
-5.75215
-5.7533
-5.75154
-5.75244
-5.75308
-5.75342
-5.75332
-5.75267
-5.75108
-5.75214
-5.75145
-5.75139
-5.75206
-5.75056
-5.75077
-5.75046
-5.74741
-5.7479
-5.74743
-5.74887
-5.75108
-5.75409
-5.75571
-5.75452
-5.75313
-5.75333
-5.75245
-5.74846
-5.7461
-5.74613
-5.74628
-5.74714
-5.74925
-5.74924
-5.74958
-5.75116
-5.75196
-5.75287
-5.75318
-5.75185
-5.7518
-5.75115
-5.75032
-5.7498
-5.7465
-5.74764
-5.74869
-5.74895
-5.75065
-5.74922
-5.75083
-5.75027
-5.74912
-5.74992
-5.7484
-5.75102
-5.75131
-5.75127
-5.75416
-5.7538
-5.75499
-5.75503
-5.75577
-5.75521
-5.75437
-5.75079
-5.7495
-5.74877
-5.74745
-5.74851
-5.75027
-5.75228
-5.75238
-5.75077
-5.74968
-5.75049
-5.75328
-5.75471
-5.75583
-5.75569
-5.75525
-5.75311
-5.7526
-5.75144
-5.75015
-5.7484
-5.74571
-5.74482
-5.74497
-5.74743
-5.74835
-5.74905
-5.74795
-5.74923
-5.75057
-5.75382
-5.75435
-5.75627
-5.75659
-5.7556
-5.75655
-5.75561
-5.75577
-5.75547
-5.75444
-5.75275
-5.75179
-5.75136
-5.75055
-5.75038
-5.75434
-5.75132
-5.74996
-5.7492
-5.74936
-5.74948
-5.74826
-5.74798
-5.74703
-5.74578
-5.74717
-5.74703
-5.74665
-5.746
-5.74669
-5.74677
-5.74685
-5.74691
-5.74951
-5.74977
-5.75024
-5.75026
-5.75176
-5.75023
-5.75086
-5.74979
-5.7477
-5.74985
-5.74981
-5.74862
-5.74728
-5.7497
-5.7507
-5.75119
-5.75338
-5.75198
-5.75399
-5.75412
-5.75293
-5.7517
-5.74984
-5.74652
-5.74449
-5.74365
-5.74255
-5.7435
-5.74485
-5.74551
-5.74795
-5.74911
-5.74892
-5.74895
-5.74986
-5.75003
-5.75172
-5.75161
-5.75158
-5.75192
-5.75176
-5.75286
-5.75278
-5.75067
-5.75332
-5.75287
-5.75341
-5.7551
-5.75621
-5.75346
-5.75173
-5.74952
-5.7492
-5.74899
-5.74611
-5.74718
-5.74737
-5.74699
-5.74916
-5.74821
-5.74858
-5.75016
-5.7519
-5.7531
-5.75304
-5.75272
-5.75349
-5.75247
-5.7497
-5.74975
-5.74744
-5.74707
-5.74481
-5.74596
-5.74411
-5.74743
-5.74776
-5.74859
-5.74881
-5.74925
-5.74921
-5.74933
-5.74775
-5.75038
-5.74791
-5.7494
-5.75062
-5.75183
-5.753
-5.75445
-5.75427
-5.75377
-5.75518
-5.75592
-5.75398
-5.75353
-5.75293
-5.75345
-5.75088
-5.74978
-5.74925
-5.74679
-5.74705
-5.74789
-5.74877
-5.75075
-5.75315
-5.75352
-5.75385
-5.75421
-5.75548
-5.75387
-5.75245
-5.74973
-5.74868
-5.74799
-5.74696
-5.7452
-5.74591
-5.74717
-5.74804
-5.74762
-5.74761
-5.74715
-5.74695
-5.74897
-5.75055
-5.75056
-5.75077
-5.74946
-5.75081
-5.7487
-5.74971
-5.74974
-5.74952
-5.74876
-5.74745
-5.74779
-5.7494
-5.74872
-5.74902
-5.58124
-5.58066
-5.58029
-5.58076
-5.58004
-5.57965
-5.58042
-5.58032
-5.57902
-5.57595
-5.57706
-5.57601
-5.57807
-5.57748
-5.57784
-5.57947
-5.58107
-5.5822
-5.58361
-5.58435
-5.58518
-5.58409
-5.5822
-5.58168
-5.57825
-5.5763
-5.57431
-5.57328
-5.57253
-5.57204
-5.57175
-5.57327
-5.57433
-5.57322
-5.57343
-5.57417
-5.57569
-5.57628
-5.57885
-5.57724
-5.57865
-5.58187
-5.58214
-5.58241
-5.58075
-5.57942
-5.58005
-5.57787
-5.57785
-5.57652
-5.57521
-5.57551
-5.57697
-5.57718
-5.57633
-5.57724
-5.57695
-5.5784
-5.57677
-5.57728
-5.57968
-5.5792
-5.57848
-5.57826
-5.5776
-5.57973
-5.57902
-5.58018
-5.58234
-5.58181
-5.5802
-5.57893
-5.57918
-5.5786
-5.57835
-5.57791
-5.57795
-5.57805
-5.58117
-5.58183
-5.58375
-5.58295
-5.58409
-5.58281
-5.58221
-5.58208
-5.58148
-5.57971
-5.58061
-5.57799
-5.58029
-5.57914
-5.57912
-5.57992
-5.57823
-5.57747
-5.57754
-5.58065
-5.58068
-5.57994
-5.58008
-5.57917
-5.58015
-5.58115
-5.57902
-5.58029
-5.57851
-5.58011
-5.58209
-5.58052
-5.57959
-5.58022
-5.58206
-5.58115
-5.58128
-5.58277
-5.58083
-5.57715
-5.57737
-5.57672
-5.5769
-5.57827
-5.57827
-5.57784
-5.57598
-5.57744
-5.57762
-5.57777
-5.57687
-5.57587
-5.57702
-5.57801
-5.57525
-5.57521
-5.57471
-5.57579
-5.57566
-5.5751
-5.57647
-5.57784
-5.57751
-5.57797
-5.57682
-5.57654
-5.57774
-5.57776
-5.57784
-5.57764
-5.57974
-5.58098
-5.58185
-5.5809
-5.57984
-5.579
-5.58019
-5.57815
-5.57938
-5.57974
-5.57802
-5.5771
-5.57913
-5.57904
-5.57859
-5.57676
-5.57596
-5.57546
-5.57288
-5.57163
-5.57371
-5.57394
-5.57611
-5.57656
-5.57832
-5.57829
-5.58015
-5.58088
-5.58112
-5.58001
-5.57936
-5.57937
-5.57829
-5.57758
-5.57861
-5.57878
-5.58088
-5.58153
-5.5822
-5.58141
-5.581
-5.58152
-5.58295
-5.58175
-5.58093
-5.57962
-5.57957
-5.57989
-5.57835
-5.57824
-5.57666
-5.57333
-5.57542
-5.5746
-5.57514
-5.57676
-5.57707
-5.57751
-5.57814
-5.57973
-5.58187
-5.58135
-5.58182
-5.58113
-5.58068
-5.57929
-5.57764
-5.57891
-5.58077
-5.58089
-5.57961
-5.57861
-5.57768
-5.5779
-5.5768
-5.57576
-5.57579
-5.57649
-5.57638
-5.57852
-5.58081
-5.58217
-5.58219
-5.58046
-5.58053
-5.58212
-5.58115
-5.57938
-5.57895
-5.57741
-5.57587
-5.57736
-5.57746
-5.57693
-5.57927
-5.58061
-5.58179
-5.58082
-5.58154
-5.57986
-5.57857
-5.57812
-5.57828
-5.57685
-5.57647
-5.57522
-5.57668
-5.57468
-5.57504
-5.57675
-5.57524
-5.57631
-5.57738
-5.57682
-5.57624
-5.5753
-5.57463
-5.57615
-5.57629
-5.57601
-5.57632
-5.57596
-5.57597
-5.5774
-5.57643
-5.57827
-5.57611
-5.57665
-5.57819
-5.57993
-5.57919
-5.57792
-5.5784
-5.57979
-5.5799
-5.58044
-5.58242
-5.58132
-5.5807
-5.58145
-5.58446
-5.5838
-5.58454
-5.58277
-5.58237
-5.58213
-5.58022
-5.58
-5.57832
-5.57618
-5.57615
-5.57685
-5.58014
-5.57939
-5.58045
-5.5808
-5.5802
-5.58101
-5.5826
-5.58076
-5.58128
-5.58225
-5.58303
-5.58555
-5.5852
-5.58637
-5.58729
-5.58566
-5.58572
-5.58431
-5.5832
-5.5841
-5.58325
-5.5801
-5.58079
-5.5813
-5.58142
-5.581
-5.58129
-5.58074
-5.58007
-5.58003
-5.57904
-5.57839
-5.57843
-5.57819
-5.57682
-5.5757
-5.57743
-5.58088
-5.58234
-5.58205
-5.58424
-5.58533
-5.58426
-5.5826
-5.58331
-5.58422
-5.58252
-5.58318
-5.58083
-5.58154
-5.58061
-5.5814
-5.58368
-5.58246
-5.58067
-5.57987
-5.5784
-5.57843
-5.57905
-5.57929
-5.58197
-5.58208
-5.58205
-5.58107
-5.58138
-5.58115
-5.58026
-5.58154
-5.58088
-5.58219
-5.58241
-5.58331
-5.58276
-5.58585
-5.58381
-5.5835
-5.58273
-5.58291
-5.58156
-5.58396
-5.58366
-5.5813
-5.58292
-5.58188
-5.58259
-5.58046
-5.57817
-5.5771
-5.57858
-5.58002
-5.57989
-5.57929
-5.57841
-5.57732
-5.57928
-5.5809
-5.58227
-5.58347
-5.58555
-5.5829
-5.58265
-5.58203
-5.57992
-5.58167
-5.58348
-5.58382
-5.58432
-5.58533
-5.58325
-5.58125
-5.58115
-5.58121
-5.57878
-5.57974
-5.57844
-5.57873
-5.57925
-5.58197
-5.58113
-5.57927
-5.57746
-5.57991
-5.57959
-5.57917
-5.57963
-5.58354
-5.58406
-5.58311
-5.58296
-5.58235
-5.5814
-5.58256
-5.58434
-5.58451
-5.58322
-5.58248
-5.58244
-5.58086
-5.57924
-5.57815
-5.57939
-5.58262
-5.58315
-5.58492
-5.5861
-5.58558
-5.58599
-5.5855
-5.58489
-5.58362
-5.584
-5.58413
-5.58245
-5.58158
-5.58088
-5.57868
-5.57943
-5.57949
-5.57913
-5.57967
-5.57957
-5.5783
-5.57885
-5.57966
-5.57938
-5.58176
-5.58373
-5.58616
-5.58541
-5.58474
-5.58519
-5.58522
-5.58752
-5.58756
-5.58762
-5.58737
-5.58805
-5.58643
-5.58671
-5.58504
-5.58794
-5.58511
-5.58434
-5.58272
-5.58054
-5.58198
-5.58215
-5.57979
-5.58141
-5.58122
-5.58077
-5.58158
-5.58125
-5.5846
-5.5816
-5.58269
-5.58176
-5.58309
-5.58218
-5.58197
-5.58379
-5.58569
-5.58572
-5.58485
-5.58471
-5.58397
-5.5839
-5.58475
-5.58452
-5.58577
-5.5843
-5.58498
-5.58396
-5.58259
-5.58253
-5.58222
-5.58332
-5.58267
-5.58254
-5.58097
-5.58209
-5.58224
-5.58127
-5.5817
-5.57962
-5.5784
-5.57853
-5.57956
-5.57866
-5.58254
-5.58452
-5.58404
-5.58193
-5.58426
-5.58204
-5.57827
-5.5796
-5.57904
-5.57934
-5.57862
-5.57593
-5.5774
-5.57711
-5.57755
-5.57894
-5.58025
-5.58173
-5.58212
-5.58017
-5.58082
-5.58087
-5.58134
-5.58094
-5.5816
-5.58133
-5.58264
-5.58224
-5.58235
-5.58464
-5.58428
-5.5829
-5.58527
-5.58389
-5.58498
-5.58447
-5.58439
-5.5831
-5.58218
-5.58228
-5.5828
-5.5812
-5.58066
-5.57951
-5.57799
-5.57866
-5.57703
-5.5783
-5.57707
-5.57663
-5.57633
-5.57616
-5.57637
-5.57661
-5.57751
-5.57808
-5.58216
-5.58356
-5.58417
-5.58585
-5.58565
-5.58548
-5.58345
-5.58058
-5.58022
-5.57955
-5.57867
-5.57763
-5.57744
-5.57714
-5.57771
-5.5772
-5.57818
-5.57806
-5.57709
-5.57815
-5.57985
-5.5808
-5.58225
-5.58122
-5.58259
-5.58247
-5.58188
-5.58249
-5.58404
-5.58435
-5.58346
-5.58173
-5.58236
-5.58304
-5.58176
-5.58172
-5.58259
-5.58215
-5.58116
-5.58035
-5.57945
-5.58136
-5.58048
-5.58186
-5.58022
-5.5813
-5.58055
-5.58183
-5.58285
-5.58428
-5.58356
-5.58239
-5.58217
-5.58206
-5.58157
-5.58173
-5.58026
-5.57967
-5.57947
-5.57987
-5.57891
-5.57916
-5.57997
-5.57974
-5.58037
-5.58189
-5.58201
-5.58106
-5.58098
-5.58114
-5.57965
-5.57985
-5.58023
-5.57696
-5.57848
-5.57957
-5.58049
-5.58118
-5.58346
-5.58467
-5.58404
-5.58572
-5.58614
-5.58702
-5.58397
-5.58369
-5.58344
-5.58292
-5.58319
-5.5865
-5.58483
-5.58494
-5.58184
-5.5813
-5.58028
-5.57857
-5.5765
-5.57755
-5.57907
-5.57904
-5.58001
-5.58034
-5.57808
-5.57873
-5.57969
-5.58194
-5.58094
-5.58117
-5.58029
-5.57859
-5.57966
-5.57936
-5.57975
-5.57832
-5.57996
-5.58109
-5.58133
-5.58224
-5.58313
-5.58524
-5.58531
-5.58302
-5.58546
-5.58394
-5.58333
-5.58241
-5.58384
-5.58215
-5.58061
-5.58109
-5.58123
-5.58059
-5.582
-5.58026
-5.58063
-5.57899
-5.57965
-5.57913
-5.5804
-5.5806
-5.58138
-5.58054
-5.58226
-5.58224
-5.58167
-5.58136
-5.58375
-5.58423
-5.58213
-5.58334
-5.5847
-5.58497
-5.5861
-5.58681
-5.58515
-5.58314
-5.5812
-5.58074
-5.58024
-5.58268
-5.58254
-5.58165
-5.58343
-5.58252
-5.58301
-5.58455
-5.58293
-5.58468
-5.58179
-5.58205
-5.58421
-5.58404
-5.58289
-5.58308
-5.5834
-5.5836
-5.58596
-5.58525
-5.58398
-5.58334
-5.58327
-5.58471
-5.58471
-5.58393
-5.58204
-5.58101
-5.5822
-5.58017
-5.5786
-5.57883
-5.57702
-5.57928
-5.58106
-5.58096
-5.5818
-5.58319
-5.58314
-5.58327
-5.58299
-5.58238
-5.5834
-5.58343
-5.58019
-5.57948
-5.57935
-5.57987
-5.57885
-5.58022
-5.58039
-5.58124
-5.58139
-5.58304
-5.58358
-5.58462
-5.58392
-5.58475
-5.58717
-5.58671
-5.58571
-5.58585
-5.58624
-5.58491
-5.58369
-5.58179
-5.58068
-5.58065
-5.57717
-5.5781
-5.57741
-5.57617
-5.57542
-5.57713
-5.57839
-5.5769
-5.57779
-5.57839
-5.58121
-5.58038
-5.57781
-5.57931
-5.58197
-5.58091
-5.58099
-5.58123
-5.58007
-5.57951
-5.57898
-5.57689
-5.57487
-5.5739
-5.57464
-5.57351
-5.57117
-5.5728
-5.57387
-5.57406
-5.57532
-5.57571
-5.57586
-5.57896
-5.57881
-5.57984
-5.58168
-5.58139
-5.5803
-5.5801
-5.58314
-5.58297
-5.58187
-5.5827
-5.58318
-5.58266
-5.58249
-5.58401
-5.58501
-5.58488
-5.58584
-5.58556
-5.58525
-5.58353
-5.58422
-5.58343
-5.58343
-5.58329
-5.58112
-5.58153
-5.58139
-5.58306
-5.58337
-5.58328
-5.58208
-5.58225
-5.58235
-5.58101
-5.57947
-5.57841
-5.58082
-5.58128
-5.58154
-5.58069
-5.57969
-5.58108
-5.5825
-5.58194
-5.5848
-5.58552
-5.58464
-5.58246
-5.58034
-5.57742
-5.57643
-5.57591
-5.57409
-5.57368
-5.57379
-5.57398
-5.57471
-5.57673
-5.57504
-5.57571
-5.57682
-5.57834
-5.57965
-5.5811
-5.58268
-5.5809
-5.57935
-5.58005
-5.58207
-5.58449
-5.58345
-5.58192
-5.58283
-5.58162
-5.57954
-5.58141
-5.58201
-5.58129
-5.57957
-5.57909
-5.5792
-5.57828
-5.57729
-5.57755
-5.57812
-5.57872
-5.57914
-5.58076
-5.58033
-5.58003
-5.58096
-5.58035
-5.58066
-5.58148
-5.58027
-5.57943
-5.57759
-5.5796
-5.57989
-5.58115
-5.57955
-5.5821
-5.57975
-5.58064
-5.57921
-5.58025
-5.57865
-5.57857
-5.5802
-5.57986
-5.58365
-5.58472
-5.58692
-5.58536
-5.58522
-5.58521
-5.58507
-5.58419
-5.5836
-5.58367
-5.58184
-5.58268
-5.58264
-5.58398
-5.58309
-5.58153
-5.57959
-5.57984
-5.58011
-5.57792
-5.5773
-5.57479
-5.57498
-5.57717
-5.57569
-5.57614
-5.57959
-5.58034
-5.58254
-5.58197
-5.58327
-5.58168
-5.57963
-5.57987
-5.57963
-5.57806
-5.57907
-5.5791
-5.57842
-5.57954
-5.58075
-5.58132
-5.58373
-5.58271
-5.58314
-5.58186
-5.5842
-5.58505
-5.58439
-5.58525
-5.58676
-5.58652
-5.58524
-5.58118
-5.58005
-5.57877
-5.57682
-5.57526
-5.57345
-5.57654
-5.57694
-5.57876
-5.57864
-5.58007
-5.57817
-5.57873
-5.57913
-5.57909
-5.57929
-5.58003
-5.5803
-5.57976
-5.57972
-5.58028
-5.58287
-5.58178
-5.58127
-5.58257
-5.58358
-5.58348
-5.58411
-5.58514
-5.58276
-5.58061
-5.58139
-5.58191
-5.58256
-5.58107
-5.58232
-5.58169
-5.58168
-5.58225
-5.58207
-5.58214
-5.58154
-5.57967
-5.5792
-5.57926
-5.57793
-5.58004
-5.57967
-5.57926
-5.57838
-5.57896
-5.57878
-5.58085
-5.57971
-5.58121
-5.58143
-5.58161
-5.58103
-5.57903
-5.57789
-5.57702
-5.57647
-5.57697
-5.57854
-5.57828
-5.57902
-5.58065
-5.58017
-5.57946
-5.57601
-5.57606
-5.57814
-5.57974
-5.58026
-5.5794
-5.57943
-5.58026
-5.5811
-5.58046
-5.57985
-5.5809
-5.57985
-5.57847
-5.57825
-5.57965
-5.57948
-5.57827
-5.58231
-5.58296
-5.58399
-5.58374
-5.58422
-5.58616
-5.58444
-5.58659
-5.58455
-5.5848
-5.58153
-5.57894
-5.57801
-5.57687
-5.58015
-5.58241
-5.58394
-5.58325
-5.58435
-5.58256
-5.58245
-5.5825
-5.5835
-5.58454
-5.5847
-5.58527
-5.58627
-5.58509
-5.58267
-5.58287
-5.58237
-5.58174
-5.58094
-5.58129
-5.58028
-5.57898
-5.57751
-5.57655
-5.57733
-5.57715
-5.57654
-5.57485
-5.57831
-5.57701
-5.57724
-5.57842
-5.57956
-5.58245
-5.58103
-5.58124
-5.58165
-5.5826
-5.58161
-5.58173
-5.5802
-5.57945
-5.57922
-5.5786
-5.5795
-5.58056
-5.5827
-5.58292
-5.58246
-5.58259
-5.58008
-5.58112
-5.58185
-5.58293
-5.58208
-5.58156
-5.57937
-5.58195
-5.58179
-5.58243
-5.581
-5.57987
-5.57953
-5.57982
-5.5805
-5.58118
-5.57908
-5.57787
-5.57767
-5.57904
-5.57908
-5.57982
-5.57945
-5.57969
-5.58002
-5.58122
-5.57954
-5.57893
-5.58292
-5.58323
-5.58285
-5.58219
-5.58344
-5.58369
-5.585
-5.58491
-5.58548
-5.58359
-5.58089
-5.58161
-5.58246
-5.58008
-5.58049
-5.57872
-5.57797
-5.57862
-5.57948
-5.57942
-5.57924
-5.5801
-5.57984
-5.58034
-5.58394
-5.58511
-5.5846
-5.58401
-5.58116
-5.58174
-5.57973
-5.58013
-5.58005
-5.58048
-5.582
-5.58062
-5.58107
-5.58393
-5.5827
-5.58227
-5.5805
-5.58014
-5.58097
-5.5817
-5.58129
-5.58251
-5.58202
-5.58205
-5.58389
-5.58269
-5.58007
-5.57803
-5.57699
-5.57676
-5.57552
-5.57689
-5.5792
-5.57948
-5.58079
-5.57977
-5.57985
-5.57997
-5.58205
-5.58578
-5.58506
-5.5858
-5.58675
-5.58636
-5.58726
-5.5863
-5.58742
-5.5858
-5.58411
-5.58264
-5.58329
-5.58303
-5.58272
-5.5842
-5.58426
-5.5826
-5.58183
-5.57966
-5.57997
-5.57765
-5.57705
-5.57937
-5.57919
-5.58035
-5.57873
-5.57789
-5.57887
-5.57808
-5.57753
-5.57803
-5.57681
-5.5763
-5.57724
-5.57589
-5.57816
-5.57829
-5.57974
-5.58159
-5.58028
-5.58022
-5.57922
-5.58169
-5.581
-5.58017
-5.57921
-5.5777
-5.57939
-5.57894
-5.57979
-5.57771
-5.57859
-5.57934
-5.57953
-5.57839
-5.57957
-5.58039
-5.58139
-5.58248
-5.58291
-5.58456
-5.58315
-5.5832
-5.58286
-5.58058
-5.58219
-5.58042
-5.58037
-5.57854
-5.57711
-5.5773
-5.57858
-5.57889
-5.58216
-5.5855
-5.58294
-5.58169
-5.57967
-5.57871
-5.57667
-5.57907
-5.57967
-5.58087
-5.58121
-5.58194
-5.58313
-5.58168
-5.57905
-5.57995
-5.57764
-5.57827
-5.57979
-5.581
-5.58061
-5.58259
-5.58169
-5.58032
-5.58133
-5.57979
-5.57948
-5.57798
-5.57702
-5.57665
-5.5775
-5.58097
-5.58219
-5.58336
-5.58419
-5.58398
-5.58116
-5.57954
-5.57777
-5.57878
-5.57834
-5.57827
-5.57991
-5.57988
-5.57982
-5.58188
-5.58442
-5.58571
-5.58683
-5.58703
-5.58584
-5.58499
-5.58388
-5.58476
-5.58341
-5.58208
-5.58267
-5.58391
-5.58127
-5.58092
-5.57964
-5.57744
-5.57663
-5.57819
-5.57888
-5.57615
-5.57548
-5.57719
-5.57771
-5.57929
-5.57987
-5.58165
-5.57937
-5.58015
-5.57914
-5.57899
-5.57913
-5.57895
-5.57781
-5.57762
-5.57704
-5.57671
-5.57832
-5.57679
-5.57579
-5.5763
-5.57727
-5.57858
-5.57945
-5.58146
-5.58266
-5.5825
-5.58075
-5.57978
-5.57962
-5.57831
-5.5783
-5.57816
-5.58036
-5.57903
-5.57778
-5.57737
-5.57664
-5.57538
-5.575
-5.57461
-5.57553
-5.57673
-5.57617
-5.57855
-5.57891
-5.58237
-5.58276
-5.5827
-5.58286
-5.5829
-5.58245
-5.58501
-5.58511
-5.58509
-5.58313
-5.58328
-5.58209
-5.58373
-5.58226
-5.5808
-5.57901
-5.57928
-5.58079
-5.58289
-5.5834
-5.5827
-5.58546
-5.58525
-5.58581
-5.58733
-5.58601
-5.58575
-5.58649
-5.58659
-5.58573
-5.58296
-5.58442
-5.58486
-5.58101
-5.5809
-5.57972
-5.57854
-5.57943
-5.57956
-5.57933
-5.57873
-5.5787
-5.58015
-5.58167
-5.5825
-5.58385
-5.5857
-5.58778
-5.58723
-5.58822
-5.58745
-5.58706
-5.58473
-5.58405
-5.58481
-5.58288
-5.58163
-5.58048
-5.57824
-5.58046
-5.57938
-5.58081
-5.58273
-5.58282
-5.58422
-5.58234
-5.58162
-5.57938
-5.57754
-5.57648
-5.57507
-5.57256
-5.57421
-5.57448
-5.57481
-5.57574
-5.57753
-5.57828
-5.58032
-5.57759
-5.57866
-5.57872
-5.57936
-5.58201
-5.58546
-5.58695
-5.58734
-5.58696
-5.58618
-5.58542
-5.5864
-5.58279
-5.57961
-5.57803
-5.57757
-5.57601
-5.57619
-5.575
-5.57704
-5.57856
-5.58105
-5.57901
-5.58099
-5.57937
-5.5785
-5.57846
-5.577
-5.57534
-5.576
-5.57829
-5.5809
-5.58066
-5.57925
-5.58024
-5.57996
-5.58148
-5.58175
-5.58198
-5.58284
-5.58247
-5.58197
-5.58144
-5.58126
-5.58213
-5.58147
-5.58065
-5.58007
-5.57914
-5.58141
-5.58133
-5.58262
-5.5829
-5.58245
-5.58379
-5.58533
-5.58609
-5.58741
-5.58511
-5.58407
-5.58335
-5.58195
-5.58178
-5.58086
-5.58083
-5.57788
-5.57892
-5.57626
-5.57639
-5.57632
-5.57759
-5.57917
-5.57972
-5.58216
-5.58128
-5.58186
-5.58226
-5.58154
-5.58112
-5.57919
-5.58012
-5.58299
-5.5816
-5.58193
-5.58312
-5.58278
-5.58382
-5.5844
-5.58364
-5.58284
-5.58328
-5.58367
-5.58346
-5.58304
-5.5831
-5.58389
-5.58236
-5.58424
-5.58493
-5.58216
-5.58149
-5.58011
-5.5804
-5.57726
-5.57688
-5.57475
-5.57443
-5.57467
-5.57488
-5.5764
-5.57821
-5.57951
-5.58042
-5.58106
-5.5826
-5.58273
-5.58312
-5.58416
-5.58272
-5.58341
-5.58499
-5.58334
-5.58113
-5.57943
-5.57831
-5.57818
-5.58005
-5.5797
-5.57836
-5.58014
-5.58036
-5.58172
-5.58275
-5.5824
-5.58296
-5.58096
-5.58106
-5.58045
-5.58335
-5.58296
-5.5803
-5.57869
-5.57858
-5.57943
-5.57841
-5.57934
-5.58081
-5.58105
-5.5812
-5.58121
-5.58064
-5.57918
-5.58103
-5.58107
-5.58128
-5.58175
-5.58418
-5.58373
-5.58139
-5.5807
-5.58197
-5.58034
-5.57969
-5.57908
-5.57757
-5.57751
-5.57704
-5.57817
-5.57981
-5.57912
-5.57971
-5.58121
-5.58183
-5.57977
-5.57906
-5.57846
-5.57766
-5.57796
-5.57942
-5.5788
-5.5813
-5.58004
-5.582
-5.58148
-5.58289
-5.58393
-5.5821
-5.58112
-5.57956
-5.57757
-5.5788
-5.57837
-5.57751
-5.57934
-5.57986
-5.57964
-5.58119
-5.58154
-5.57999
-5.57978
-5.58006
-5.57836
-5.57679
-5.57774
-5.57772
-5.5793
-5.58014
-5.58076
-5.58008
-5.57829
-5.5789
-5.57803
-5.57539
-5.57722
-5.57614
-5.57866
-5.57988
-5.58204
-5.5838
-5.58163
-5.58171
-5.5815
-5.58328
-5.58512
-5.58375
-5.58402
-5.58497
-5.5834
-5.58421
-5.58416
-5.58453
-5.58491
-5.58295
-5.58409
-5.58251
-5.58017
-5.57908
-5.57796
-5.57844
-5.57856
-5.57861
-5.57792
-5.57681
-5.57759
-5.57779
-5.57689
-5.5789
-5.58032
-5.57974
-5.58182
-5.58246
-5.58085
-5.58144
-5.58005
-5.57971
-5.57769
-5.57576
-5.5747
-5.57524
-5.57512
-5.57629
-5.57771
-5.57995
-5.57704
-5.57849
-5.57858
-5.57977
-5.57786
-5.57557
-5.57568
-5.57453
-5.57662
-5.57962
-5.58071
-5.58237
-5.58461
-5.58514
-5.58825
-5.58738
-5.5864
-5.5844
-5.58599
-5.58188
-5.58317
-5.58152
-5.58192
-5.58157
-5.58033
-5.57923
-5.58013
-5.57826
-5.57762
-5.57945
-5.57962
-5.58145
-5.58395
-5.5851
-5.58445
-5.58549
-5.58366
-5.5832
-5.57999
-5.58064
-5.57911
-5.57685
-5.57905
-5.57824
-5.57882
-5.58101
-5.58118
-5.58257
-5.58459
-5.58499
-5.58247
-5.58191
-5.58231
-5.58334
-5.58372
-5.58438
-5.58431
-5.58407
-5.58466
-5.58226
-5.5825
-5.58031
-5.57801
-5.57817
-5.57779
-5.57839
-5.58015
-5.58006
-5.58038
-5.57987
-5.57808
-5.58037
-5.57779
-5.57844
-5.579
-5.57965
-5.58121
-5.5823
-5.5839
-5.58316
-5.58342
-5.58408
-5.58537
-5.5845
-5.58518
-5.58415
-5.58219
-5.58179
-5.5812
-5.57799
-5.57771
-5.57654
-5.57639
-5.57784
-5.57946
-5.58239
-5.58227
-5.58096
-5.58165
-5.58076
-5.58121
-5.583
-5.58297
-5.57997
-5.57996
-5.58143
-5.58116
-5.58296
-5.58128
-5.58
-5.58338
-5.58238
-5.5819
-5.58122
-5.58282
-5.58394
-5.58672
-5.58621
-5.58468
-5.58519
-5.58501
-5.58338
-5.58375
-5.58427
-5.58227
-5.58327
-5.58472
-5.58556
-5.58655
-5.58748
-5.58878
-5.5843
-5.58598
-5.58566
-5.58297
-5.58209
-5.58171
-5.58218
-5.57864
-5.57759
-5.57488
-5.57455
-5.57445
-5.57374
-5.57412
-5.57687
-5.57923
-5.57873
-5.58062
-5.5832
-5.58167
-5.58357
-5.58637
-5.58812
-5.58424
-5.58412
-5.58393
-5.58377
-5.58369
-5.5827
-5.58168
-5.58188
-5.58133
-5.58137
-5.57882
-5.57986
-5.57837
-5.5785
-5.57894
-5.57966
-5.57907
-5.57913
-5.58053
-5.58072
-5.58067
-5.58171
-5.58221
-5.58184
-5.5812
-5.58019
-5.58068
-5.57881
-5.57722
-5.5779
-5.58021
-5.57959
-5.57954
-5.58007
-5.58028
-5.58087
-5.57959
-5.58064
-5.58076
-5.5815
-5.58312
-5.5814
-5.57954
-5.57985
-5.5785
-5.57979
-5.57992
-5.57963
-5.57892
-5.57808
-5.57829
-5.57841
-5.57999
-5.57909
-5.57835
-5.57946
-5.57989
-5.57805
-5.57789
-5.57592
-5.5771
-5.57631
-5.57518
-5.57679
-5.57895
-5.58078
-5.58018
-5.58038
-5.57987
-5.57975
-5.57984
-5.57867
-5.5757
-5.57589
-5.57412
-5.57592
-5.57674
-5.57818
-5.5786
-5.57892
-5.5813
-5.58136
-5.58315
-5.58395
-5.58403
-5.58439
-5.58156
-5.58052
-5.57944
-5.57682
-5.57597
-5.57627
-5.57383
-5.5751
-5.57423
-5.57348
-5.57413
-5.57523
-5.57544
-5.57699
-5.57882
-5.58054
-5.57948
-5.57917
-5.57765
-5.57691
-5.57865
-5.5814
-5.57918
-5.57892
-5.57803
-5.57926
-5.58042
-5.58101
-5.58227
-5.58166
-5.58126
-5.58087
-5.5796
-5.57875
-5.57702
-5.5776
-5.57851
-5.57776
-5.57599
-5.57709
-5.57683
-5.57847
-5.57592
-5.5738
-5.57448
-5.577
-5.57675
-5.57812
-5.5752
-5.57735
-5.58105
-5.58082
-5.57926
-5.57768
-5.57706
-5.57837
-5.57975
-5.58059
-5.58157
-5.58359
-5.58427
-5.58217
-5.58044
-5.57904
-5.58092
-5.58102
-5.58075
-5.57804
-5.57661
-5.57654
-5.57586
-5.57546
-5.57648
-5.57661
-5.57839
-5.57919
-5.58342
-5.58288
-5.58461
-5.58311
-5.58231
-5.58233
-5.581
-5.57975
-5.57897
-5.58031
-5.5779
-5.57849
-5.57722
-5.57839
-5.58012
-5.58012
-5.58206
-5.58399
-5.58121
-5.58023
-5.57935
-5.57954
-5.57888
-5.57786
-5.58015
-5.57911
-5.57834
-5.57981
-5.57955
-5.57904
-5.58035
-5.57995
-5.58195
-5.58134
-5.58216
-5.58012
-5.57979
-5.57868
-5.57754
-5.57776
-5.57771
-5.57908
-5.57704
-5.57937
-5.57962
-5.57971
-5.58025
-5.58086
-5.5815
-5.5818
-5.58041
-5.5798
-5.58147
-5.58022
-5.57997
-5.58052
-5.57907
-5.57832
-5.57707
-5.57795
-5.57516
-5.57488
-5.57514
-5.5765
-5.57663
-5.57899
-5.57902
-5.57897
-5.57922
-5.57756
-5.57792
-5.57799
-5.5784
-5.58102
-5.58385
-5.5849
-5.58575
-5.58382
-5.58269
-5.58208
-5.58145
-5.58283
-5.58274
-5.58118
-5.58104
-5.58127
-5.58088
-5.57917
-5.57708
-5.57619
-5.57488
-5.57614
-5.57716
-5.5765
-5.57621
-5.57631
-5.57768
-5.58113
-5.58185
-5.58191
-5.58177
-5.58042
-5.57893
-5.57911
-5.57763
-5.57668
-5.57643
-5.57695
-5.57693
-5.57661
-5.5788
-5.58049
-5.58257
-5.58428
-5.58418
-5.58564
-5.58598
-5.58615
-5.58624
-5.58546
-5.58469
-5.58536
-5.58386
-5.58178
-5.58233
-5.58046
-5.57772
-5.5798
-5.5799
-5.58169
-5.58221
-5.5831
-5.5816
-5.58056
-5.58031
-5.58121
-5.58244
-5.58062
-5.58017
-5.57965
-5.57749
-5.57659
-5.57593
-5.57517
-5.57758
-5.577
-5.57824
-5.57851
-5.57957
-5.58129
-5.58103
-5.57921
-5.57987
-5.57766
-5.57846
-5.58032
-5.57803
-5.57802
-5.57676
-5.57554
-5.5776
-5.57899
-5.58066
-5.58125
-5.58237
-5.58049
-5.58015
-5.57813
-5.5806
-5.58046
-5.58006
-5.57882
-5.57908
-5.58117
-5.58054
-5.58036
-5.58155
-5.58176
-5.58158
-5.58096
-5.58119
-5.5794
-5.57985
-5.58058
-5.58021
-5.57837
-5.57767
-5.57691
-5.57748
-5.57785
-5.57967
-5.57941
-5.58159
-5.58002
-5.58104
-5.58385
-5.58257
-5.58074
-5.57876
-5.58064
-5.58063
-5.57946
-5.58198
-5.583
-5.58377
-5.58331
-5.58289
-5.5841
-5.5843
-5.58473
-5.58507
-5.58502
-5.58427
-5.58447
-5.58333
-5.58314
-5.5829
-5.58265
-5.58144
-5.58314
-5.58131
-5.58144
-5.58162
-5.58153
-5.58122
-5.58206
-5.5818
-5.583
-5.58325
-5.58411
-5.58461
-5.58412
-5.58423
-5.58387
-5.58423
-5.58365
-5.58281
-5.58184
-5.58279
-5.58283
-5.58201
-5.58002
-5.5798
-5.58042
-5.5819
-5.58091
-5.58095
-5.58098
-5.58135
-5.58077
-5.58248
-5.58058
-5.57923
-5.58098
-5.58259
-5.58181
-5.58128
-5.58169
-5.58245
-5.58419
-5.58302
-5.58215
-5.58189
-5.58229
-5.58141
-5.58058
-5.57914
-5.57998
-5.58119
-5.58083
-5.58054
-5.58102
-5.58029
-5.5803
-5.58099
-5.58035
-5.57965
-5.58117
-5.58036
-5.58175
-5.58078
-5.58166
-5.58248
-5.5807
-5.57926
-5.57881
-5.58096
-5.58274
-5.58122
-5.58094
-5.57965
-5.57904
-5.57848
-5.57999
-5.57903
-5.57916
-5.58007
-5.57947
-5.58092
-5.58276
-5.58199
-5.58174
-5.58289
-5.58317
-5.5836
-5.58364
-5.58237
-5.58438
-5.58286
-5.58137
-5.58247
-5.58288
-5.58328
-5.58075
-5.57985
-5.57968
-5.57895
-5.57544
-5.57691
-5.57779
-5.5793
-5.57952
-5.57818
-5.57829
-5.58215
-5.58214
-5.58454
-5.58369
-5.58251
-5.58307
-5.5823
-5.58133
-5.58088
-5.5803
-5.58276
-5.58233
-5.58411
-5.58515
-5.58353
-5.58348
-5.58503
-5.58752
-5.58737
-5.58652
-5.58463
-5.58363
-5.58321
-5.58308
-5.5839
-5.58149
-5.57912
-5.58101
-5.58068
-5.57751
-5.57639
-5.57481
-5.57641
-5.57696
-5.57702
-5.57648
-5.57591
-5.57656
-5.5755
-5.57566
-5.57767
-5.57891
-5.57965
-5.58114
-5.58076
-5.58278
-5.58052
-5.58158
-5.58126
-5.58031
-5.58161
-5.58083
-5.58042
-5.58086
-5.58013
-5.58214
-5.58209
-5.58329
-5.5864
-5.58433
-5.58416
-5.5833
-5.584
-5.58333
-5.58165
-5.58253
-5.58245
-5.58044
-5.57847
-5.57687
-5.5776
-5.57585
-5.57458
-5.57804
-5.57973
-5.5799
-5.57942
-5.57887
-5.58146
-5.58234
-5.58247
-5.58481
-5.58389
-5.58365
-5.58671
-5.58784
-5.58731
-5.58569
-5.58327
-5.58365
-5.58301
-5.58275
-5.57839
-5.57804
-5.57906
-5.57917
-5.57932
-5.5801
-5.57891
-5.5825
-5.58636
-5.58665
-5.58344
-5.58383
-5.58193
-5.5815
-5.58188
-5.58186
-5.58123
-5.58325
-5.58238
-5.58115
-5.58278
-5.58185
-5.58076
-5.57701
-5.5774
-5.57665
-5.5749
-5.5753
-5.57492
-5.5758
-5.57641
-5.5758
-5.57812
-5.57678
-5.57654
-5.57806
-5.57841
-5.57893
-5.58189
-5.58249
-5.58147
-5.58155
-5.58028
-5.57973
-5.58187
-5.58364
-5.58347
-5.58395
-5.583
-5.58201
-5.58089
-5.57925
-5.58111
-5.58164
-5.58232
-5.58265
-5.58345
-5.58271
-5.5814
-5.5809
-5.57939
-5.57572
-5.5758
-5.5784
-5.57862
-5.5793
-5.57934
-5.58058
-5.58101
-5.58164
-5.58159
-5.58063
-5.58012
-5.58005
-5.58004
-5.5826
-5.58221
-5.58341
-5.58491
-5.58505
-5.58377
-5.58685
-5.58906
-5.58881
-5.5842
-5.5831
-5.58136
-5.57907
-5.58086
-5.57843
-5.57836
-5.57869
-5.57642
-5.57784
-5.58116
-5.57942
-5.58162
-5.58287
-5.58284
-5.58216
-5.58153
-5.57904
-5.57863
-5.57751
-5.57873
-5.57695
-5.57719
-5.57862
-5.57997
-5.58181
-5.58229
-5.58469
-5.58515
-5.58574
-5.58578
-5.58404
-5.58557
-5.58342
-5.58523
-5.58432
-5.5837
-5.58304
-5.58324
-5.58386
-5.58441
-5.58318
-5.58238
-5.58338
-5.58402
-5.58379
-5.58373
-5.5819
-5.58241
-5.58161
-5.58103
-5.58001
-5.57955
-5.57972
-5.58058
-5.5822
-5.58137
-5.58235
-5.58219
-5.58344
-5.58537
-5.58752
-5.58849
-5.58662
-5.58352
-5.58243
-5.57948
-5.58087
-5.57864
-5.57782
-5.57826
-5.5791
-5.57965
-5.58078
-5.58134
-5.58222
-5.58365
-5.58561
-5.58391
-5.58406
-5.58576
-5.58545
-5.58477
-5.5857
-5.58506
-5.58126
-5.58237
-5.58277
-5.58331
-5.58098
-5.58032
-5.57946
-5.57794
-5.57628
-5.57595
-5.57506
-5.57582
-5.57941
-5.57889
-5.579
-5.58
-5.58244
-5.58112
-5.58026
-5.58087
-5.57941
-5.57917
-5.5805
-5.57922
-5.58118
-5.58153
-5.57927
-5.57989
-5.57759
-5.57955
-5.58005
-5.57918
-5.58058
-5.57969
-5.57995
-5.57892
-5.58062
-5.58138
-5.58149
-5.58291
-5.5828
-5.58318
-5.58091
-5.58096
-5.58114
-5.57956
-5.58364
-5.582
-5.58173
-5.5825
-5.58171
-5.5829
-5.58275
-5.58121
-5.57951
-5.57834
-5.57775
-5.57656
-5.57904
-5.58065
-5.58033
-5.58029
-5.57862
-5.57741
-5.57615
-5.57803
-5.5786
-5.57758
-5.57813
-5.57746
-5.57675
-5.57741
-5.57656
-5.57351
-5.57437
-5.57391
-5.5744
-5.57521
-5.57544
-5.57681
-5.57936
-5.57988
-5.5815
-5.58115
-5.58126
-5.58269
-5.58282
-5.57941
-5.57802
-5.57847
-5.57866
-5.57774
-5.57745
-5.57683
-5.57812
-5.57705
-5.57779
-5.57831
-5.58048
-5.5807
-5.58052
-5.58215
-5.58292
-5.58211
-5.58386
-5.58684
-5.58429
-5.5821
-5.58072
-5.58032
-5.57845
-5.57787
-5.57966
-5.58126
-5.58135
-5.57981
-5.5807
-5.58066
-5.58187
-5.58236
-5.58341
-5.58565
-5.58745
-5.58682
-5.586
-5.58562
-5.58381
-5.5848
-5.58509
-5.58502
-5.58206
-5.58108
-5.58279
-5.58171
-5.58299
-5.58204
-5.58364
-5.58222
-5.58287
-5.57945
-5.5794
-5.58024
-5.57982
-5.57864
-5.57717
-5.57753
-5.5778
-5.57818
-5.57962
-5.58204
-5.5807
-5.57985
-5.57932
-5.57922
-5.57699
-5.57683
-5.57589
-5.5759
-5.57803
-5.57666
-5.57547
-5.57641
-5.57707
-5.57855
-5.58062
-5.58214
-5.58169
-5.58255
-5.58251
-5.58165
-5.58029
-5.58166
-5.58091
-5.57908
-5.57597
-5.57431
-5.57389
-5.57471
-5.57674
-5.57863
-5.57706
-5.57648
-5.5749
-5.57647
-5.57925
-5.57908
-5.57923
-5.57939
-5.57987
-5.58195
-5.58368
-5.58442
-5.58285
-5.58156
-5.58114
-5.58027
-5.57929
-5.57889
-5.57947
-5.57981
-5.58031
-5.58071
-5.57969
-5.57916
-5.58192
-5.5833
-5.58294
-5.5834
-5.58181
-5.58335
-5.58246
-5.58043
-5.58019
-5.57956
-5.57873
-5.57722
-5.57806
-5.577
-5.57581
-5.57716
-5.58187
-5.58213
-5.5809
-5.58084
-5.58363
-5.58406
-5.58344
-5.58339
-5.58362
-5.58449
-5.58407
-5.58502
-5.58513
-5.58413
-5.58243
-5.58062
-5.58185
-5.58313
-5.58209
-5.58225
-5.58161
-5.58243
-5.58301
-5.58305
-5.5819
-5.58258
-5.58356
-5.584
-5.58302
-5.58229
-5.58016
-5.58199
-5.58277
-5.58269
-5.58148
-5.58282
-5.58298
-5.58008
-5.57993
-5.58081
-5.58033
-5.57937
-5.57694
-5.57507
-5.57419
-5.57445
-5.57557
-5.57532
-5.57592
-5.57802
-5.57995
-5.58325
-5.58351
-5.58407
-5.58244
-5.58147
-5.58321
-5.58371
-5.58264
-5.58057
-5.58254
-5.58249
-5.58363
-5.5845
-5.58292
-5.58476
-5.58369
-5.58421
-5.58315
-5.58287
-5.58244
-5.58485
-5.584
-5.58385
-5.58251
-5.58355
-5.58243
-5.58362
-5.58191
-5.57988
-5.57887
-5.57963
-5.57804
-5.57898
-5.58108
-5.57897
-5.58019
-5.58269
-5.58321
-5.58254
-5.58114
-5.58137
-5.58172
-5.5816
-5.58304
-5.58282
-5.58377
-5.58218
-5.58072
-5.5818
-5.58114
-5.58303
-5.58148
-5.58055
-5.58199
-5.58069
-5.5796
-5.57876
-5.5792
-5.57965
-5.57877
-5.57902
-5.58151
-5.58023
-5.5796
-5.58059
-5.58072
-5.58139
-5.58107
-5.58045
-5.58015
-5.57947
-5.57841
-5.57828
-5.57914
-5.5801
-5.57994
-5.58099
-5.58323
-5.58435
-5.58166
-5.58088
-5.58194
-5.58189
-5.58077
-5.58024
-5.58105
-5.5829
-5.58191
-5.57962
-5.58212
-5.58222
-5.58281
-5.58356
-5.58325
-5.58225
-5.58127
-5.58133
-5.58114
-5.58295
-5.5812
-5.58169
-5.58276
-5.58084
-5.57982
-5.58134
-5.58027
-5.57865
-5.58014
-5.57894
-5.57922
-5.5786
-5.57924
-5.5788
-5.57823
-5.57955
-5.57859
-5.57773
-5.578
-5.58134
-5.58281
-5.58356
-5.58219
-5.58121
-5.57971
-5.57908
-5.58041
-5.57897
-5.5793
-5.58076
-5.58036
-5.57934
-5.58054
-5.58167
-5.58267
-5.58191
-5.58036
-5.58037
-5.57845
-5.57955
-5.58109
-5.58037
-5.58147
-5.5821
-5.58426
-5.58258
-5.58139
-5.58173
-5.58493
-5.58218
-5.58149
-5.58241
-5.58383
-5.58468
-5.58393
-5.5826
-5.58078
-5.58054
-5.58168
-5.58175
-5.58145
-5.58471
-5.584
-5.5857
-5.58543
-5.58565
-5.5856
-5.58492
-5.58593
-5.58649
-5.58447
-5.58254
-5.58267
-5.5855
-5.58351
-5.58211
-5.58222
-5.57992
-5.57884
-5.57874
-5.57715
-5.57738
-5.57654
-5.57812
-5.57812
-5.57868
-5.57781
-5.57812
-5.57745
-5.57885
-5.58108
-5.57993
-5.58172
-5.5782
-5.57669
-5.57779
-5.57929
-5.58064
-5.58068
-5.57983
-5.57977
-5.57828
-5.57895
-5.57888
-5.57999
-5.58251
-5.58437
-5.5819
-5.5825
-5.5833
-5.58113
-5.58062
-5.58212
-5.58236
-5.5829
-5.58432
-5.58368
-5.58394
-5.58389
-5.58778
-5.58747
-5.58806
-5.58917
-5.58918
-5.58684
-5.58445
-5.5859
-5.58474
-5.58328
-5.58261
-5.58185
-5.58225
-5.58244
-5.5813
-5.57907
-5.58023
-5.58255
-5.58249
-5.5805
-5.58023
-5.57922
-5.57755
-5.57907
-5.57944
-5.5808
-5.58077
-5.58028
-5.57961
-5.57935
-5.57849
-5.57835
-5.5778
-5.57541
-5.57528
-5.57613
-5.57752
-5.5773
-5.57792
-5.58
-5.5823
-5.58163
-5.57966
-5.57902
-5.5791
-5.57926
-5.58045
-5.58132
-5.5818
-5.58078
-5.58275
-5.57993
-5.57923
-5.57725
-5.57832
-5.57896
-5.57918
-5.58023
-5.5814
-5.58035
-5.57834
-5.57985
-5.57968
-5.58138
-5.582
-5.57997
-5.57692
-5.57581
-5.57538
-5.57597
-5.57763
-5.57814
-5.5808
-5.58107
-5.5827
-5.5842
-5.58186
-5.58242
-5.58271
-5.58279
-5.58052
-5.58084
-5.57929
-5.57824
-5.57775
-5.57851
-5.57828
-5.57861
-5.57909
-5.57665
-5.57957
-5.58029
-5.57909
-5.5792
-5.57841
-5.57872
-5.57927
-5.57755
-5.57591
-5.57575
-5.57611
-5.57896
-5.57941
-5.58102
-5.58056
-5.57959
-5.58063
-5.58
-5.5779
-5.57911
-5.57939
-5.58038
-5.57822
-5.57846
-5.58056
-5.5781
-5.57772
-5.57696
-5.57692
-5.57834
-5.5806
-5.58034
-5.58158
-5.58372
-5.5849
-5.58425
-5.58493
-5.58505
-5.58439
-5.58315
-5.58444
-5.5839
-5.58426
-5.58269
