0 0.192277 0.00229799
1 -0.0727396 0.203175
2 0.314297 0.202693
3 0.215063 0.224074
4 0.156521 0.152804
5 0.172137 0.195905
6 0.291475 0.178387
7 0.468914 0.199401
8 0.231982 0.245063
9 0.238179 0.13659
10 -0.230814 0.141353
11 0.427375 0.139433
12 0.297903 0.160926
13 0.364991 0.160049
14 0.199425 0.181104
15 0.231406 0.184015
16 0.408221 0.208537
17 0.403254 0.190435
18 0.454068 0.186938
19 0.433907 0.16757
20 0.375745 0.168064
21 0.196441 0.186065
22 0.452846 0.103234
23 -0.0155477 0.173128
24 0.238529 0.096072
25 0.0422456 0.174186
26 0.212068 0.170876
27 0.0654371 0.173457
28 0.465219 0.119004
29 0.265991 0.176886
30 0.165687 0.124902
31 0.512559 0.136259
32 0.387447 0.186529
33 0.390581 0.146337
34 0.0629406 0.119345
35 0.224693 0.148738
36 0.225512 0.14406
37 0.0804028 0.152223
38 0.50487 0.170093
39 0.302432 0.149667
40 0.22512 0.112498
41 0.235586 0.193419
42 0.401323 0.144858
43 0.352561 0.137799
44 0.340252 0.101234
45 0.354005 0.166913
46 0.518277 0.134217
47 0.532464 0.146518
48 0.207468 0.116179
49 0.465754 0.106147
50 0.305769 0.118854
51 0.116139 0.167608
52 0.411127 0.142978
53 0.413962 0.117681
54 0.306638 0.141761
55 0.665836 0.14475
56 0.328874 0.141769
57 0.337094 0.126646
58 0.467956 0.140267
59 0.529197 0.111088
60 0.310606 0.104615
61 0.282686 0.110929
62 0.0781721 0.139956
63 0.420986 0.116283
64 0.228144 0.113156
65 0.42476 0.15571
66 0.277632 0.0856547
67 0.1333 0.121852
68 0.52517 0.112233
69 0.176854 0.125081
70 0.203816 0.140467
71 0.457439 0.105398
72 0.382644 0.112432
73 0.370052 0.121281
74 0.374079 0.133546
75 0.529591 0.12233
76 0.403464 0.125909
77 0.626848 0.146767
78 0.524818 0.131618
79 0.399658 0.0982599
80 0.376831 0.109257
81 0.312481 0.101165
82 0.424155 0.0870743
83 0.370531 0.141489
84 0.0889722 0.112704
85 0.463615 0.102293
86 0.277397 0.0941282
87 0.224647 0.126037
88 0.286839 0.152195
89 0.142745 0.123483
90 0.345217 0.0793624
91 0.223795 0.0951765
92 0.402101 0.0970064
93 0.286251 0.104691
94 0.384459 0.0958352
95 0.255827 0.0912004
96 0.17731 0.133022
97 0.376837 0.052857
98 0.349185 0.0888335
99 0.475348 0.134851
100 0.455064 0.0847545
101 0.258429 0.131062
102 0.191831 0.11346
103 0.345466 0.135542
104 0.354488 0.11487
105 0.580168 0.138204
106 0.231024 0.130607
107 0.180993 0.114037
108 0.404682 0.114341
109 0.200902 0.0975576
110 0.116402 0.122863
111 0.499951 0.0954949
112 0.302885 0.138554
113 0.363811 0.11616
114 0.547487 0.109894
115 0.244272 0.103714
116 0.453358 0.124202
117 0.456603 0.149225
118 0.390332 0.110763
119 0.4232 0.150382
120 0.384568 0.10778
121 0.13955 0.0973483
122 0.164081 0.14595
123 0.246813 0.143725
124 0.525732 0.147492
125 0.505186 0.108112
126 0.215086 0.0835238
127 0.466044 0.129101
128 0.423395 0.120238
129 0.345455 0.0900819
130 0.189217 0.109391
131 0.419231 0.124498
132 0.509094 0.156879
133 0.168697 0.0832013
134 0.357586 0.0795587
135 0.116638 0.111852
136 0.291095 0.111963
137 0.24527 0.102799
138 0.193575 0.0987476
139 0.111592 0.124172
140 0.342984 0.132899
141 0.412654 0.114194
142 0.356229 0.118778
143 0.379004 0.0961848
144 0.451011 0.112647
145 0.19992 0.12695
146 0.315708 0.0851494
147 0.448267 0.0595212
148 0.232289 0.100646
149 0.327346 0.10748
150 0.425618 0.102319
151 0.456488 0.129157
152 0.247708 0.1116
153 0.0897451 0.131811
154 0.397422 0.112454
155 0.382855 0.107735
156 0.325732 0.096885
157 0.0963914 0.119846
158 0.297584 0.128121
159 0.217621 0.0705416
160 -0.000295701 0.134383
161 0.331483 0.0817646
162 0.238918 0.154627
163 0.172744 0.124246
164 0.322772 0.110033
165 0.290979 0.119236
166 0.296895 0.123255
167 0.394342 0.107117
168 0.362962 0.112764
169 0.221344 0.124212
170 0.557386 0.105652
171 0.475399 0.138154
172 0.461439 0.11502
173 0.371944 0.100611
174 0.347458 0.116455
175 0.381646 0.103463
176 0.327572 0.1208
177 0.231838 0.145137
178 0.395665 0.167584
179 0.146399 0.10596
180 0.370319 0.0874474
181 0.21891 0.0979976
182 0.360786 0.119824
183 0.50797 0.105166
184 0.255105 0.0964583
185 0.34867 0.155514
186 0.219874 0.0892336
187 0.447594 0.135032
188 0.312648 0.142492
189 0.363526 0.0868234
190 0.370371 0.121728
191 0.304831 0.144576
192 0.408704 0.115158
193 0.365662 0.144306
194 0.23518 0.144713
195 0.222419 0.120422
196 0.324606 0.144824
197 0.50004 0.120904
198 0.249822 0.116861
199 0.170776 0.136524
200 0.297483 0.0983523
201 0.412142 0.123876
202 0.359276 0.122283
203 0.361381 0.147399
204 0.385746 0.109522
205 0.386185 0.126865
206 0.414049 0.130557
207 0.116491 0.118027
208 0.205403 0.122793
209 0.0715852 0.116635
210 0.159282 0.11864
211 0.354596 0.0984935
212 0.3108 0.131805
213 0.308801 0.125463
214 0.301894 0.0921776
215 0.332214 0.0939489
216 0.450757 0.140909
217 0.440288 0.120066
218 0.262356 0.0986622
219 0.0591546 0.112693
220 0.474403 0.147655
221 0.189084 0.116261
222 0.1464 0.118844
223 0.328606 0.0986186
224 0.189755 0.168105
225 0.352072 0.136944
226 0.222526 0.167523
227 0.198235 0.120865
228 0.343006 0.106953
229 0.556419 0.110997
230 0.345954 0.107887
231 0.246199 0.126284
232 0.543132 0.157397
233 0.439659 0.129994
234 0.29317 0.14575
235 0.538346 0.136071
236 0.208376 0.100265
237 0.323169 0.118221
238 0.19321 0.170645
239 0.53537 0.100459
240 0.425728 0.145752
241 0.373167 0.111677
242 0.265478 0.140562
243 0.468198 0.130536
244 0.0938028 0.167304
245 0.277495 0.121192
246 0.25987 0.159944
247 -0.112065 0.177383
248 0.364442 0.138626
249 0.160432 0.127685
250 0.371231 0.124056
251 0.305734 0.164719
252 0.148957 0.142954
253 0.301613 0.13399
254 0.202263 0.123455
255 0.405356 0.148906
256 0.327288 0.155909
257 0.419248 0.157137
258 0.0624788 0.161026
259 0.533679 0.138184
260 0.228567 0.166272
261 0.215528 0.115262
262 0.213011 0.175944
263 0.356703 0.145086
264 0.282587 0.149029
265 0.437816 0.126759
266 0.519275 0.137043
267 0.373593 0.151772
268 0.47917 0.184943
269 -0.0224922 0.209978
270 0.417621 0.164301
271 -0.034981 0.204361
272 0.148884 0.169706
273 0.137574 0.161346
274 0.266935 0.149348
275 -0.0809892 0.222159
276 0.120084 0.161009
277 0.225201 0.170372
278 -0.0856792 0.122139
279 0.152014 0.149365
280 0.0885721 0.192218
281 0.162212 0.1569
282 0.225352 0.17802
283 0.110403 0.168494
284 0.543524 0.128808
285 0.372214 0.212661
286 0.104243 0.202016
287 0.397732 0.18207
288 0.543962 0.177933
289 0.294523 0.150898
290 0.238068 0.165082
291 -0.164697 0.156318
292 0.424527 0.255346
293 0.454824 0.185277
294 0.197715 0.157368
295 0.31606 0.197239
296 0.510743 0.221893
297 0.580501 0.142794
298 0.25515 0.14432
299 0.192732 0.00174421
