1.50311
1.49901
1.49171
1.48071
1.46523
1.44425
1.41644
1.38037
1.33468
1.27846
1.21174
1.13615
1.05542
0.975234
0.902279
0.842537
0.79971
0.774583
0.765413
0.768874
0.781004
0.797908
0.81619
0.833212
0.847255
0.857529
0.864112
0.867793
0.869694
0.870885
0.871977
0.872952
0.873212
0.871768
0.867503
0.859535
0.84766
0.832657
0.816222
0.800454
0.787076
0.776915
0.769951
0.765856
0.764483
0.765977
0.770458
0.777651
0.78675
0.796484
0.805419
0.812269
0.816109
0.816471
0.81345
0.807795
0.800842
0.794216
0.7892
0.786364
0.78558
0.78649
0.788781
0.792205
0.796422
0.80081
0.804555
0.806886
0.807454
0.806631
0.805468
0.805279
0.807036
0.810961
0.816464
0.822463
0.82779
0.831687
0.834057
0.8354
0.836401
0.837349
0.837917
0.837459
0.83568
0.833013
0.83036
0.828501
0.82784
0.82842
0.830065
0.832466
0.835203
0.837732
0.839447
0.839822
0.838471
0.835184
0.829928
0.822788
0.813937
0.803595
0.791979
0.779444
0.766714
0.754988
0.745794
0.740539
0.740127
0.744892
0.754508
0.767799
0.782776
0.797213
0.809286
0.817867
0.822537
0.82345
0.821232
0.816878
0.811618
0.806613
0.802535
0.799385
0.796644
0.79386
0.791184
0.789414
0.789548
0.792285
0.797771
0.805711
0.815576
0.826684
0.838195
0.849095
0.85832
0.864923
0.86846
0.869241
0.86839
0.867429
0.867453
0.868431
0.869292
0.868724
0.865973
0.861289
0.855969
0.851837
0.850211
0.851159
0.853536
0.85568
0.856115
0.853858
0.848514
0.840206
0.829652
0.818431
0.809202
0.804988
0.807163
0.813945
0.821599
0.827125
0.829843
0.831007
0.832523
0.835661
0.840616
0.846837
0.853534
0.860029
0.866053
0.871834
0.877703
0.883265
0.887107
0.887408
0.883003
0.87402
0.862154
0.850386
0.842034
0.839179
0.841684
0.847556
0.854387
0.860497
0.865241
0.868542
0.870353
0.870333
0.867833
0.862216
0.853267
0.841408
0.827554
0.812725
0.797683
0.783037
0.769698
0.759035
0.752374
0.750286
0.752581
0.75883
0.768769
0.782254
0.798912
0.817902
0.837918
0.857386
0.874777
0.88882
0.898691
0.904091
0.905233
0.902728
0.89739
0.890044
0.881396
0.872003
0.862365
0.852991
0.844456
0.837375
0.832342
0.829842
0.830223
0.833648
0.839976
0.848649
0.858725
0.868993
0.878182
0.88519
0.889291
0.890279
0.888368
0.884092
0.878217
0.871729
0.865939
0.862429
0.862522
0.866547
0.873616
0.882276
0.891164
0.899208
0.905394
0.908672
0.908164
0.903595
0.895651
0.885805
0.875584
0.865769
0.856289
0.84677
0.837094
0.827559
0.818684
0.810979
0.804834
0.800539
0.798288
0.79806
0.799478
0.80173
0.803729
0.804301
0.802503
0.797898
0.790742
0.782035
0.773488
0.767308
0.765695
0.770152
0.780864
0.796432
0.814175
0.830908
0.843804
0.851052
0.852068
0.847492
0.839036
0.829221
0.82091
0.816451
0.816891
0.821668
0.829099
0.837312
0.844885
0.850966
0.855007
0.856552
0.855255
0.851107
0.844676
0.837019
0.829212
0.821844
0.814894
0.808318
0.802846
0.800203
0.802352
0.810147
0.82251
0.836763
0.849792
0.859081
0.86318
0.86178
0.855597
0.846268
0.836069
0.827484
0.822501
0.821945
0.825201
0.830523
0.835701
0.838678
0.837946
0.832749
0.823273
0.810703
0.796944
0.7841
0.773956
0.767675
0.765768
0.76822
0.774616
0.784137
0.795537
0.807153
0.817137
0.823788
0.825987
0.823604
0.817787
0.810906
0.805819
0.804629
0.807574
0.813019
0.81864
0.822781
0.825085
0.82632
0.827731
0.830298
0.834325
0.839419
0.844752
0.849504
0.853165
0.855585
0.856905
0.857323
0.857039
0.856278
0.855395
0.854874
0.855138
0.856337
0.858232
0.860304
0.861964
0.862771
0.86256
0.86145
0.859753
0.857799
0.855877
0.854226
0.852967
0.852059
0.85125
0.850123
0.84828
0.845516
0.841931
0.837968
0.83431
0.831646
0.830333
0.83017
0.830392
0.830101
0.828982
0.827712
0.827614
0.829658
0.833739
0.838884
0.843986
0.848248
0.851265
0.852967
0.853676
0.854042
0.854928
0.857095
0.860906
0.866167
0.872211
0.878155
0.883101
0.886272
0.887055
0.885075
0.880269
0.872938
0.863754
0.853726
0.84404
0.835802
0.829896
0.826805
0.826538
0.828626
0.832195
0.836176
0.839592
0.841781
0.842558
0.842192
0.84133
0.840788
0.841265
0.843014
0.845615
0.847903
0.84824
0.845047
0.837557
0.82646
0.814112
0.803867
0.798636
0.799567
0.806005
0.816467
0.829594
0.844466
0.860399
0.876715
0.892597
0.907129
0.919464
0.928943
0.935148
0.937846
0.936875
0.932098
0.923489
0.911264
0.895999
0.878736
0.860938
0.844356
0.83063
0.820769
0.814773
0.811969
0.811772
0.814189
0.819725
0.828764
0.840869
0.854415
0.866768
0.875119
0.877537
0.873954
0.866769
0.860124
0.857765
0.861103
0.869062
0.879195
0.888705
0.895137
0.896936
0.893709
0.886089
0.875456
0.86362
0.85254
0.84399
0.839164
0.8384
0.84108
0.845861
0.851144
0.855462
0.8578
0.857697
0.854992
0.849472
0.840933
0.829655
0.816981
0.805378
0.797787
0.796457
0.802095
0.813875
0.830031
0.848383
0.866771
0.883471
0.897606
0.909154
0.918666
0.926781
0.933782
0.93936
0.942708
0.942862
0.939048
0.93094
0.9188
0.903389
0.885774
0.867129
0.848638
0.831474
0.816791
0.805596
0.798477
0.795325
0.795365
0.797492
0.800756
0.804674
0.80929
0.815027
0.822234
0.830615
0.839047
0.845816
0.849309
0.84855
0.843436
0.83473
0.823904
0.812746
0.802695
0.79428
0.787131
0.780606
0.774451
0.769177
0.766043
0.766691
0.772292
0.782798
0.796856
0.81242
0.827524
0.840581
0.850381
0.856004
0.857014
0.853749
0.847394
0.839728
0.832591
0.827307
0.824219
0.82272
0.821604
0.81965
0.816088
0.81072
0.803712
0.795335
0.785812
0.775563
0.765547
0.757535
0.753735
0.755761
0.763504
0.774968
0.787429
0.798803
0.808272
0.816169
0.823344
0.830504
0.837804
0.844818
0.850825
0.855188
0.857624
0.858204
0.857293
0.855343
0.852751
0.84972
0.846187
0.841871
0.836522
0.83018
0.823436
0.817394
0.813396
0.812566
0.815407
0.821495
0.829575
0.837787
0.844019
0.846266
0.843003
0.833563
0.818551
0.800129
0.78158
0.766151
0.755663
0.750074
0.74821
0.748908
0.751614
0.756394
0.763569
0.773321
0.785389
0.799036
0.81325
0.827008
0.839453
0.849793
0.857097
0.860187
0.858031
0.850376
0.838199
0.823832
0.810483
0.801368
0.798688
0.803106
0.813858
0.829178
0.846723
0.86394
0.87841
0.88823
0.892387
0.890888
0.884626
0.875154
0.864411
0.854574
0.84773
0.845208
0.846977
0.85157
0.856825
0.860949
0.863355
0.864708
0.866294
0.868838
0.871743
0.873254
0.87141
0.865033
0.854165
0.840077
0.824998
0.811583
0.802322
0.798822
0.801361
0.808896
0.819549
0.83117
0.841732
0.849552
0.853472
0.853007
0.848482
0.841029
0.832465
0.82492
0.820346
0.820029
0.824302
0.832565
0.843569
0.855779
0.86762
0.877673
0.884757
0.887974
0.8868
0.881155
0.871429
0.858374
0.842927
0.8261
0.809051
0.793162
0.779925
0.77066
0.765951
0.76531
0.767364
0.770467
0.773437
0.775909
0.778325
0.781592
0.786475
0.79284
0.799454
0.80476
0.808216
0.810925
0.815076
0.822525
0.833484
0.846299
0.858263
0.866685
0.869592
0.866039
0.856252
0.841719
0.825177
0.810293
0.800733
0.7989
0.80514
0.817798
0.834091
0.851164
0.866827
0.879797
0.889727
0.896999
0.902332
0.906317
0.909049
0.910092
0.908711
0.904149
0.895787
0.883188
0.866165
0.845048
0.820952
0.795889
0.772544
0.75366
0.741133
0.73525
0.734743
0.73756
0.741823
0.746375
0.750971
0.756067
0.762586
0.77157
0.783802
0.799366
0.817411
0.836322
0.854237
0.869549
0.88116
0.888485
0.891348
0.889827
0.8842
0.874962
0.863001
0.849722
0.836756
0.825361
0.815909
0.807913
0.800579
0.793473
0.786868
0.781604
0.778541
0.778017
0.779678
0.782703
0.786193
0.789355
0.791529
0.792294
0.791807
0.791168
0.792318
0.797209
0.806501
0.818909
0.832003
0.843653
0.852888
0.859757
0.864733
0.8683
0.870735
0.87221
0.872885
0.873006
0.872935
0.873117
0.873935
0.875513
0.877604
0.879706
0.881238
0.881754
0.881074
0.879419
0.877381
0.875767
0.875228
0.875959
0.877718
0.880039
0.882359
0.884061
0.884466
0.882902
0.878863
0.872233
0.863436
0.853373
0.843081
0.833201
0.823629
0.813852
0.803849
0.79505
0.790296
0.79205
0.80017
0.811835
0.823841
0.834443
0.843363
0.850804
0.85676
0.860925
0.862939
0.86261
0.859931
0.854918
0.847578
0.837991
0.826508
0.814065
0.80238
0.79374
0.790136
0.792068
0.798019
0.805082
0.810292
0.811653
0.808497
0.801447
0.792131
0.782613
0.774723
0.769488
0.767296
0.768481
0.77373
0.783727
0.798517
0.817137
0.837766
0.858191
0.876312
0.890619
0.900421
0.905801
0.907267
0.905225
0.899693
0.890482
0.877632
0.861814
0.844362
0.826982
0.811254
0.798265
0.788662
0.782848
0.78092
0.782405
0.786335
0.791649
0.797624
0.803921
0.810345
0.816718
0.822874
0.828774
0.834563
0.840409
0.846236
0.851438
0.854924
0.855614
0.853034
0.84791
0.842236
0.838696
0.839389
0.844565
0.852405
0.86004
0.86479
0.865084
0.860785
0.85288
0.842829
0.831908
0.821163
0.811856
0.805792
0.805003
0.810729
0.822386
0.837462
0.852561
0.864624
0.871692
0.873051
0.868973
0.86034
0.848194
0.833402
0.816535
0.798111
0.778942
0.760363
0.743997
0.731275
0.722831
0.718416
0.717402
0.719411
0.724364
0.731929
0.741034
0.750298
0.758914
0.766985
0.775008
0.783219
0.791401
0.799276
0.806803
0.814181
0.821396
0.827826
0.832201
0.833068
0.829439
0.821364
0.810191
0.798537
0.789671
0.786306
0.789265
0.797099
0.806955
0.81605
0.822821
0.8274
0.831126
0.835389
0.840657
0.84616
0.850412
0.851975
0.850014
0.844472
0.835963
0.825708
0.815348
0.806634
0.801028
0.799218
0.800934
0.805087
0.81019
0.814806
0.817827
0.818596
0.817002
0.813499
0.809068
0.804927
0.802096
0.801037
0.801532
0.802884
0.804316
0.805267
0.805643
0.805766
0.806271
0.807798
0.810484
0.813574
0.815499
0.814505
0.809423
0.800129
0.787585
0.773534
0.759973
0.748652
0.740728
0.736635
0.736214
0.73899
0.744365
0.751711
0.760346
0.769606
0.77897
0.788073
0.796645
0.804376
0.810975
0.816259
0.820285
0.823319
0.825606
0.827166
0.82782
0.827525
0.826751
0.826403
0.827342
0.829745
0.832856
0.835267
0.835374
0.831934
0.824455
0.813442
0.800424
0.787642
0.777383
0.771148
0.769043
0.769871
0.77185
0.77336
0.773368
0.771421
0.767404
0.761512
0.7544
0.747418
0.742349
0.740761
0.743399
0.749991
0.759419
0.77015
0.780636
0.789623
0.796305
0.800368
0.801992
0.801829
0.800894
0.800336
0.801069
0.803589
0.807948
0.813899
0.82107
0.828997
0.837191
0.845208
0.852702
0.8594
0.864928
0.868799
0.870553
0.869946
0.86714
0.862688
0.857314
0.851664
0.846117
0.840745
0.835378
0.829771
0.823746
0.817323
0.810839
0.804876
0.800221
0.797626
0.797534
0.799866
0.803995
0.809001
0.814038
0.818587
0.822514
0.825984
0.829343
0.832841
0.83644
0.839806
0.842625
0.844953
0.847225
0.849888
0.853088
0.856642
0.860343
0.864203
0.868393
0.872987
0.877604
0.881431
0.883433
0.882708
0.878716
0.871362
0.860964
0.848339
0.834862
0.822402
0.813
0.808387
0.809532
0.816394
0.827993
0.842728
0.85876
0.874317
0.887788
0.897733
0.902986
0.902808
0.897012
0.885946
0.870399
0.851509
0.830716
0.80979
0.790869
0.776228
0.767804
0.766596
0.772367
0.783886
0.799361
0.816761
0.834046
0.849479
0.861983
0.871271
0.877611
0.881422
0.882895
0.881957
0.878539
0.872793
0.865109
0.855866
0.845239
0.83326
0.820086
0.806261
0.792846
0.781318
0.773275
0.769947
0.771678
0.777741
0.786555
0.79626
0.805307
0.812812
0.8185
0.822433
0.824749
0.825569
0.825146
0.823952
0.822434
0.82066
0.818204
0.814477
0.809205
0.80261
0.795178
0.787359
0.779527
0.772441
0.767869
0.768501
0.776393
0.790993
0.80909
0.82672
0.84091
0.850185
0.854154
0.852967
0.846964
0.836498
0.821956
0.804041
0.784279
0.765522
0.751638
0.745867
0.748766
0.757642
0.768057
0.776129
0.779872
0.779263
0.775608
0.770781
0.766579
0.764402
0.765127
0.769007
0.775653
0.78413
0.793396
0.802801
0.812336
0.822378
0.833171
0.844469
0.855519
0.8653
0.872803
0.877292
0.878477
0.876536
0.872006
0.865661
0.858312
0.850643
0.843142
0.836075
0.82946
0.823133
0.816786
0.810094
0.802874
0.795285
0.787936
0.781795
0.777857
0.776735
0.778503
0.782818
0.789303
0.797892
0.808884
0.82272
0.839437
0.858178
0.87715
0.894128
0.907111
0.914849
0.917052
0.914279
0.90759
0.89821
0.887281
0.875831
0.864684
0.854315
0.844953
0.836823
0.830332
0.825917
0.823739
0.823521
0.824599
0.826222
0.827842
0.829341
0.831033
0.833429
0.836757
0.840566
0.843789
0.845287
0.84436
0.840953
0.835577
0.829006
0.821954
0.814827
0.807801
0.801193
0.795797
0.792555
0.791624
0.791869
0.791416
0.788615
0.782767
0.7743
0.764571
0.755324
0.748056
0.743736
0.74287
0.745783
0.752651
0.763346
0.777097
0.79244
0.807387
0.81985
0.828259
0.832196
0.832592
0.831002
0.8285
0.825214
0.821131
0.817038
0.814514
0.815082
0.819349
0.82682
0.836166
0.845847
0.854675
0.862041
0.867674
0.871348
0.872687
0.871281
0.866939
0.859865
0.850688
0.84025
0.829235
0.817887
0.806056
0.793857
0.782351
0.773533
0.769412
0.770753
0.776594
0.784771
0.79305
0.799925
0.804762
0.807621
0.809015
0.809814
0.811061
0.813552
0.817341
0.82167
0.825499
0.828258
0.830128
0.831613
0.832843
0.833227
0.831668
0.827162
0.819328
0.808703
0.79689
0.786468
0.780424
0.780923
0.788061
0.799675
0.812296
0.822489
0.82775
0.82696
0.820506
0.810112
0.798356
0.787862
0.780615
0.777616
0.779059
0.784698
0.794054
0.806328
0.820205
0.8339
0.845581
0.853975
0.858809
0.860833
0.861454
0.862155
0.864011
0.867406
0.872012
0.876997
0.881354
0.884246
0.885315
0.884888
0.883914
0.883637
0.885021
0.888307
0.892866
0.897478
0.900786
0.901661
0.89945
0.894117
0.886268
0.876899
0.866807
0.855987
0.843676
0.829264
0.813185
0.797123
0.783375
0.773836
0.769174
0.768671
0.770872
0.774407
0.778542
0.783227
0.788752
0.795403
0.803339
0.812639
0.8233
0.835145
0.847683
0.860091
0.871378
0.880605
0.887085
0.890483
0.890834
0.888449
0.883861
0.877759
0.870904
0.86406
0.857834
0.852631
0.848646
0.845927
0.844384
0.843786
0.843846
0.844398
0.845531
0.847492
0.850517
0.854629
0.859535
0.864693
0.869491
0.873434
0.876437
0.878724
0.880629
0.882192
0.883035
0.882589
0.880666
0.878012
0.876378
0.877642
0.882406
0.889302
0.895739
0.89942
0.899136
0.894686
0.886567
0.875736
0.863526
0.851697
0.842356
0.837619
0.838842
0.845814
0.856567
0.868027
0.877137
0.881773
0.881076
0.875303
0.865468
0.852826
0.838458
0.823151
0.80756
0.792544
0.779506
0.77042
0.767307
0.771278
0.781775
0.796447
0.811865
0.824617
0.832302
0.834033
0.830403
0.823054
0.814155
0.806017
0.800779
0.7999
0.803522
0.81024
0.817578
0.823139
0.825545
0.824771
0.821722
0.817529
0.812939
0.808214
0.803449
0.79908
0.796152
0.795974
0.799284
0.80567
0.813688
0.821629
0.828231
0.832957
0.835831
0.837068
0.836864
0.83536
0.832837
0.829856
0.827241
0.825911
0.826541
0.829248
0.833508
0.838306
0.842551
0.845461
0.846763
0.846634
0.845379
0.843057
0.839323
0.833595
0.825453
0.815005
0.803032
0.79088
0.780077
0.772032
0.767891
0.768447
0.773988
0.783992
0.796913
0.810444
0.822118
0.830011
0.833208
0.831867
0.826962
0.819799
0.811576
0.803169
0.79522
0.788387
0.783474
0.781383
0.782875
0.788245
0.797105
0.808304
0.820167
0.831147
0.840344
0.847672
0.853588
0.858832
0.864255
0.870683
0.878641
0.88805
0.898126
0.907602
0.915137
0.919661
0.920522
0.91737
0.910067
0.898654
0.883604
0.866159
0.848412
0.832607
0.82027
0.812127
0.808701
0.810247
0.816026
0.824365
0.833554
0.842446
0.85054
0.857781
0.864298
0.870209
0.875459
0.879848
0.88319
0.885552
0.887223
0.888323
0.88832
0.885905
0.879617
0.868634
0.853382
0.835677
0.818274
0.803943
0.794491
0.790176
0.790096
0.793045
0.79797
0.803787
0.809284
0.813458
0.816075
0.817836
0.819918
0.823204
0.827695
0.832517
0.836372
0.838121
0.837247
0.834061
0.829686
0.82561
0.822929
0.821729
0.821152
0.820098
0.817889
0.814547
0.810596
0.806768
0.80369
0.801778
0.801302
0.802466
0.805385
0.809952
0.815844
0.822716
0.830312
0.838442
0.846731
0.85447
0.860664
0.864395
0.865237
0.863466
0.859931
0.855761
0.852026
0.849424
0.848108
0.847639
0.84716
0.845658
0.842118
0.835798
0.826763
0.816682
0.809127
0.807901
0.813894
0.824082
0.834229
0.841754
0.846183
0.848149
0.848476
0.847807
0.846523
0.844714
0.842356
0.839508
0.836552
0.834302
0.833901
0.836448
0.8424
0.851218
0.861491
0.871509
0.879909
0.886136
0.890484
0.893843
0.897299
0.901672
0.907158
0.913191
0.918582
0.921831
0.921604
0.917118
0.908402
0.896346
0.882518
0.868713
0.856357
0.846082
0.837619
0.830118
0.822701
0.814983
0.807193
0.799808
0.793373
0.788743
0.787344
0.790406
0.797466
0.805639
0.810828
0.809905
0.802237
0.790085
0.777918
0.770536
0.770307
0.77587
0.783608
0.790182
0.793779
0.793939
0.790985
0.785652
0.778965
0.772207
0.766734
0.763638
0.763422
0.765919
0.770508
0.776301
0.782299
0.787531
0.791358
0.793731
0.795154
0.796193
0.797124
0.798037
0.79907
0.800381
0.802045
0.804117
0.806665
0.809554
0.812184
0.813512
0.812532
0.809075
0.804154
0.799563
0.796822
0.796493
0.798331
0.801854
0.806664
0.812319
0.818202
0.82359
0.827917
0.830919
0.8326
0.832963
0.831862
0.829015
0.824216
0.817674
0.810051
0.802205
0.794741
0.78783
0.781589
0.77682
0.775129
0.777874
0.784709
0.793413
0.801264
0.806388
0.807922
0.805541
0.799228
0.789562
0.778047
0.767163
0.760041
0.759465
0.766632
0.780657
0.799373
0.820456
0.841795
0.86143
0.87764
0.889256
0.895851
0.897606
0.894992
0.888526
0.878749
0.866345
0.852271
0.837831
0.824611
0.814175
0.807728
0.80579
0.808111
0.813777
0.821462
0.829689
0.837099
0.842668
0.845811
0.846305
0.844197
0.839815
0.833918
0.827818
0.823238
0.821898
0.824971
0.832763
0.844617
0.85911
0.87444
0.888847
0.900897
0.909593
0.914403
0.915189
0.912124
0.905621
0.896273
0.88486
0.872334
0.859775
0.848291
0.838905
0.83234
0.82888
0.828328
0.830094
0.833381
0.837346
0.841291
0.844768
0.847537
0.849466
0.850362
0.84987
0.847593
0.843321
0.837346
0.830528
0.824143
0.819507
0.817575
0.818672
0.822438
0.828014
0.834282
0.840071
0.844351
0.846518
0.846666
0.845617
0.844601
0.844594
0.845863
0.847922
0.849959
0.851177
0.851009
0.849141
0.845494
0.840254
0.833795
0.826654
0.819393
0.812425
0.805777
0.798936
0.791126
0.781946
0.772289
0.764848
0.763169
0.769133
0.781086
0.795003
0.807316
0.816397
0.822318
0.825947
0.828257
0.830059
0.831999
0.834643
0.838477
0.843814
0.850644
0.85853
0.866678
0.874098
0.879918
0.883556
0.884838
0.88397
0.88141
0.877721
0.873461
0.869125
0.865121
0.861783
0.859322
0.857621
0.856111
0.854007
0.851118
0.848647
0.848856
0.852879
0.859006
0.863842
0.86484
0.861272
0.85376
0.843607
0.83253
0.822508
0.815328
0.811923
0.811796
0.813149
0.81354
0.810871
0.804152
0.793622
0.780239
0.765279
0.750266
0.737013
0.727359
0.72277
0.724053
0.73126
0.743749
0.760166
0.778609
0.796956
0.813379
0.826721
0.836645
0.843506
0.84815
0.851711
0.855445
0.860575
0.86789
0.877117
0.886606
0.893977
0.897244
0.895578
0.88927
0.87924
0.86666
0.852791
0.838843
0.825829
0.814386
0.804868
0.797722
0.793782
0.793905
0.798035
0.804651
0.811289
0.815598
0.816046
0.812152
0.804464
0.794113
0.782257
0.769883
0.758159
0.748687
0.743137
0.742568
0.746961
0.755385
0.766472
0.778917
0.79186
0.805023
0.81847
0.832028
0.844899
0.85587
0.863802
0.86793
0.867959
0.864077
0.856927
0.847443
0.836514
0.824746
0.812385
0.799553
0.786479
0.773564
0.761221
0.749621
0.73867
0.728333
0.719083
0.712131
0.709048
0.710998
0.718217
0.730218
0.746344
0.765886
0.787664
0.809887
0.830379
0.847166
0.859007
0.865574
0.867372
0.865491
0.861182
0.855424
0.848713
0.841124
0.832673
0.823737
0.815142
0.807835
0.802436
0.799003
0.797065
0.795832
0.794447
0.792243
0.788881
0.784421
0.779232
0.773886
0.769091
0.765752
0.764989
0.76791
0.775132
0.786292
0.800022
0.814456
0.827807
0.838773
0.846724
0.85167
0.854084
0.854591
0.853721
0.851808
0.848914
0.844896
0.839581
0.832961
0.825283
0.817005
0.808782
0.801544
0.79649
0.794691
0.796513
0.801196
0.807038
0.812035
0.814686
0.814458
0.811664
0.807101
0.801746
0.796701
0.793136
0.792185
0.794608
0.800399
0.808624
0.817568
0.825109
0.829225
0.82842
0.822096
0.810751
0.796115
0.781014
0.768669
0.761438
0.759728
0.761972
0.765814
0.769406
0.771954
0.773533
0.774662
0.776118
0.778904
0.784134
0.792804
0.805354
0.82135
0.839481
0.857763
0.873939
0.885853
0.891776
0.890645
0.882164
0.866876
0.846228
0.822564
0.798923
0.778544
0.764072
0.756824
0.75636
0.760713
0.767205
0.773445
0.778042
0.780803
0.782583
0.784971
0.789797
0.79849
0.811451
0.827658
0.844797
0.85987
0.870007
0.87318
0.868562
0.856594
0.838895
0.817918
0.796469
0.776993
0.760997
0.748983
0.740763
0.735859
0.733589
0.732996
0.732894
0.732181
0.730299
0.727619
0.725443
0.72557
0.729395
0.73704
0.747035
0.756831
0.763865
0.766472
0.764369
0.758679
0.75154
0.745613
0.743481
0.747147
0.757618
0.774718
0.797121
0.822634
0.848672
0.872756
0.892839
0.907397
0.915438
0.916459
0.910528
0.898431
0.881846
0.863395
0.84631
0.8336
0.827053
0.826596
0.830468
0.836142
0.841367
0.844764
0.84591
0.845055
0.84282
0.840026
0.83763
0.836626
0.83782
0.841415
0.846865
0.853116
0.859019
0.863613
0.866282
0.866825
0.865551
0.863365
0.86162
0.861822
0.865118
0.871865
0.881356
0.892003
0.901727
0.908495
0.910738
0.907728
0.899735
0.888126
0.875022
0.862639
0.852486
0.844888
0.839133
0.834153
0.829222
0.824312
0.819938
0.816646
0.814512
0.813178
0.812174
0.811262
0.810598
0.810671
0.812071
0.815099
0.819523
0.824697
0.829925
0.83483
0.839446
0.844047
0.848763
0.85334
0.857106
0.859232
0.859017
0.856048
0.8502
0.841684
0.831168
0.820044
0.810448
0.804749
0.804625
0.810165
0.81971
0.830715
0.841002
0.849643
0.856952
0.863745
0.870599
0.877395
0.883309
0.887141
0.887735
0.884426
0.877375
0.867748
0.857351
0.847785
0.839617
0.832312
0.82529
0.81903
0.815148
0.815346
0.820477
0.830486
0.84495
0.862918
0.882423
0.900728
0.915331
0.924819
0.928886
0.927903
0.922559
0.913762
0.902634
0.890499
0.878777
0.868733
0.861232
0.856476
0.853958
0.852491
0.850432
0.846183
0.838818
0.82845
0.816061
0.803012
0.790668
0.780544
0.774466
0.774152
0.780231
0.791562
0.805524
0.819203
0.830546
0.838812
0.844257
0.847524
0.849208
0.849752
0.849411
0.848362
0.846725
0.844681
0.842653
0.841286
0.841188
0.842659
0.845586
0.849713
0.854838
0.860921
0.868027
0.876145
0.885043
0.894067
0.902056
0.9075
0.908971
0.905581
0.897216
0.884416
0.868245
0.850184
0.832077
0.815949
0.803654
0.796442
0.794596
0.797482
0.803853
0.812218
0.821205
0.829743
0.837259
0.84377
0.849668
0.855125
0.859737
0.862865
0.864615
0.866513
0.870866
0.879392
0.892134
0.907304
0.922233
0.93448
0.942528
0.945839
0.944684
0.939989
0.932964
0.924668
0.915551
0.905457
0.894239
0.882369
0.870762
0.859761
0.848555
0.835962
0.821729
0.806829
0.792637
0.779889
0.76834
0.757307
0.746528
0.736682
0.72926
0.725974
0.728009
0.735562
0.747981
0.764259
0.783401
0.804377
0.825916
0.846397
0.863992
0.877057
0.884559
0.886385
0.883413
0.877115
0.868805
0.858998
0.847441
0.833592
0.817193
0.798591
0.778818
0.759525
0.742681
0.7301
0.722797
0.720644
0.722693
0.727806
0.735058
0.74368
0.752893
0.761902
0.770137
0.777522
0.784465
0.791582
0.799301
0.807796
0.817104
0.827242
0.838049
0.848814
0.858075
0.863893
0.864305
0.857894
0.844355
0.825043
0.803212
0.783265
0.768963
0.761604
0.759858
0.761289
0.764098
0.767598
0.771799
0.776825
0.782688
0.78943
0.797234
0.806324
0.816663
0.827719
0.838469
0.847771
0.854768
0.859
0.860394
0.859252
0.856279
0.852491
0.848965
0.846411
0.844918
0.84395
0.842771
0.840962
0.838689
0.836411
0.834341
0.832135
0.829109
0.824818
0.819557
0.814407
0.81077
0.809762
0.81178
0.816499
0.823239
0.831385
0.840521
0.850401
0.860787
0.871375
0.881738
0.891321
0.899538
0.905857
0.909948
0.91175
0.911296
0.908466
0.90293
0.894302
0.882525
0.868071
0.852008
0.835874
0.821459
0.810444
0.804008
0.802422
0.80491
0.809878
0.815427
0.819934
0.822346
0.822335
0.820123
0.816164
0.810966
0.805033
0.79891
0.793256
0.788743
0.785884
0.784871
0.785462
0.786977
0.788514
0.789404
0.789617
0.789795
0.790845
0.793254
0.796671
0.799974
0.801752
0.800882
0.797009
0.790796
0.783836
0.778127
0.775327
0.776118
0.78006
0.786005
0.792757
0.799511
0.805852
0.81156
0.816379
0.820031
0.822522
0.824391
0.826759
0.830863
0.837479
0.846626
0.857717
0.869915
0.882281
0.893724
0.902918
0.908577
0.909767
0.906044
0.897413
0.884116
0.866576
0.845461
0.822008
0.798202
0.776768
0.760739
0.752777
0.754337
0.764811
0.781195
0.798908
0.813475
0.82208
0.824239
0.821638
0.817393
0.815033
0.817254
0.824906
0.83669
0.849817
0.861237
0.868698
0.871276
0.869215
0.863529
0.855532
0.846578
0.837845
0.830358
0.824938
0.822258
0.823082
0.828411
0.839242
0.855775
0.876402
0.897639
0.915315
0.926048
0.92817
0.922155
0.910797
0.898663
0.890055
0.886532
0.886623
0.887969
0.889154
0.889816
0.889901
0.889191
0.887248
0.883657
0.878249
0.871291
0.863529
0.856085
0.850164
0.846539
0.845132
0.845055
0.845053
0.844187
0.842325
0.840286
0.839487
0.841177
0.845794
0.852795
0.860956
0.86882
0.875049
0.878703
0.879474
0.877777
0.874699
0.87183
0.87091
0.87323
0.878966
0.886994
0.895362
0.902173
0.906262
0.907292
0.905411
0.900879
0.893822
0.884343
0.87289
0.86066
0.849434
0.840739
0.834869
0.830738
0.826631
0.821136
0.813716
0.804774
0.795345
0.786695
0.779931
0.775686
0.773987
0.774362
0.77633
0.779791
0.784992
0.792167
0.801127
0.81114
0.82108
0.829719
0.836041
0.839597
0.840544
0.839431
0.83683
0.833016
0.827963
0.821514
0.813695
0.805017
0.796591
0.790013
0.786954
0.788561
0.795006
0.80541
0.818259
0.831983
0.845183
0.856573
0.865026
0.869748
0.870445
0.867305
0.860765
0.851351
0.839683
0.826673
0.813669
0.80233
0.794144
0.789881
0.789373
0.791666
0.795431
0.799386
0.802546
0.804337
0.804596
0.803469
0.801373
0.799016
0.797524
0.798242
0.802076
0.8087
0.816469
0.823195
0.827122
0.827364
0.823836
0.817039
0.807848
0.797429
0.787109
0.77818
0.771503
0.767271
0.765078
0.764214
0.76406
0.764335
0.765088
0.766577
0.769019
0.772407
0.776509
0.780971
0.785575
0.790321
0.795445
0.801305
0.808175
0.816097
0.824862
0.834089
0.843274
0.851878
0.85949
0.865912
0.871229
0.875636
0.879224
0.881852
0.88311
0.882533
0.879918
0.875555
0.87027
0.86506
0.860711
0.857498
0.855322
0.854008
0.853504
0.853889
0.855253
0.857467
0.859907
0.861419
0.860571
0.856234
0.848136
0.837086
0.824824
0.813531
0.805242
0.801412
0.802668
0.808735
0.818446
0.829907
0.840771
0.848783
0.852427
0.851613
0.847808
0.843208
0.839245
0.83564
0.830954
0.823932
0.814206
0.802257
0.789115
0.776075
0.76453
0.75569
0.750356
0.748818
0.751092
0.757079
0.766521
0.778708
0.792157
0.80468
0.813946
0.818218
0.816948
0.811056
0.802671
0.794531
0.789269
0.788601
0.792394
0.798558
0.804195
0.807259
0.807327
0.805132
0.801559
0.796975
0.791137
0.783715
0.774794
0.76495
0.754836
0.744866
0.735109
0.725573
0.716448
0.708226
0.701597
0.697317
0.695985
0.697918
0.703191
0.711742
0.723347
0.737377
0.752539
0.767046
0.779234
0.788137
0.793706
0.79654
0.797536
0.797529
0.797254
0.797414
0.798635
0.801197
0.804805
0.808739
0.81227
0.815128
0.817629
0.820451
0.82429
0.829609
0.836497
0.844646
0.853383
0.861841
0.869152
0.874586
0.877531
0.877379
0.873455
0.865239
0.852652
0.836184
0.816725
0.795353
0.773182
0.751496
0.731944
0.716475
0.706846
0.704071
0.708167
0.718377
0.733417
0.751667
0.771326
0.79064
0.808138
0.822695
0.833543
0.840285
0.843037
0.842484
0.839698
0.835802
0.831655
0.827736
0.824288
0.821517
0.81965
0.818773
0.818698
0.818922
0.818751
0.817473
0.814573
0.809814
0.803381
0.796055
0.789131
0.784168
0.782665
0.785656
0.7934
0.805032
0.818612
0.831606
0.841644
0.847089
0.847222
0.842197
0.832937
0.820958
0.80808
0.795952
