-0.0318404
-0.03185
-0.0318659
-0.0318881
-0.0319166
-0.0319515
-0.0319926
-0.03204
-0.0320938
-0.0321539
-0.0322204
-0.0322932
-0.0323749
-0.0324679
-0.0325677
-0.0326742
-0.0328018
-0.0329271
-0.033069
-0.033223
-0.0333749
-0.0335414
-0.0337059
-0.0338899
-0.0340914
-0.0342915
-0.0345044
-0.034721
-0.0349459
-0.03517
-0.0354122
-0.0356611
-0.0359072
-0.0361745
-0.036449
-0.0367333
-0.0370205
-0.0373158
-0.0376193
-0.0379384
-0.0382546
-0.0385869
-0.038936
-0.039314
-0.039681
-0.0400634
-0.0404642
-0.0408767
-0.0413061
-0.0417411
-0.0421918
-0.0426683
-0.0431522
-0.0436632
-0.0441996
-0.044748
-0.0453163
-0.0459007
-0.0465138
-0.0471495
-0.0478065
-0.0484811
-0.0491839
-0.0499161
-0.0506815
-0.0514696
-0.0522891
-0.0531367
-0.0540285
-0.0549426
-0.0559046
-0.0569095
-0.0579452
-0.0590449
-0.0601923
-0.0613828
-0.0626217
-0.0639143
-0.0652615
-0.0666737
-0.0681571
-0.069713
-0.0713478
-0.0730513
-0.0748469
-0.0767153
-0.0786822
-0.08075
-0.0829134
-0.0851816
-0.0875607
-0.0900493
-0.0926496
-0.095365
-0.0981992
-0.101139
-0.104182
-0.107317
-0.110533
-0.113791
-0.117051
-0.120263
-0.123368
-0.126272
-0.128837
-0.130939
-0.13239
-0.133
-0.13258
-0.130997
-0.12815
-0.124176
-0.119416
-0.114495
-0.110264
-0.107627
-0.107293
-0.109565
-0.114275
-0.120844
-0.128413
-0.136078
-0.142988
-0.148534
-0.152413
-0.154753
-0.156123
-0.157439
-0.159726
-0.163821
-0.170005
-0.177906
-0.186657
-0.195208
-0.202644
-0.208333
-0.211995
-0.213644
-0.213532
-0.212086
-0.209797
-0.207124
-0.204456
-0.202007
-0.199857
-0.197946
-0.196165
-0.194419
-0.192601
-0.190606
-0.18836
-0.185966
-0.183784
-0.1824
-0.182506
-0.184639
-0.188975
-0.195341
-0.203219
-0.21195
-0.220852
-0.229283
-0.236715
-0.242757
-0.247181
-0.249905
-0.25104
-0.250837
-0.249644
-0.247895
-0.246066
-0.244592
-0.243868
-0.244116
-0.245429
-0.24772
-0.250791
-0.254334
-0.258041
-0.26161
-0.264808
-0.267489
-0.269591
-0.271166
-0.27231
-0.273172
-0.273885
-0.274549
-0.275201
-0.275839
-0.276441
-0.276986
-0.277492
-0.278015
-0.278587
-0.279273
-0.280074
-0.280988
-0.28196
-0.282941
-0.283894
-0.284816
-0.285706
-0.286601
-0.287582
-0.288724
-0.290073
-0.291666
-0.29352
-0.295614
-0.297898
-0.300284
-0.302697
-0.305035
-0.307193
-0.309082
-0.310595
-0.31166
-0.312209
-0.312183
-0.311585
-0.310441
-0.308844
-0.30694
-0.30491
-0.302969
-0.301257
-0.299861
-0.298724
-0.29767
-0.296419
-0.294678
-0.292212
-0.28893
-0.284926
-0.280564
-0.27647
-0.273476
-0.272435
-0.273968
-0.27825
-0.284884
-0.292997
-0.301512
-0.30932
-0.315508
-0.319366
-0.320371
-0.318255
-0.31316
-0.305797
-0.297653
-0.290851
-0.287484
-0.288706
-0.294171
-0.302333
-0.311207
-0.319057
-0.324633
-0.327164
-0.326237
-0.321691
-0.313635
-0.302508
-0.289198
-0.275107
-0.262127
-0.252319
-0.247415
-0.248294
-0.254635
-0.265115
-0.277818
-0.290842
-0.302716
-0.312594
-0.320129
-0.325454
-0.328882
-0.330871
-0.33186
-0.332254
-0.332374
-0.332436
-0.332576
-0.332812
-0.333168
-0.333619
-0.334118
-0.334638
-0.335178
-0.335732
-0.33629
-0.336863
-0.337451
-0.338019
-0.338553
-0.338978
-0.33921
-0.33915
-0.338697
-0.337687
-0.335939
-0.333247
-0.329473
-0.324565
-0.318658
-0.312165
-0.305754
-0.300315
-0.296671
-0.295295
-0.296095
-0.298535
-0.3018
-0.30515
-0.308051
-0.310237
-0.31167
-0.312439
-0.312726
-0.312735
-0.312675
-0.31269
-0.312876
-0.313237
-0.313726
-0.31424
-0.314652
-0.314855
-0.314786
-0.314429
-0.313854
-0.313196
-0.312601
-0.31224
-0.312215
-0.31254
-0.313157
-0.313941
-0.314734
-0.31538
-0.31576
-0.315823
-0.31556
-0.314988
-0.314238
-0.313382
-0.312549
-0.311815
-0.311256
-0.310894
-0.310734
-0.310745
-0.310888
-0.311133
-0.31145
-0.311827
-0.312267
-0.312766
-0.313367
-0.314079
-0.314917
-0.315876
-0.3169
-0.31797
-0.318989
-0.319859
-0.320463
-0.32068
-0.320373
-0.31937
-0.317524
-0.314656
-0.310638
-0.305367
-0.298883
-0.291367
-0.283272
-0.275316
-0.268449
-0.263698
-0.261952
-0.263673
-0.268761
-0.27657
-0.286099
-0.296282
-0.306173
-0.315115
-0.322719
-0.328806
-0.333321
-0.336325
-0.337838
-0.337916
-0.336585
-0.333879
-0.329885
-0.324774
-0.318857
-0.312592
-0.306586
-0.301438
-0.29761
-0.295286
-0.294315
-0.294345
-0.294955
-0.295816
-0.296735
-0.297687
-0.298733
-0.299907
-0.301217
-0.302627
-0.304013
-0.305292
-0.306425
-0.307394
-0.308223
-0.308973
-0.309681
-0.310386
-0.311101
-0.311828
-0.31254
-0.31323
-0.313867
-0.314432
-0.314917
-0.315331
-0.315678
-0.315972
-0.316217
-0.316416
-0.316593
-0.316751
-0.316889
-0.317018
-0.317133
-0.317234
-0.317313
-0.317355
-0.317383
-0.317366
-0.317302
-0.317158
-0.316923
-0.316593
-0.316144
-0.315531
-0.314759
-0.313807
-0.312657
-0.311317
-0.309804
-0.308156
-0.30644
-0.304735
-0.303124
-0.301722
-0.300619
-0.299873
-0.299482
-0.299414
-0.299567
-0.299796
-0.299968
-0.299946
-0.299639
-0.298969
-0.297947
-0.296663
-0.295228
-0.293834
-0.292689
-0.291975
-0.291872
-0.292436
-0.293687
-0.295527
-0.297811
-0.300312
-0.30283
-0.305142
-0.307078
-0.308471
-0.3092
-0.309185
-0.308357
-0.306707
-0.304259
-0.301101
-0.297396
-0.293399
-0.289439
-0.285928
-0.283239
-0.281663
-0.281297
-0.282013
-0.283527
-0.285472
-0.287521
-0.289444
-0.291131
-0.292552
-0.293723
-0.294693
-0.295528
-0.296281
-0.297033
-0.297804
-0.298623
-0.299424
-0.300136
-0.300643
-0.300855
-0.300734
-0.300324
-0.299777
-0.299333
-0.299219
-0.29961
-0.300565
-0.302016
-0.303775
-0.305601
-0.307219
-0.308419
-0.308999
-0.308875
-0.308033
-0.306598
-0.304805
-0.302992
-0.301545
-0.30088
-0.301296
-0.302958
-0.305785
-0.309538
-0.313823
-0.318212
-0.322308
-0.325855
-0.328684
-0.330744
-0.332079
-0.332785
-0.332957
-0.332677
-0.331991
-0.330915
-0.329431
-0.327492
-0.325018
-0.321974
-0.318346
-0.314238
-0.309814
-0.305377
-0.301306
-0.298018
-0.29586
-0.29502
-0.295458
-0.29687
-0.298773
-0.300626
-0.301949
-0.302462
-0.302118
-0.3011
-0.299754
-0.298494
-0.297653
-0.297457
-0.297966
-0.2991
-0.300706
-0.302587
-0.304539
-0.306407
-0.308064
-0.309475
-0.310675
-0.311799
-0.313005
-0.314419
-0.316127
-0.318115
-0.320247
-0.322364
-0.324274
-0.325778
-0.326738
-0.327024
-0.326552
-0.325278
-0.323178
-0.320236
-0.316487
-0.311969
-0.306806
-0.301188
-0.295331
-0.289571
-0.284286
-0.279886
-0.276748
-0.275185
-0.275377
-0.277318
-0.280811
-0.285519
-0.290959
-0.296676
-0.302236
-0.307282
-0.311577
-0.315
-0.317479
-0.318994
-0.319584
-0.319285
-0.318165
-0.316294
-0.313819
-0.310888
-0.307717
-0.304532
-0.30157
-0.298963
-0.296724
-0.29469
-0.292539
-0.28991
-0.286529
-0.282375
-0.277841
-0.273749
-0.271204
-0.271126
-0.273793
-0.278703
-0.284801
-0.29098
-0.2965
-0.301054
-0.304735
-0.307858
-0.310757
-0.3137
-0.31684
-0.320203
-0.323713
-0.32728
-0.330786
-0.334131
-0.337249
-0.340046
-0.342457
-0.344402
-0.345789
-0.346473
-0.346286
-0.34506
-0.34255
-0.338528
-0.332738
-0.324967
-0.315085
-0.303191
-0.289723
-0.275665
-0.262524
-0.252154
-0.24622
-0.245614
-0.250154
-0.258735
-0.269748
-0.281538
-0.292794
-0.302646
-0.310687
-0.316791
-0.321054
-0.323564
-0.324429
-0.323636
-0.32113
-0.316827
-0.310708
-0.302904
-0.293833
-0.284252
-0.275197
-0.267829
-0.26309
-0.261462
-0.262799
-0.266534
-0.271949
-0.278509
-0.285864
-0.293865
-0.302258
-0.31073
-0.318866
-0.326286
-0.33272
-0.338034
-0.342223
-0.345362
-0.347578
-0.348995
-0.349741
-0.349889
-0.34949
-0.348563
-0.347099
-0.345065
-0.342387
-0.33904
-0.335003
-0.330312
-0.32512
-0.319676
-0.3143
-0.309353
-0.305159
-0.301917
-0.299636
-0.298189
-0.297346
-0.296858
-0.29653
-0.296339
-0.296447
-0.29722
-0.299085
-0.302363
-0.307118
-0.313077
-0.319581
-0.32586
-0.331107
-0.334693
-0.336202
-0.335468
-0.332567
-0.327859
-0.321956
-0.315816
-0.310559
-0.307298
-0.306661
-0.308617
-0.312364
-0.316773
-0.32079
-0.323729
-0.325323
-0.325679
-0.325152
-0.324272
-0.323597
-0.323632
-0.324705
-0.326932
-0.330207
-0.334201
-0.338496
-0.342667
-0.346354
-0.349299
-0.351371
-0.352526
-0.352806
-0.352269
-0.35099
-0.349043
-0.346536
-0.343601
-0.340356
-0.336958
-0.333552
-0.330292
-0.327371
-0.325028
-0.323515
-0.323108
-0.32401
-0.326278
-0.329784
-0.334215
-0.339075
-0.343809
-0.347888
-0.350897
-0.352543
-0.352714
-0.351417
-0.348803
-0.345136
-0.340796
-0.336268
-0.332176
-0.329155
-0.327767
-0.32837
-0.330985
-0.335322
-0.340847
-0.34692
-0.352944
-0.358433
-0.363065
-0.366641
-0.369114
-0.370481
-0.370838
-0.370283
-0.368957
-0.367004
-0.364571
-0.36182
-0.35888
-0.355907
-0.353013
-0.350297
-0.347842
-0.345706
-0.343924
-0.3425
-0.341414
-0.340618
-0.340051
-0.339637
-0.339262
-0.338838
-0.338289
-0.33754
-0.336547
-0.335339
-0.333951
-0.332493
-0.331095
-0.329953
-0.329252
-0.329174
-0.329826
-0.331269
-0.333466
-0.336334
-0.339686
-0.343349
-0.347134
-0.350888
-0.354488
-0.357852
-0.360937
-0.363731
-0.366232
-0.368449
-0.370409
-0.372105
-0.373541
-0.374679
-0.375474
-0.375843
-0.375662
-0.374787
-0.373004
-0.37008
-0.365757
-0.359838
-0.352287
-0.343361
-0.333753
-0.324602
-0.317297
-0.313012
-0.312264
-0.31473
-0.319501
-0.325517
-0.331883
-0.337996
-0.343509
-0.348239
-0.352129
-0.355158
-0.357321
-0.358635
-0.359107
-0.358794
-0.357677
-0.355833
-0.353378
-0.350475
-0.347379
-0.344346
-0.341645
-0.339536
-0.338266
-0.338077
-0.339158
-0.341566
-0.345179
-0.3496
-0.354289
-0.358701
-0.362476
-0.36554
-0.368052
-0.37033
-0.372678
-0.375283
-0.378158
-0.381161
-0.383978
-0.38618
-0.38733
-0.387001
-0.384804
-0.380476
-0.3739
-0.365175
-0.354695
-0.343226
-0.331973
-0.322522
-0.316465
-0.314934
-0.318183
-0.325529
-0.335679
-0.347193
-0.358802
-0.369508
-0.378628
-0.385715
-0.390509
-0.392915
-0.392983
-0.390898
-0.387006
-0.381902
-0.376443
-0.371636
-0.368459
-0.367544
-0.369002
-0.372356
-0.376812
-0.38149
-0.385697
-0.388973
-0.391118
-0.39207
-0.391873
-0.390666
-0.388647
-0.386104
-0.383358
-0.380739
-0.378396
-0.376289
-0.374137
-0.371501
-0.367958
-0.363299
-0.35762
-0.351444
-0.345602
-0.341057
-0.338511
-0.33825
-0.340047
-0.343375
-0.347605
-0.352225
-0.356858
-0.361282
-0.365361
-0.369009
-0.372142
-0.374714
-0.376664
-0.37793
-0.378445
-0.378158
-0.377015
-0.374978
-0.372078
-0.368395
-0.364094
-0.359416
-0.354696
-0.350304
-0.346568
-0.343743
-0.341975
-0.341267
-0.341549
-0.342679
-0.344556
-0.347023
-0.34995
-0.353157
-0.356456
-0.359664
-0.362572
-0.365087
-0.367102
-0.368544
-0.369376
-0.369587
-0.369163
-0.368079
-0.366272
-0.363689
-0.360235
-0.355812
-0.350355
-0.343942
-0.336846
-0.32972
-0.32354
-0.319468
-0.318387
-0.320523
-0.325287
-0.331553
-0.338115
-0.34404
-0.348819
-0.352259
-0.354457
-0.355616
-0.356008
-0.35589
-0.35555
-0.35523
-0.355129
-0.355404
-0.356139
-0.357353
-0.359002
-0.361002
-0.363214
-0.365516
-0.367772
-0.369896
-0.371811
-0.373506
-0.374992
-0.376313
-0.377519
-0.378651
-0.379704
-0.380676
-0.381494
-0.382105
-0.382448
-0.382497
-0.382259
-0.381755
-0.381012
-0.380066
-0.378981
-0.377721
-0.376331
-0.374778
-0.373055
-0.371154
-0.3691
-0.366939
-0.364753
-0.362684
-0.360906
-0.359622
-0.35904
-0.3593
-0.360416
-0.36227
-0.364616
-0.367151
-0.369534
-0.371528
-0.372996
-0.373905
-0.374362
-0.374507
-0.374571
-0.374759
-0.375334
-0.376442
-0.378176
-0.380491
-0.383171
-0.385946
-0.3885
-0.390539
-0.391911
-0.392542
-0.392484
-0.391883
-0.390944
-0.389867
-0.388783
-0.387739
-0.386604
-0.385149
-0.383126
-0.380242
-0.37625
-0.371016
-0.364513
-0.356894
-0.348508
-0.339881
-0.331673
-0.324614
-0.319384
-0.316416
-0.315852
-0.317515
-0.320977
-0.325703
-0.331197
-0.337005
-0.342817
-0.348445
-0.353746
-0.358638
-0.363047
-0.366952
-0.370323
-0.373141
-0.375408
-0.377149
-0.378384
-0.379139
-0.379431
-0.379272
-0.378684
-0.37766
-0.376193
-0.37428
-0.371917
-0.369124
-0.365942
-0.362442
-0.35874
-0.355025
-0.351496
-0.348447
-0.346191
-0.345036
-0.345238
-0.346881
-0.349842
-0.353774
-0.35816
-0.362452
-0.366168
-0.368952
-0.370581
-0.370972
-0.370142
-0.368253
-0.36556
-0.362456
-0.359435
-0.356977
-0.355464
-0.355038
-0.355569
-0.356737
-0.358114
-0.359332
-0.360145
-0.360423
-0.360174
-0.359472
-0.35841
-0.357024
-0.355281
-0.353066
-0.350199
-0.346469
-0.341783
-0.33628
-0.330448
-0.325146
-0.32136
-0.319984
-0.321375
-0.325186
-0.330521
-0.336328
-0.341764
-0.346316
-0.349831
-0.352387
-0.354172
-0.355394
-0.356209
-0.356733
-0.356995
-0.356942
-0.356527
-0.355581
-0.353976
-0.351523
-0.348054
-0.343433
-0.337584
-0.330581
-0.322774
-0.3149
-0.308135
-0.303852
-0.303123
-0.306219
-0.312369
-0.320143
-0.328023
-0.33485
-0.339952
-0.343092
-0.344276
-0.343659
-0.341505
-0.338102
-0.333766
-0.328876
-0.323823
-0.318997
-0.31477
-0.311426
-0.309153
-0.308037
-0.308008
-0.308908
-0.310524
-0.312579
-0.314861
-0.317165
-0.319332
-0.321256
-0.322858
-0.324124
-0.325029
-0.325592
-0.325816
-0.325752
-0.325433
-0.324895
-0.324194
-0.323362
-0.322449
-0.321491
-0.32053
-0.319585
-0.318705
-0.31793
-0.317271
-0.316748
-0.31638
-0.316165
-0.316103
-0.316162
-0.316299
-0.316468
-0.316634
-0.316733
-0.316701
-0.31651
-0.316111
-0.3155
-0.314656
-0.313606
-0.312395
-0.311084
-0.309783
-0.308624
-0.307737
-0.307259
-0.307298
-0.307933
-0.309194
-0.311048
-0.313425
-0.316223
-0.319305
-0.322543
-0.325813
-0.329003
-0.332011
-0.334773
-0.33723
-0.33932
-0.340983
-0.342178
-0.342823
-0.34283
-0.342121
-0.340572
-0.33812
-0.334689
-0.330322
-0.325101
-0.319255
-0.313017
-0.306564
-0.29997
-0.293124
-0.285971
-0.278755
-0.272216
-0.267513
-0.265683
-0.267118
-0.271331
-0.277292
-0.283948
-0.290601
-0.29687
-0.302621
-0.307802
-0.312395
-0.316375
-0.319756
-0.322513
-0.324671
-0.326274
-0.327371
-0.328014
-0.328266
-0.328209
-0.327921
-0.327518
-0.327065
-0.326648
-0.326351
-0.326211
-0.326243
-0.326429
-0.32673
-0.327031
-0.327208
-0.327114
-0.326596
-0.325557
-0.32396
-0.321844
-0.319353
-0.316689
-0.31411
-0.311864
-0.310186
-0.309269
-0.309247
-0.310208
-0.312169
-0.315087
-0.318818
-0.323179
-0.327915
-0.332809
-0.337628
-0.342216
-0.346451
-0.350241
-0.353557
-0.35635
-0.358611
-0.360352
-0.361599
-0.362367
-0.362688
-0.362552
-0.362016
-0.361055
-0.359688
-0.3579
-0.355658
-0.352892
-0.349532
-0.345526
-0.340889
-0.335736
-0.330313
-0.324978
-0.320177
-0.316325
-0.313777
-0.312752
-0.313371
-0.31565
-0.319463
-0.324582
-0.330677
-0.337334
-0.344099
-0.350561
-0.356399
-0.361385
-0.365407
-0.368427
-0.370478
-0.371655
-0.372079
-0.371845
-0.371057
-0.369802
-0.36816
-0.366181
-0.363927
-0.361498
-0.359013
-0.356652
-0.354662
-0.353274
-0.352702
-0.353006
-0.354142
-0.35592
-0.358098
-0.360429
-0.362761
-0.364995
-0.367105
-0.369126
-0.371066
-0.372941
-0.374709
-0.376288
-0.377557
-0.378359
-0.378508
-0.377839
-0.376201
-0.373564
-0.369987
-0.365701
-0.361069
-0.356597
-0.35281
-0.350163
-0.349002
-0.349504
-0.351642
-0.355276
-0.360132
-0.365801
-0.371874
-0.377918
-0.383554
-0.388546
-0.392766
-0.396179
-0.398862
-0.4009
-0.40244
-0.403586
-0.40446
-0.405166
-0.405767
-0.40634
-0.406913
-0.407517
-0.408159
-0.408822
-0.409456
-0.410026
-0.410432
-0.410582
-0.410359
-0.40963
-0.408277
-0.40618
-0.403289
-0.399647
-0.395396
-0.390864
-0.386511
-0.382918
-0.38065
-0.380109
-0.381378
-0.384221
-0.388096
-0.392341
-0.396363
-0.399788
-0.402523
-0.404763
-0.406815
-0.409033
-0.411661
-0.414734
-0.418139
-0.421739
-0.425404
-0.429135
-0.433021
-0.437169
-0.441591
-0.446158
-0.450613
-0.454612
-0.457822
-0.459977
-0.460914
-0.460579
-0.459042
-0.456482
-0.453222
-0.449644
-0.446217
-0.443399
-0.441558
-0.44093
-0.441532
-0.443168
-0.44554
-0.448277
-0.451045
-0.453573
-0.45568
-0.457336
-0.458591
-0.459554
-0.460351
-0.461066
-0.461709
-0.462191
-0.462329
-0.461922
-0.460774
-0.458835
-0.456178
-0.453057
-0.449765
-0.446531
-0.443409
-0.440285
-0.437049
-0.433809
-0.430997
-0.429278
-0.429155
-0.430662
-0.433213
-0.435822
-0.437393
-0.436992
-0.433994
-0.42809
-0.419464
-0.40881
-0.397516
-0.387459
-0.380503
-0.377718
-0.378889
-0.382818
-0.387997
-0.393239
-0.397822
-0.401477
-0.404143
-0.405904
-0.40686
-0.407132
-0.406813
-0.406001
-0.404763
-0.403158
-0.401243
-0.399059
-0.39662
-0.393926
-0.390975
-0.387728
-0.384141
-0.380177
-0.375752
-0.370857
-0.365503
-0.359796
-0.353953
-0.348328
-0.343371
-0.339536
-0.337125
-0.336237
-0.336668
-0.338004
-0.339765
-0.341505
-0.342894
-0.3437
-0.343811
-0.343168
-0.341753
-0.339571
-0.33663
-0.332989
-0.328786
-0.324216
-0.319662
-0.315592
-0.312529
-0.310901
-0.310899
-0.312419
-0.315107
-0.31846
-0.32198
-0.32524
-0.327967
-0.33
-0.331214
-0.331557
-0.330943
-0.329286
-0.326507
-0.322558
-0.317461
-0.311434
-0.304944
-0.298736
-0.293756
-0.290908
-0.290611
-0.292539
-0.295411
-0.297145
-0.295069
-0.286264
-0.268497
-0.24245
-0.214684
-0.197287
-0.199353
-0.218294
-0.243885
-0.268067
-0.288026
-0.303781
-0.316017
-0.325322
-0.332212
-0.337134
-0.340512
-0.342727
-0.344106
-0.344927
-0.345366
-0.345591
-0.345695
-0.345735
-0.345752
-0.345753
-0.34572
-0.34563
-0.345425
-0.345043
-0.344394
-0.34342
-0.342019
-0.340158
-0.337865
-0.335202
-0.332332
-0.329482
-0.326913
-0.324844
-0.323358
-0.322426
-0.321857
-0.321425
-0.320914
-0.320253
-0.319484
-0.318774
-0.31838
-0.318532
-0.31943
-0.321144
-0.323599
-0.326622
-0.329974
-0.333451
-0.336929
-0.340401
-0.34396
-0.347752
-0.351915
-0.356544
-0.361614
-0.367029
-0.372594
-0.378111
-0.383392
-0.388241
-0.39248
-0.395955
-0.398494
-0.399908
-0.399962
-0.398429
-0.395058
-0.389619
-0.382006
-0.372275
-0.360833
-0.348556
-0.336887
-0.327669
-0.32264
-0.322702
-0.327385
-0.335049
-0.343619
-0.351316
-0.357086
-0.360579
-0.361917
-0.361542
-0.360004
-0.357883
-0.355733
-0.35406
-0.353268
-0.353605
-0.355089
-0.357472
-0.360361
-0.363336
-0.366083
-0.36844
-0.370339
-0.371833
-0.372968
-0.373735
-0.374147
-0.374094
-0.373526
-0.372305
-0.37041
-0.367831
-0.364721
-0.361321
-0.357975
-0.355132
-0.353223
-0.352512
-0.353102
-0.354842
-0.357473
-0.360619
-0.363923
-0.367064
-0.369799
-0.371933
-0.37333
-0.373917
-0.373647
-0.372529
-0.370623
-0.367997
-0.364705
-0.360813
-0.356364
-0.351446
-0.346214
-0.34097
-0.336155
-0.332281
-0.329791
-0.32891
-0.32957
-0.331439
-0.334049
-0.336925
-0.339642
-0.341863
-0.343388
-0.344033
-0.343671
-0.342252
-0.339758
-0.336196
-0.33174
-0.326801
-0.322072
-0.318647
-0.317632
-0.319754
-0.324937
-0.332299
-0.340556
-0.34852
-0.355419
-0.360984
-0.365246
-0.368427
-0.370787
-0.372516
-0.373712
-0.374407
-0.374586
-0.374171
-0.373059
-0.37115
-0.368387
-0.364798
-0.36055
-0.355964
-0.351525
-0.34782
-0.345338
-0.344328
-0.344634
-0.345782
-0.347095
-0.347878
-0.347579
-0.345835
-0.34247
-0.337517
-0.331225
-0.324148
-0.317117
-0.311133
-0.30713
-0.305585
-0.306323
-0.308601
-0.311459
-0.314005
-0.315652
-0.316141
-0.315473
-0.313807
-0.3114
-0.308572
-0.305677
-0.303103
-0.301214
-0.300294
-0.30052
-0.301898
-0.30434
-0.307691
-0.311758
-0.316332
-0.321217
-0.326159
-0.330948
-0.33536
-0.33924
-0.342487
-0.345065
-0.34698
-0.348287
-0.349037
-0.349312
-0.349197
-0.348742
-0.348027
-0.347086
-0.345971
-0.344723
-0.343369
-0.341946
-0.340455
-0.338921
-0.337367
-0.33578
-0.334182
-0.332529
-0.330786
-0.328911
-0.32683
-0.324496
-0.321865
-0.318887
-0.315619
-0.312176
-0.308711
-0.305465
-0.302649
-0.300449
-0.298928
-0.298067
-0.297759
-0.297815
-0.298064
-0.298325
-0.298443
-0.29827
-0.297682
-0.296603
-0.295026
-0.293048
-0.290829
-0.288649
-0.286833
-0.285708
-0.285577
-0.286667
-0.289053
-0.292674
-0.297315
-0.302692
-0.30846
-0.314266
-0.319804
-0.324857
-0.329254
-0.332899
-0.335766
-0.337856
-0.339221
-0.339912
-0.340055
-0.339774
-0.339209
-0.338483
-0.337739
-0.33709
-0.33658
-0.336234
-0.335992
-0.335807
-0.335582
-0.335203
-0.334604
-0.333729
-0.332552
-0.331089
-0.329396
-0.327547
-0.325651
-0.323815
-0.322131
-0.320658
-0.31941
-0.318348
-0.317387
-0.316396
-0.31524
-0.313792
-0.311979
-0.309793
-0.307281
-0.304586
-0.301906
-0.299527
-0.297773
-0.296992
-0.297501
-0.299405
-0.302617
-0.306826
-0.311565
-0.316328
-0.320731
-0.32452
-0.327593
-0.329981
-0.331782
-0.333169
-0.334305
-0.335336
-0.336364
-0.337482
-0.338714
-0.340079
-0.341553
-0.343084
-0.344616
-0.346074
-0.34737
-0.348446
-0.349208
-0.349616
-0.349635
-0.349257
-0.348542
-0.347583
-0.346529
-0.345529
-0.344772
-0.344392
-0.344447
-0.344854
-0.345491
-0.346089
-0.346389
-0.346137
-0.345183
-0.343447
-0.340998
-0.337967
-0.334512
-0.330716
-0.326617
-0.322169
-0.317424
-0.312675
-0.30853
-0.305757
-0.304943
-0.30616
-0.308888
-0.312244
-0.315415
-0.318017
-0.320263
-0.322821
-0.326491
-0.331685
-0.338197
-0.345263
-0.351973
-0.357589
-0.361738
-0.36437
-0.365654
-0.36585
-0.36524
-0.364063
-0.362506
-0.360706
-0.358766
-0.356775
-0.3548
-0.35289
-0.351093
-0.349462
-0.347995
-0.3467
-0.345581
-0.344621
-0.343801
-0.343119
-0.342592
-0.342212
-0.342019
-0.342059
-0.342403
-0.34309
-0.344161
-0.345626
-0.347488
-0.349721
-0.352265
-0.355068
-0.358045
-0.361085
-0.364101
-0.366984
-0.369663
-0.37205
-0.374117
-0.375821
-0.377161
-0.378115
-0.378679
-0.378843
-0.378614
-0.377981
-0.376938
-0.37547
-0.373587
-0.371283
-0.368591
-0.365559
-0.362251
-0.358802
-0.355433
-0.352413
-0.350102
-0.348874
-0.349054
-0.350774
-0.353951
-0.358304
-0.363379
-0.36871
-0.373857
-0.3785
-0.382441
-0.385613
-0.388038
-0.389735
-0.390751
-0.391139
-0.390889
-0.390027
-0.388517
-0.38639
-0.383717
-0.380694
-0.377638
-0.37499
-0.373225
-0.37274
-0.373684
-0.375912
-0.379042
-0.382507
-0.385783
-0.388469
-0.390356
-0.391386
-0.391659
-0.391326
-0.390614
-0.389729
-0.388884
-0.388265
-0.387977
-0.388084
-0.388549
-0.389276
-0.390152
-0.391026
-0.391772
-0.392292
-0.392562
-0.392613
-0.392514
-0.392355
-0.392276
-0.392402
-0.392843
-0.393647
-0.394831
-0.396345
-0.398129
-0.400084
-0.402044
-0.403881
-0.405477
-0.406732
-0.407555
-0.407881
-0.407708
-0.407047
-0.405952
-0.404508
-0.402848
-0.401099
-0.399377
-0.397767
-0.396325
-0.395045
-0.393875
-0.392739
-0.39156
-0.390285
-0.388866
-0.387326
-0.385715
-0.384147
-0.382748
-0.381594
-0.380702
-0.379958
-0.379181
-0.378116
-0.376483
-0.374091
-0.370818
-0.36674
-0.362074
-0.357226
-0.352706
-0.349096
-0.346909
-0.346514
-0.348023
-0.351278
-0.355916
-0.361434
-0.367303
-0.373064
-0.378343
-0.382921
-0.386663
-0.389498
-0.391429
-0.392506
-0.392803
-0.39237
-0.391287
-0.389652
-0.387542
-0.385048
-0.382265
-0.379268
-0.376149
-0.372969
-0.369777
-0.366569
-0.363319
-0.359974
-0.356519
-0.352939
-0.349328
-0.345859
-0.342761
-0.340262
-0.338514
-0.337595
-0.337487
-0.338155
-0.339587
-0.341732
-0.344544
-0.347945
-0.351736
-0.355682
-0.359532
-0.363066
-0.366136
-0.368649
-0.370573
-0.371908
-0.372677
-0.372905
-0.372638
-0.37189
-0.370694
-0.369092
-0.367151
-0.364965
-0.362692
-0.360542
-0.358735
-0.357536
-0.3571
-0.357498
-0.358702
-0.360565
-0.362865
-0.365394
-0.367935
-0.370335
-0.372482
-0.374321
-0.375782
-0.376834
-0.377422
-0.377489
-0.377
-0.375901
-0.374217
-0.37197
-0.369243
-0.366233
-0.363181
-0.360437
-0.358421
-0.357521
-0.357994
-0.359867
-0.36289
-0.366592
-0.370418
-0.3738
-0.376287
-0.377598
-0.3776
-0.376339
-0.37403
-0.371009
-0.367676
-0.36445
-0.361674
-0.359556
-0.358163
-0.357454
-0.357256
-0.357399
-0.357702
-0.358019
-0.358247
-0.358317
-0.358241
-0.358047
-0.357892
-0.357947
-0.358444
-0.359575
-0.361429
-0.36394
-0.36686
-0.369798
-0.372277
-0.3739
-0.374409
-0.373715
-0.372013
-0.369717
-0.367435
-0.365836
-0.365417
-0.366364
-0.368487
-0.371319
-0.374301
-0.376966
-0.378991
-0.380212
-0.380611
-0.380205
-0.379023
-0.377055
-0.374288
-0.370613
-0.366057
-0.360765
-0.355165
-0.35002
-0.346279
-0.344848
-0.346106
-0.349763
-0.354903
-0.360422
-0.365375
-0.369183
-0.371585
-0.372578
-0.372305
-0.370965
-0.36876
-0.365898
-0.362468
-0.35856
-0.35409
-0.348906
-0.342823
-0.335782
-0.328022
-0.320334
-0.313936
-0.310132
-0.309581
-0.311883
-0.315779
-0.319836
-0.323088
-0.325292
-0.326813
-0.328302
-0.330347
-0.333259
-0.337001
-0.341236
-0.345509
-0.349399
-0.352597
-0.354951
-0.356404
-0.356999
-0.356816
-0.355974
-0.354619
-0.35286
-0.350855
-0.348696
-0.346549
-0.344543
-0.342814
-0.341502
-0.340717
-0.340536
-0.340969
-0.341918
-0.343229
-0.344682
-0.34601
-0.346939
-0.347215
-0.346641
-0.345136
-0.34277
-0.339851
-0.336862
-0.33446
-0.333273
-0.33368
-0.335668
-0.338812
-0.342525
-0.346159
-0.349246
-0.351519
-0.35291
-0.353525
-0.353552
-0.353236
-0.352838
-0.352583
-0.352672
-0.353202
-0.354181
-0.355565
-0.357234
-0.359049
-0.360892
-0.36266
-0.36428
-0.365708
-0.366906
-0.367886
-0.368627
-0.369096
-0.369266
-0.3691
-0.368574
-0.367686
-0.366448
-0.364991
-0.363496
-0.36226
-0.361583
-0.361739
-0.362871
-0.364954
-0.367773
-0.370955
-0.37412
-0.376923
-0.379139
-0.380576
-0.381213
-0.38108
-0.380308
-0.379075
-0.377589
-0.376119
-0.374894
-0.374119
-0.373912
-0.374277
-0.375148
-0.376364
-0.377714
-0.379003
-0.380081
-0.380892
-0.38142
-0.381769
-0.382008
-0.38226
-0.382561
-0.38293
-0.383312
-0.383636
-0.38383
-0.383878
-0.383759
-0.383522
-0.383234
-0.382954
-0.382687
-0.382457
-0.382222
-0.38189
-0.381367
-0.380544
-0.379371
-0.377807
-0.375894
-0.373754
-0.37156
-0.36961
-0.368199
-0.367605
-0.368023
-0.369522
-0.372014
-0.375264
-0.37897
-0.382864
-0.386691
-0.390295
-0.393553
-0.396451
-0.399004
-0.401226
-0.403168
-0.404855
-0.40632
-0.407579
-0.408614
-0.409397
-0.409887
-0.410025
-0.409732
-0.408975
-0.407696
-0.405892
-0.403605
-0.400924
-0.398033
-0.395141
-0.392514
-0.390432
-0.389104
-0.38866
-0.3891
-0.390315
-0.392044
-0.393989
-0.395838
-0.397373
-0.398489
-0.399255
-0.399854
-0.400518
-0.401514
-0.402992
-0.40505
-0.407696
-0.410816
-0.414307
-0.417935
-0.421455
-0.424609
-0.42716
-0.42897
-0.429954
-0.430137
-0.429622
-0.428514
-0.426904
-0.424872
-0.422462
-0.419693
-0.416565
-0.413138
-0.40949
-0.405741
-0.402042
-0.398531
-0.395341
-0.392616
-0.390533
-0.389352
-0.389384
-0.390952
-0.394233
-0.399153
-0.405371
-0.41235
-0.419502
-0.426308
-0.43241
-0.437609
-0.44185
-0.445195
-0.447731
-0.449597
-0.450908
-0.451767
-0.452261
-0.45246
-0.452401
-0.452107
-0.451555
-0.450739
-0.449615
-0.448141
-0.446269
-0.44392
-0.441022
-0.437511
-0.433367
-0.428589
-0.423207
-0.417345
-0.411207
-0.405103
-0.399418
-0.394549
-0.390868
-0.388539
-0.38754
-0.387591
-0.388261
-0.389077
-0.389715
-0.390074
-0.390317
-0.390863
-0.392209
-0.39476
-0.398641
-0.403637
-0.409278
-0.414995
-0.420282
-0.42476
-0.42824
-0.430635
-0.431943
-0.432244
-0.431626
-0.43016
-0.427956
-0.4251
-0.421712
-0.417917
-0.413904
-0.409899
-0.406177
-0.403017
-0.400724
-0.399518
-0.399512
-0.400687
-0.402863
-0.40576
-0.409057
-0.412444
-0.415702
-0.418707
-0.421403
-0.423794
-0.425904
-0.427816
-0.42958
-0.431239
-0.432835
-0.434372
-0.435872
-0.43734
-0.438761
-0.440123
-0.441427
-0.442659
-0.443839
-0.444987
-0.446141
-0.447354
-0.448663
-0.450166
-0.451897
-0.453893
-0.456174
-0.458725
-0.461504
-0.464445
-0.467483
-0.470518
-0.473474
-0.476246
-0.478718
-0.480787
-0.482271
-0.483004
-0.482757
-0.481315
-0.478455
-0.474055
-0.468126
-0.46098
-0.453319
-0.446257
-0.441116
-0.439017
-0.440406
-0.444844
-0.451176
-0.458061
-0.464392
-0.469534
-0.473278
-0.47579
-0.477428
-0.478685
-0.479992
-0.48172
-0.484036
-0.48688
-0.490046
-0.493212
-0.49608
-0.498369
-0.499922
-0.500628
-0.500464
-0.499386
-0.497253
-0.493741
-0.488208
-0.479746
-0.467269
-0.450249
-0.429867
-0.410247
-0.397751
-0.397078
-0.407325
-0.423053
-0.438758
-0.451577
-0.461108
-0.468071
-0.473374
-0.477674
-0.48121
-0.483981
-0.485806
-0.486518
-0.486076
-0.484593
-0.482332
-0.479726
-0.477264
-0.475377
-0.47437
-0.474324
-0.475104
-0.476397
-0.477764
-0.478746
-0.478878
-0.477676
-0.474687
-0.469471
-0.46175
-0.451606
-0.439839
-0.428153
-0.418834
-0.413837
-0.413633
-0.417005
-0.421945
-0.426762
-0.430705
-0.433813
-0.436494
-0.439202
-0.442108
-0.445162
-0.44813
-0.450708
-0.452643
-0.453772
-0.454046
-0.453549
-0.452433
-0.450948
-0.449329
-0.447786
-0.446457
-0.445366
-0.444441
-0.443552
-0.442591
-0.441454
-0.440098
-0.438509
-0.436702
-0.434737
-0.432667
-0.430597
-0.428677
-0.427057
-0.425904
-0.425296
-0.425233
-0.425593
-0.426192
-0.42673
-0.426981
-0.42671
-0.425731
-0.423971
-0.421435
-0.418272
-0.41474
-0.411196
-0.408103
-0.405876
-0.404765
-0.404769
-0.405582
-0.406732
-0.407647
-0.407899
-0.407281
-0.405896
-0.404163
-0.402676
-0.402124
-0.403016
-0.405524
-0.409451
-0.414282
-0.419452
-0.4244
-0.428804
-0.432471
-0.435337
-0.437445
-0.438885
-0.439752
-0.440141
-0.440114
-0.439751
-0.439092
-0.438159
-0.436956
-0.435421
-0.43346
-0.430891
-0.427489
-0.422923
-0.416797
-0.408701
-0.398396
-0.386091
-0.372845
-0.36076
-0.352597
-0.350597
-0.355153
-0.364615
-0.376413
-0.388289
-0.398904
-0.407764
-0.414867
-0.420403
-0.424592
-0.427633
-0.429641
-0.430737
-0.430979
-0.430421
-0.429154
-0.427271
-0.424953
-0.422423
-0.419956
-0.417823
-0.416268
-0.415422
-0.415266
-0.415674
-0.416427
-0.417287
-0.418035
-0.418528
-0.418651
-0.418335
-0.417517
-0.416135
-0.414106
-0.411386
-0.408047
-0.40428
-0.400496
-0.397374
-0.395755
-0.396445
-0.399799
-0.405498
-0.412641
-0.420061
-0.426781
-0.432164
-0.435993
-0.438373
-0.439523
-0.439792
-0.439492
-0.438915
-0.438288
-0.437741
-0.43736
-0.437144
-0.43702
-0.436885
-0.436566
-0.435944
-0.434905
-0.433418
-0.431513
-0.429328
-0.427084
-0.42506
-0.42349
-0.422586
-0.422444
-0.422989
-0.424073
-0.425403
-0.426674
-0.427588
-0.427925
-0.427663
-0.426875
-0.42584
-0.42491
-0.424456
-0.424794
-0.42611
-0.428411
-0.431565
-0.435336
-0.439407
-0.44343
-0.447114
-0.450206
-0.452532
-0.453997
-0.454607
-0.454468
-0.45377
-0.452753
-0.451683
-0.450842
-0.450414
-0.450527
-0.451208
-0.452368
-0.453888
-0.455592
-0.457262
-0.458712
-0.459729
-0.460111
-0.459663
-0.45821
-0.455646
-0.451959
-0.447297
-0.442095
-0.437037
-0.432957
-0.430623
-0.4304
-0.432125
-0.435119
-0.43848
-0.441424
-0.443422
-0.444262
-0.444026
-0.442996
-0.441565
-0.440217
-0.439393
-0.439454
-0.440609
-0.442877
-0.446104
-0.450027
-0.45433
-0.458725
-0.462952
-0.466847
-0.470311
-0.473307
-0.475865
-0.478098
-0.480153
-0.482229
-0.484504
-0.487109
-0.490095
-0.493378
-0.496769
-0.499985
-0.50257
-0.503989
-0.503594
-0.500651
-0.494381
-0.484121
-0.469436
-0.450485
-0.428146
-0.40411
-0.380634
-0.360238
-0.34543
-0.338721
-0.342024
-0.355414
-0.376279
-0.400352
-0.42359
-0.443525
-0.459377
-0.47141
-0.480395
-0.487128
-0.49226
-0.496255
-0.499343
-0.501684
-0.503314
-0.504252
-0.504501
-0.504111
-0.503125
-0.501663
-0.499855
-0.497837
-0.495776
-0.493804
-0.492023
-0.49048
-0.489125
-0.487861
-0.486531
-0.484975
-0.483017
-0.480533
-0.477433
-0.473706
-0.469369
-0.464492
-0.459188
-0.453583
-0.447796
-0.44198
-0.436318
-0.431041
-0.426454
-0.422918
-0.420753
-0.420142
-0.421108
-0.423411
-0.426635
-0.430281
-0.433909
-0.437184
-0.439926
-0.442079
-0.4437
-0.444895
-0.44584
-0.446681
-0.447558
-0.448543
-0.449649
-0.450832
-0.452013
-0.453039
-0.453727
-0.453892
-0.453279
-0.451608
-0.448555
-0.443801
-0.437069
-0.428284
-0.417833
-0.406872
-0.397376
-0.391635
-0.391187
-0.395907
-0.404087
-0.413453
-0.422159
-0.429211
-0.434328
-0.437693
-0.439606
-0.440427
-0.440452
-0.439929
-0.439059
-0.43796
-0.436738
-0.435422
-0.434043
-0.432534
-0.430814
-0.428756
-0.426177
-0.42288
-0.418685
-0.413456
-0.407197
-0.400148
-0.392844
-0.386149
-0.381134
-0.378841
-0.379918
-0.384375
-0.391596
-0.40047
-0.409784
-0.418452
-0.425715
-0.431105
-0.434452
-0.435814
-0.435437
-0.433709
-0.431118
-0.428216
-0.425586
-0.423739
-0.423091
-0.423853
-0.426063
-0.429481
-0.433773
-0.438474
-0.443165
-0.447514
-0.451286
-0.454362
-0.456699
-0.458313
-0.459219
-0.459459
-0.459079
-0.458106
-0.456597
-0.454601
-0.452204
-0.44952
-0.446643
-0.443678
-0.440688
-0.437689
-0.434629
-0.431428
-0.428006
-0.424277
-0.420277
-0.416158
-0.412269
-0.409123
-0.407344
-0.40751
-0.409878
-0.41435
-0.420423
-0.427445
-0.434719
-0.4417
-0.448061
-0.453627
-0.458321
-0.462132
-0.465062
-0.467106
-0.468275
-0.46855
-0.467923
-0.466382
-0.463984
-0.460825
-0.457063
-0.452956
-0.448821
-0.444992
-0.441762
-0.439254
-0.437381
-0.435835
-0.434194
-0.432048
-0.42912
-0.425355
-0.421004
-0.416531
-0.412516
-0.409571
-0.408181
-0.408658
-0.411058
-0.415211
-0.420733
-0.427052
-0.433533
-0.439593
-0.444772
-0.448783
-0.45148
-0.452844
-0.452944
-0.451923
-0.449999
-0.44739
-0.444345
-0.441128
-0.438011
-0.435213
-0.432904
-0.43118
-0.430063
-0.429495
-0.429381
-0.429613
-0.430084
-0.430738
-0.431557
-0.432595
-0.433938
-0.435656
-0.437794
-0.440354
-0.44327
-0.446418
-0.449653
-0.452779
-0.455644
-0.458095
-0.459984
-0.461194
-0.461571
-0.460972
-0.459247
-0.456224
-0.451734
-0.445647
-0.437846
-0.428484
-0.417958
-0.40701
-0.396775
-0.388627
-0.383783
-0.382917
-0.385842
-0.391632
-0.398993
-0.406672
-0.413791
-0.419889
-0.424805
-0.428598
-0.431413
-0.433444
-0.434875
-0.435872
-0.436617
-0.437197
-0.437722
-0.438294
-0.43895
-0.439705
-0.440595
-0.441586
-0.442674
-0.443813
-0.444973
-0.446124
-0.447253
-0.448352
-0.449447
-0.450541
-0.451642
-0.452759
-0.453908
-0.455085
-0.456277
-0.457455
-0.458588
-0.459618
-0.460494
-0.46115
-0.4615
-0.461481
-0.460996
-0.460012
-0.458521
-0.456589
-0.454367
-0.452076
-0.449943
-0.448252
-0.447161
-0.446752
-0.447027
-0.447883
-0.449184
-0.450809
-0.452613
-0.454526
-0.456448
-0.4583
-0.460026
-0.46154
-0.462753
-0.463556
-0.463863
-0.463584
-0.46264
-0.460964
-0.458539
-0.455455
-0.451912
-0.448256
-0.444945
-0.442476
-0.44125
-0.441516
-0.44329
-0.4465
-0.450963
-0.456454
-0.462671
-0.469261
-0.47584
-0.482008
-0.487453
-0.491908
-0.495136
-0.496948
-0.497123
-0.495429
-0.491636
-0.485642
-0.477639
-0.468355
-0.459104
-0.451629
-0.447395
-0.446879
-0.449323
-0.453248
-0.457211
-0.460375
-0.462513
-0.463814
-0.464605
-0.465158
-0.46561
-0.465992
-0.466241
-0.466277
-0.466064
-0.465596
-0.464883
-0.463966
-0.462894
-0.461705
-0.4604
-0.458953
-0.457296
-0.455323
-0.452921
-0.449955
-0.446248
-0.441633
-0.435961
-0.429119
-0.421135
-0.412303
-0.403336
-0.39537
-0.389806
-0.387803
-0.38979
-0.395207
-0.402794
-0.411168
-0.419262
-0.426447
-0.432491
-0.437379
-0.441233
-0.444197
-0.446378
-0.447882
-0.44877
-0.449092
-0.448861
-0.448083
-0.446743
-0.444821
-0.442272
-0.43905
-0.435091
-0.430364
-0.424828
-0.41851
-0.411548
-0.404225
-0.397022
-0.390624
-0.385758
-0.383024
-0.382645
-0.384348
-0.387505
-0.391341
-0.395142
-0.398422
-0.400918
-0.402544
-0.403333
-0.403366
-0.402742
-0.401559
-0.399947
-0.398001
-0.395845
-0.393588
-0.391296
-0.389049
-0.386866
-0.384763
-0.382766
-0.380897
-0.379254
-0.377926
-0.376977
-0.376448
-0.37631
-0.376391
-0.376466
-0.376231
-0.375375
-0.373584
-0.370591
-0.366205
-0.360448
-0.353676
-0.346689
-0.340783
-0.337358
-0.337354
-0.340798
-0.346741
-0.35376
-0.360571
-0.366358
-0.370792
-0.373899
-0.375846
-0.376873
-0.377236
-0.377114
-0.376663
-0.375992
-0.375175
-0.374257
-0.373256
-0.37217
-0.370996
-0.369705
-0.368239
-0.366556
-0.364607
-0.362369
-0.359782
-0.356856
-0.353636
-0.350189
-0.34668
-0.343296
-0.3403
-0.337886
-0.336211
-0.335336
-0.335221
-0.33573
-0.336729
-0.338125
-0.339936
-0.342323
-0.345471
-0.349494
-0.354343
-0.359834
-0.365622
-0.371329
-0.376629
-0.381304
-0.385211
-0.388321
-0.390628
-0.392172
-0.392987
-0.393118
-0.392605
-0.391497
-0.389844
-0.387728
-0.385214
-0.382344
-0.379167
-0.375696
-0.371879
-0.3677
-0.363224
-0.358661
-0.354497
-0.351335
-0.349812
-0.350284
-0.352649
-0.356409
-0.360891
-0.365551
-0.370184
-0.374855
-0.379772
-0.38512
-0.390865
-0.396801
-0.402539
-0.407742
-0.412105
-0.415457
-0.417756
-0.419032
-0.419382
-0.418967
-0.417963
-0.416591
-0.415132
-0.413877
-0.413133
-0.413171
-0.414094
-0.415852
-0.418218
-0.420772
-0.423065
-0.424672
-0.425218
-0.424492
-0.42239
-0.419024
-0.414614
-0.40952
-0.404176
-0.399081
-0.394684
-0.391345
-0.389245
-0.388425
-0.388762
-0.389994
-0.391748
-0.393643
-0.395291
-0.396407
-0.396833
-0.396569
-0.395783
-0.394746
-0.393809
-0.39332
-0.393554
-0.394678
-0.396688
-0.399462
-0.402815
-0.406488
-0.410238
-0.41388
-0.417294
-0.420378
-0.42311
-0.425497
-0.427553
-0.429305
-0.430793
-0.432021
-0.433004
-0.433708
-0.434062
-0.433957
-0.433153
-0.431355
-0.428079
-0.422681
-0.414369
-0.402255
-0.385601
-0.36434
-0.339865
-0.315591
-0.296735
-0.288455
-0.293223
-0.309113
-0.330883
-0.352634
-0.37001
-0.380749
-0.384205
-0.38098
-0.372959
-0.363404
-0.356145
-0.353653
-0.355504
-0.359231
-0.362832
-0.366356
-0.371349
-0.378925
-0.388461
-0.398068
-0.405855
-0.410881
-0.41323
-0.413661
-0.413127
-0.412384
-0.41183
-0.411467
-0.41109
-0.410468
-0.409581
-0.40874
-0.408623
-0.41019
-0.41426
-0.421072
-0.430084
-0.440199
-0.450184
-0.459084
-0.466382
-0.471905
-0.475703
-0.477871
-0.47848
-0.477521
-0.474943
-0.470584
-0.464256
-0.45585
-0.445449
-0.433452
-0.420828
-0.408992
-0.399686
-0.394386
-0.393856
-0.397915
-0.405599
-0.415588
-0.426592
-0.437547
-0.44767
-0.456421
-0.463488
-0.468744
-0.472191
-0.473917
-0.474108
-0.473011
-0.470912
-0.468062
-0.464691
-0.460984
-0.457121
-0.453313
-0.449876
-0.447277
-0.44605
-0.446607
-0.449059
-0.453167
-0.458427
-0.464311
-0.47039
-0.476369
-0.482012
-0.487085
-0.491298
-0.494365
-0.496077
-0.496318
-0.495141
-0.492728
-0.48937
-0.485407
-0.48124
-0.477212
-0.473646
-0.470783
-0.468762
-0.46763
-0.467288
-0.467582
-0.468293
-0.469219
-0.470207
-0.471197
-0.472295
-0.473694
-0.475542
-0.477952
-0.480819
-0.483902
-0.486859
-0.48933
-0.491035
-0.491825
-0.491658
-0.490557
-0.488607
-0.485899
-0.482562
-0.478862
-0.47529
-0.472521
-0.471254
-0.471934
-0.474501
-0.47835
-0.482503
-0.485951
-0.487816
-0.487522
-0.484715
-0.479341
-0.47187
-0.463492
-0.456275
-0.452698
-0.45456
-0.461923
-0.473115
-0.485723
-0.497784
-0.508175
-0.516575
-0.523067
-0.527885
-0.531282
-0.533424
-0.534402
-0.534231
-0.532879
-0.530299
-0.526455
-0.521408
-0.515356
-0.508681
-0.502039
-0.496242
-0.492141
-0.490325
-0.490805
-0.49287
-0.495276
-0.49662
-0.495727
-0.491883
-0.484891
-0.475035
-0.463013
-0.449851
-0.43673
-0.424821
-0.415039
-0.407954
-0.403738
-0.402393
-0.403923
-0.408353
-0.415589
-0.425259
-0.436604
-0.448645
-0.460466
-0.471351
-0.480903
-0.488948
-0.495513
-0.500656
-0.504449
-0.506911
-0.508075
-0.507957
-0.506661
-0.504407
-0.501643
-0.499051
-0.497431
-0.497472
-0.499485
-0.503153
-0.507734
-0.512284
-0.516056
-0.518558
-0.519627
-0.519331
-0.517879
-0.515489
-0.512413
-0.508896
-0.505179
-0.50155
-0.498313
-0.495755
-0.494072
-0.493248
-0.493019
-0.492908
-0.492325
-0.490682
-0.487591
-0.483032
-0.47745
-0.47176
-0.467198
-0.464887
-0.465359
-0.468343
-0.472847
-0.477595
-0.481452
-0.483649
-0.483779
-0.481857
-0.47822
-0.473656
-0.469362
-0.466715
-0.466849
-0.470109
-0.47582
-0.482624
-0.489027
-0.493831
-0.496302
-0.496107
-0.493225
-0.487806
-0.480203
-0.470966
-0.460913
-0.45107
-0.442543
-0.436292
-0.432881
-0.432332
-0.434307
-0.438201
-0.44343
-0.449436
-0.45577
-0.462051
-0.46799
-0.473327
-0.477894
-0.481607
-0.48444
-0.486389
-0.48747
-0.487645
-0.486792
-0.484634
-0.480638
-0.473964
-0.463462
-0.448052
-0.427665
-0.405004
-0.386642
-0.380371
-0.388996
-0.407535
-0.428015
-0.445026
-0.456925
-0.464211
-0.468026
-0.469444
-0.46924
-0.467995
-0.466114
-0.463933
-0.46173
-0.459687
-0.457918
-0.456391
-0.455006
-0.453583
-0.451943
-0.449913
-0.447393
-0.444398
-0.441005
-0.437335
-0.433554
-0.429812
-0.426252
-0.422947
-0.419926
-0.417155
-0.414599
-0.412266
-0.410266
-0.408785
-0.408142
-0.408644
-0.410453
-0.41351
-0.417505
-0.421984
-0.42645
-0.430494
-0.433839
-0.436297
-0.437759
-0.438154
-0.437379
-0.435269
-0.43166
-0.426369
-0.419334
-0.410805
-0.401528
-0.392875
-0.386581
-0.384112
-0.385941
-0.391318
-0.398731
-0.406656
-0.414028
-0.420331
-0.425473
-0.429551
-0.432704
-0.43508
-0.436752
-0.437779
-0.438169
-0.437998
-0.43733
-0.436348
-0.435317
-0.434558
-0.434419
-0.435142
-0.436788
-0.439169
-0.441875
-0.444451
-0.446413
-0.447412
-0.447235
-0.445829
-0.443287
-0.439805
-0.435647
-0.431171
-0.426764
-0.422784
-0.419579
-0.417392
-0.416375
-0.416605
-0.418077
-0.420683
-0.42429
-0.428675
-0.433557
-0.438619
-0.443588
-0.448238
-0.452395
-0.455989
-0.458973
-0.461374
-0.463241
-0.464644
-0.465666
-0.46639
-0.466906
-0.4673
-0.467634
-0.467973
-0.46833
-0.468693
-0.469039
-0.469276
-0.469276
-0.468841
-0.4677
-0.465456
-0.461614
-0.455566
-0.446764
-0.434983
-0.420955
-0.406917
-0.396518
-0.393173
-0.397839
-0.408265
-0.420721
-0.432183
-0.441178
-0.447433
-0.451256
-0.453041
-0.453103
-0.451606
-0.44864
-0.444276
-0.438692
-0.432223
-0.425385
-0.418825
-0.413151
-0.408721
-0.405436
-0.40285
-0.400334
-0.397323
-0.393612
-0.389413
-0.385468
-0.38288
-0.382717
-0.38559
-0.391292
-0.398945
-0.407375
-0.415554
-0.4228
-0.428792
-0.4335
-0.43703
-0.439541
-0.441219
-0.442224
-0.442705
-0.442782
-0.442547
-0.442063
-0.441401
-0.440566
-0.439592
-0.438501
-0.437266
-0.435877
-0.434296
-0.43248
-0.430389
-0.427973
-0.425219
-0.422109
-0.418637
-0.41486
-0.410865
-0.406774
-0.402762
-0.399003
-0.395703
-0.393011
-0.391057
-0.38989
-0.389466
-0.389724
-0.390569
-0.39189
-0.393591
-0.395572
-0.397755
-0.400046
-0.402333
-0.404499
-0.406386
-0.407772
-0.408435
-0.408139
-0.406645
-0.403785
-0.399555
-0.394141
-0.388058
-0.38217
-0.377454
-0.374747
-0.374338
-0.375875
-0.378548
-0.381432
-0.383775
-0.385218
-0.385662
-0.385282
-0.384358
-0.383277
-0.382403
-0.382072
-0.382537
-0.38393
-0.38623
-0.389284
-0.39284
-0.396645
-0.40043
-0.403972
-0.407112
-0.409775
-0.411899
-0.413457
-0.414477
-0.414974
-0.414968
-0.41449
-0.413579
-0.412265
-0.410564
-0.408518
-0.406154
-0.403497
-0.400594
-0.397468
-0.394168
-0.390747
-0.387315
-0.383948
-0.380795
-0.377959
-0.375525
-0.373511
-0.371894
-0.370601
-0.369601
-0.368888
-0.368502
-0.368521
-0.369006
-0.369955
-0.371302
-0.372868
-0.374386
-0.375519
-0.375842
-0.374952
-0.372462
-0.368318
-0.362924
-0.357426
-0.35354
-0.352961
-0.356438
-0.36337
-0.372151
-0.381032
-0.388773
-0.394783
-0.39895
-0.40144
-0.402461
-0.402246
-0.400981
-0.39883
-0.395968
-0.392576
-0.388879
-0.385124
-0.381626
-0.378689
-0.376558
-0.375355
-0.375055
-0.375442
-0.376149
-0.376782
-0.376973
-0.376521
