1.8
1.80001
1.80003
1.80005
1.80008
1.80011
1.80015
1.8002
1.80025
1.80031
1.80038
1.80045
1.80053
1.80061
1.8007
1.8008
1.80091
1.80102
1.80114
1.80127
1.8014
1.80154
1.80169
1.80185
1.80202
1.80219
1.80237
1.80256
1.80276
1.80297
1.80318
1.80341
1.80364
1.80388
1.80413
1.8044
1.80467
1.80495
1.80524
1.80555
1.80586
1.80619
1.80653
1.80688
1.80724
1.80762
1.80801
1.80841
1.80883
1.80926
1.80971
1.81018
1.81066
1.81116
1.81168
1.81221
1.81277
1.81335
1.81395
1.81457
1.81521
1.81588
1.81658
1.8173
1.81805
1.81883
1.81964
1.82049
1.82137
1.82228
1.82324
1.82423
1.82526
1.82635
1.82747
1.82865
1.82988
1.83117
1.83252
1.83392
1.8354
1.83694
1.83856
1.84026
1.84203
1.8439
1.84585
1.8479
1.85005
1.85231
1.85467
1.85715
1.85974
1.86244
1.86526
1.86819
1.87122
1.87435
1.87755
1.8808
1.88406
1.88728
1.8904
1.89331
1.89592
1.89807
1.89959
1.9003
1.9
1.89852
1.8958
1.89193
1.88722
1.88228
1.87794
1.87511
1.87452
1.87653
1.88102
1.88743
1.89494
1.90263
1.90965
1.91535
1.9194
1.92188
1.92331
1.92458
1.92673
1.93063
1.93661
1.94436
1.95307
1.96169
1.96927
1.97515
1.97903
1.98088
1.98094
1.97961
1.97737
1.97472
1.97204
1.96957
1.96738
1.96543
1.96363
1.96189
1.96009
1.95811
1.95589
1.9535
1.95126
1.94977
1.9497
1.95162
1.95575
1.96192
1.96968
1.97835
1.98727
1.99578
2.00333
2.00952
2.01411
2.017
2.01828
2.0182
2.01708
2.01537
2.01352
2.012
2.01118
2.01132
2.01252
2.01472
2.01772
2.02124
2.02494
2.02854
2.03178
2.03451
2.03666
2.03828
2.03946
2.04034
2.04106
2.04172
2.04238
2.04302
2.04362
2.04418
2.04469
2.04521
2.04578
2.04645
2.04724
2.04815
2.04912
2.0501
2.05106
2.05198
2.05287
2.05377
2.05475
2.05586
2.05719
2.05875
2.06058
2.06265
2.06491
2.06729
2.06971
2.07206
2.07424
2.07615
2.07771
2.07882
2.07942
2.07947
2.07893
2.07784
2.07628
2.0744
2.07237
2.07039
2.06865
2.06723
2.06607
2.06502
2.0638
2.06212
2.05974
2.05654
2.05259
2.04824
2.04409
2.04095
2.03968
2.04094
2.04496
2.05139
2.0594
2.06792
2.07584
2.08223
2.08634
2.08764
2.08584
2.08102
2.07383
2.06568
2.05865
2.05487
2.05562
2.06071
2.06869
2.07758
2.08559
2.09144
2.0943
2.09372
2.08953
2.08181
2.07096
2.05781
2.04372
2.03054
2.02032
2.01486
2.01515
2.02099
2.03114
2.04371
2.05678
2.06882
2.07891
2.08669
2.09222
2.09582
2.09792
2.09899
2.09943
2.09957
2.09964
2.09975
2.09998
2.10033
2.10076
2.10125
2.10178
2.10232
2.10287
2.10344
2.10401
2.1046
2.10518
2.10572
2.10616
2.10641
1.79997
1.79956
1.79861
1.79694
1.79435
1.79068
1.78588
1.78006
1.77359
1.76713
1.76156
1.75771
1.75609
1.7567
1.759
1.76222
1.76559
1.76855
1.77082
1.77232
1.77314
1.77347
1.7735
1.77344
1.77345
1.77362
1.77397
1.77445
1.77497
1.7754
1.77563
1.77558
1.77525
1.77469
1.77403
1.77343
1.77304
1.77297
1.77326
1.77385
1.77462
1.77542
1.77609
1.77651
1.7766
1.77637
1.77584
1.7751
1.77426
1.77341
1.77267
1.77209
1.77171
1.77153
1.77152
1.77166
1.7719
1.7722
1.77257
1.77299
1.77349
1.77408
1.77479
1.77561
1.77655
1.77758
1.77864
1.77967
1.78055
1.78119
1.78146
1.78121
1.78028
1.77853
1.77577
1.77187
1.76673
1.76036
1.75293
1.74486
1.73685
1.72983
1.72483
1.72276
1.72413
1.72889
1.73646
1.74586
1.75602
1.76597
1.77504
1.78278
1.78902
1.7937
1.79685
1.79851
1.79873
1.79754
1.79497
1.7911
1.78609
1.78022
1.77397
1.7679
1.76265
1.75868
1.75621
1.75512
1.75507
1.75564
1.75648
1.7574
1.75835
1.75938
1.76054
1.76184
1.76323
1.76463
1.76593
1.76708
1.76806
1.7689
1.76965
1.77036
1.77106
1.77178
1.77251
1.77323
1.77392
1.77456
1.77513
1.77563
1.77605
1.7764
1.77669
1.77693
1.77714
1.77732
1.77748
1.77762
1.77775
1.77786
1.77796
1.77804
1.7781
1.77812
1.77811
1.77804
1.77791
1.77769
1.77737
1.77692
1.77633
1.77558
1.77464
1.77352
1.7722
1.77071
1.76908
1.76736
1.76564
1.76402
1.76259
1.76146
1.76067
1.76025
1.76015
1.76028
1.76051
1.7607
1.7607
1.76042
1.75978
1.7588
1.75753
1.75611
1.7547
1.75351
1.75274
1.75255
1.75305
1.75423
1.75602
1.75827
1.76077
1.7633
1.76565
1.76763
1.76907
1.76987
1.76992
1.76918
1.76761
1.76524
1.76215
1.75849
1.75451
1.75054
1.74697
1.74419
1.74249
1.742
1.74261
1.74405
1.74596
1.74802
1.74996
1.75168
1.75312
1.75432
1.75531
1.75616
1.75693
1.75767
1.75845
1.75926
1.76007
1.7608
1.76133
1.76157
1.76148
1.7611
1.76057
1.76011
1.75996
1.7603
1.7612
1.76261
1.76435
1.76618
1.76783
1.76907
1.76972
1.76966
1.7689
1.76752
1.76575
1.76392
1.76242
1.76166
1.76196
1.7635
1.76622
1.7699
1.77415
1.77854
1.78268
1.78628
1.78918
1.79132
1.79273
1.7935
1.79371
1.79346
1.79281
1.79178
1.79034
1.78845
1.78603
1.78304
1.77948
1.77541
1.77101
1.76655
1.76243
1.75904
1.75676
1.75579
1.75611
1.75745
1.75933
1.76121
1.7626
1.7632
1.76294
1.76198
1.76065
1.75936
1.75847
1.7582
1.75865
1.75972
1.76128
1.76314
1.76509
1.76696
1.76865
1.77008
1.77131
1.77243
1.77361
1.775
1.77668
1.77863
1.78076
1.78289
1.78482
1.78638
1.78739
1.78775
1.79961
1.79842
1.7964
1.79355
1.78987
1.78543
1.78033
1.77474
1.76889
1.7631
1.75775
1.75324
1.74997
1.74824
1.74826
1.75003
1.75339
1.75799
1.76338
1.76909
1.77468
1.77979
1.78417
1.78769
1.79026
1.79187
1.79255
1.79234
1.7913
1.78951
1.78708
1.78418
1.78101
1.77782
1.77483
1.77219
1.76993
1.76788
1.76576
1.76319
1.75989
1.7558
1.75127
1.74709
1.74435
1.744
1.74641
1.75114
1.75717
1.76339
1.76899
1.77365
1.77741
1.78057
1.78348
1.78641
1.78952
1.79286
1.79636
1.79992
1.80344
1.80681
1.80995
1.81278
1.81524
1.81724
1.81868
1.81944
1.81936
1.81824
1.81588
1.81202
1.80642
1.79885
1.78918
1.77747
1.76413
1.75006
1.73675
1.72602
1.71959
1.71844
1.7225
1.73074
1.74158
1.75336
1.76472
1.77475
1.78297
1.78927
1.7937
1.79638
1.7974
1.79678
1.79445
1.79034
1.78439
1.77674
1.76777
1.7582
1.74904
1.74145
1.73643
1.73448
1.73554
1.73906
1.74434
1.75081
1.75811
1.76605
1.77442
1.78289
1.79108
1.79859
1.80512
1.81054
1.81484
1.81807
1.82037
1.82187
1.82267
1.82287
1.82252
1.82165
1.82024
1.81826
1.81565
1.81238
1.80841
1.80379
1.79864
1.79321
1.7878
1.7828
1.77853
1.77518
1.77281
1.77129
1.77041
1.76989
1.76956
1.76936
1.76942
1.7701
1.77183
1.77496
1.77958
1.78544
1.79192
1.79826
1.80365
1.80743
1.80916
1.80865
1.80595
1.80139
1.79557
1.78941
1.78402
1.78052
1.77962
1.78134
1.78495
1.78935
1.79345
1.79651
1.79824
1.7987
1.79824
1.79738
1.79666
1.7966
1.79757
1.79969
1.80288
1.80682
1.81111
1.81531
1.81905
1.82208
1.82424
1.82549
1.82586
1.8254
1.82419
1.82231
1.81986
1.81696
1.81375
1.81036
1.80695
1.80367
1.80071
1.79829
1.79669
1.79616
1.79692
1.79905
1.80245
1.8068
1.81165
1.81642
1.82059
1.82372
1.82552
1.82583
1.82468
1.82218
1.8186
1.8143
1.80977
1.8056
1.80244
1.80087
1.80127
1.80369
1.80788
1.81332
1.81936
1.82542
1.83098
1.8357
1.8394
1.84198
1.84345
1.8439
1.84343
1.84218
1.84028
1.83789
1.83516
1.83223
1.82926
1.82635
1.82361
1.82113
1.81897
1.81715
1.81569
1.81458
1.81376
1.81317
1.81274
1.81237
1.81196
1.81142
1.81069
1.80973
1.80854
1.80718
1.80572
1.80432
1.80315
1.8024
1.80224
1.80282
1.80418
1.80631
1.80911
1.81242
1.81606
1.81984
1.8236
1.82722
1.83061
1.83372
1.83655
1.83908
1.84133
1.84332
1.84504
1.84649
1.84766
1.84849
1.84891
1.84879
1.84799
1.84631
1.84351
1.83934
1.83359
1.8262
1.81739
1.8078
1.79854
1.791
1.78638
1.78528
1.78745
1.79204
1.79797
1.80434
1.8105
1.81609
1.8209
1.82488
1.82799
1.83025
1.83166
1.83222
1.79975
1.79872
1.79694
1.79454
1.79168
1.78858
1.78553
1.78278
1.7806
1.77923
1.77893
1.77987
1.78216
1.78567
1.79003
1.79472
1.79918
1.80303
1.80616
1.80872
1.81101
1.81334
1.81591
1.81877
1.82176
1.8246
1.82688
1.82816
1.828
1.82601
1.82191
1.81556
1.80703
1.7967
1.78529
1.77396
1.76425
1.75778
1.75577
1.75855
1.76553
1.77546
1.7869
1.79856
1.80939
1.8187
1.826
1.83103
1.83368
1.83398
1.83209
1.82835
1.82334
1.81787
1.81295
1.80958
1.80843
1.80966
1.81286
1.81724
1.82193
1.8262
1.82958
1.83184
1.8329
1.83282
1.8317
1.82975
1.82725
1.82452
1.82188
1.8195
1.81738
1.81526
1.8127
1.80927
1.80472
1.79912
1.79296
1.78705
1.78233
1.77957
1.77908
1.78069
1.78389
1.78806
1.79266
1.7973
1.80176
1.80588
1.80957
1.81276
1.81539
1.8174
1.81874
1.81933
1.81913
1.81806
1.81611
1.81329
1.80968
1.80543
1.80078
1.79604
1.7916
1.78777
1.78485
1.78298
1.78217
1.78235
1.78341
1.78521
1.78763
1.79051
1.79369
1.79699
1.80021
1.80318
1.80575
1.80781
1.80931
1.81021
1.81049
1.81013
1.8091
1.80738
1.80488
1.80151
1.79719
1.79184
1.78551
1.77847
1.77131
1.76499
1.76066
1.75925
1.76107
1.76562
1.77179
1.77836
1.78438
1.78927
1.79285
1.79516
1.7964
1.79684
1.79676
1.79642
1.79609
1.79596
1.79619
1.79687
1.79804
1.79965
1.80161
1.80381
1.8061
1.80837
1.81051
1.81245
1.81416
1.81567
1.81701
1.81822
1.81936
1.82042
1.82139
1.82223
1.82286
1.82323
1.82332
1.82311
1.82263
1.82191
1.82099
1.8199
1.81867
1.81729
1.81575
1.81405
1.81217
1.81014
1.80799
1.8058
1.80371
1.80189
1.80055
1.79989
1.80005
1.80108
1.80288
1.80519
1.80771
1.81012
1.81216
1.81368
1.81465
1.81514
1.81531
1.81536
1.81553
1.81605
1.8171
1.81878
1.82103
1.82369
1.82646
1.82904
1.83115
1.83259
1.83329
1.8333
1.83274
1.83183
1.83077
1.82969
1.82864
1.82751
1.82611
1.82415
1.82136
1.81748
1.81236
1.80598
1.79846
1.79014
1.7815
1.77323
1.76603
1.76059
1.75738
1.75658
1.75804
1.76135
1.76598
1.77142
1.77721
1.78304
1.7887
1.79404
1.79898
1.80344
1.80739
1.8108
1.81367
1.81599
1.81779
1.81907
1.81987
1.8202
1.82009
1.81954
1.81856
1.81713
1.81527
1.81295
1.8102
1.80705
1.80357
1.79989
1.79616
1.7926
1.78949
1.78713
1.78585
1.78591
1.78741
1.79026
1.79411
1.79848
1.8028
1.8066
1.80949
1.81125
1.81177
1.81106
1.80925
1.80662
1.80353
1.80048
1.79795
1.79633
1.7958
1.79624
1.79736
1.79873
1.79998
1.80084
1.80117
1.80098
1.80032
1.79929
1.79794
1.79624
1.79408
1.79129
1.78765
1.78307
1.77764
1.7718
1.7949
1.79092
1.78927
1.79038
1.79398
1.79921
1.80502
1.81052
1.81517
1.81878
1.82142
1.82327
1.82453
1.82537
1.82592
1.8262
1.8262
1.82581
1.82493
1.82339
1.82102
1.81767
1.81317
1.80745
1.80055
1.79279
1.78488
1.77794
1.77335
1.77225
1.77498
1.78088
1.78856
1.79649
1.80346
1.80875
1.81209
1.81346
1.81302
1.811
1.80771
1.80345
1.7986
1.79354
1.78867
1.78436
1.78092
1.77854
1.77731
1.77717
1.77798
1.77953
1.78155
1.78382
1.78614
1.78833
1.79028
1.79193
1.79322
1.79416
1.79474
1.795
1.79496
1.79467
1.79416
1.79347
1.79266
1.79175
1.7908
1.78983
1.78889
1.78801
1.78721
1.78654
1.78601
1.78563
1.7854
1.78533
1.78537
1.78551
1.78568
1.78585
1.78596
1.78595
1.78577
1.7854
1.7848
1.78398
1.78295
1.78174
1.78044
1.77913
1.77795
1.77703
1.7765
1.77648
1.77705
1.77824
1.78003
1.78236
1.78512
1.78818
1.7914
1.79467
1.79787
1.8009
1.80369
1.80617
1.8083
1.81001
1.81126
1.81196
1.81203
1.81139
1.80993
1.80757
1.80423
1.79995
1.79481
1.78902
1.7828
1.77638
1.7698
1.76299
1.75587
1.74864
1.74199
1.73705
1.73491
1.73603
1.74001
1.74584
1.75247
1.75915
1.76547
1.77127
1.77652
1.78117
1.78522
1.78865
1.79147
1.79369
1.79536
1.7965
1.79718
1.79747
1.79744
1.79718
1.79677
1.79631
1.79589
1.79558
1.79542
1.79543
1.79561
1.7959
1.79621
1.79641
1.79635
1.79589
1.79491
1.79337
1.79131
1.78885
1.78619
1.78358
1.78129
1.77955
1.77856
1.77844
1.7793
1.78116
1.78398
1.78764
1.79194
1.79666
1.80154
1.80638
1.811
1.81528
1.81912
1.82247
1.82531
1.82762
1.82942
1.83072
1.83154
1.83189
1.83181
1.8313
1.83038
1.82905
1.8273
1.8251
1.82239
1.8191
1.81516
1.81059
1.80548
1.80007
1.79471
1.78984
1.78587
1.78317
1.78198
1.78244
1.78455
1.78821
1.79323
1.79925
1.80587
1.81264
1.81916
1.82507
1.83015
1.83426
1.83738
1.83953
1.8408
1.84129
1.84112
1.84038
1.83917
1.83756
1.83561
1.83339
1.83096
1.82847
1.82609
1.82405
1.8226
1.82194
1.82216
1.82322
1.82494
1.82709
1.82942
1.83175
1.83399
1.83612
1.83815
1.8401
1.84198
1.84376
1.84536
1.84666
1.84752
1.84774
1.84716
1.84562
1.84308
1.83959
1.83536
1.83075
1.82623
1.82234
1.81956
1.81823
1.81856
1.82054
1.82405
1.8288
1.83441
1.84046
1.84652
1.85221
1.85728
1.86158
1.86508
1.86783
1.86993
1.87151
1.87269
1.87358
1.8743
1.87491
1.87548
1.87605
1.87665
1.87729
1.87794
1.87859
1.87917
1.8796
1.87978
1.8796
1.87893
1.87764
1.87563
1.87282
1.86925
1.86505
1.86053
1.85614
1.85244
1.85002
1.84929
1.85039
1.8531
1.8569
1.86113
1.86519
1.86868
1.8715
1.87377
1.87583
1.87802
1.8806
1.88363
1.88701
1.89059
1.89424
1.89796
1.90182
1.90595
1.91035
1.91492
1.9194
1.92346
1.92677
1.92904
1.93011
1.9299
1.92847
1.92601
1.9228
1.91924
1.91578
1.91288
1.91093
1.91017
1.91064
1.91219
1.91451
1.91723
1.92001
1.92256
1.92471
1.92641
1.9277
1.92869
1.9295
1.93022
1.93088
1.93138
1.93157
1.93122
1.93016
1.9283
1.92571
1.92262
1.91933
1.91608
1.91296
1.90985
1.90663
1.90337
1.90049
1.89863
1.89834
1.8997
1.90219
1.90484
1.90656
1.90638
1.90365
1.89804
1.88966
1.87916
1.86785
1.85759
1.85027
1.84705
1.84786
1.85157
1.85669
1.86196
1.86664
1.87039
1.87315
1.875
1.87604
1.87638
1.87612
1.87535
1.87414
1.87258
1.87069
1.86853
1.86611
1.86345
1.86052
1.85731
1.85376
1.84983
1.84546
1.84061
1.83529
1.82961
1.82376
1.8181
1.81306
1.8091
1.80654
1.8055
1.8058
1.80706
1.80881
1.81057
1.81201
1.81288
1.81307
1.81251
1.81118
1.80907
1.80621
1.80264
1.79847
1.79394
1.78937
1.78523
1.78205
1.78026
1.78009
1.78147
1.78407
1.78739
1.79091
1.79422
1.79702
1.79913
1.80044
1.80087
1.80035
1.79881
1.79616
1.79234
1.78736
1.78141
1.77494
1.76867
1.76353
1.76043
1.75988
1.76162
1.76447
1.76643
1.76486
1.75684
1.74002
1.71463
1.68655
1.66757
1.66759
1.68527
1.71064
1.73518
1.75558
1.77173
1.78428
1.79386
1.80097
1.80607
1.80958
1.8119
1.81336
1.81422
1.8147
1.81494
1.81504
1.81509
1.81511
1.81511
1.81509
1.81501
1.81483
1.81446
1.81385
1.8129
1.81154
1.80974
1.80748
1.80485
1.80199
1.79913
1.79653
1.7944
1.79286
1.79187
1.79127
1.79083
1.79034
1.7897
1.78893
1.78821
1.78776
1.78785
1.78867
1.7903
1.79269
1.79565
1.79898
1.80245
1.80593
1.8094
1.81294
1.8167
1.82082
1.8254
1.83043
1.83581
1.84137
1.84692
1.85223
1.85713
1.86143
1.86499
1.86762
1.86914
1.86934
1.86797
1.8648
1.85958
1.85219
1.84267
1.83137
1.81912
1.80732
1.79777
1.79226
1.79181
1.79609
1.80355
1.81212
1.81996
1.82596
1.82967
1.83122
1.83099
1.82954
1.82744
1.82527
1.82352
1.82263
1.82286
1.82423
1.82654
1.82939
1.83238
1.83516
1.83755
1.8395
1.84104
1.8422
1.84301
1.84345
1.84345
1.84293
1.84179
1.83996
1.83746
1.83439
1.831
1.82762
1.82471
1.82269
1.82185
1.8223
1.82395
1.8265
1.82961
1.83291
1.83608
1.83886
1.84106
1.84253
1.8432
1.84301
1.84198
1.84016
1.83759
1.83437
1.83053
1.82614
1.82127
1.81606
1.81081
1.80594
1.80195
1.79931
1.79827
1.79878
1.80055
1.80311
1.80598
1.80873
1.81102
1.81262
1.81335
1.8131
1.81178
1.80938
1.80592
1.80154
1.79661
1.79182
1.78821
1.7869
1.7887
1.79361
1.80081
1.80904
1.81707
1.82409
1.82979
1.83418
1.83746
1.83989
1.84167
1.84291
1.84367
1.84391
1.84356
1.84252
1.84069
1.83802
1.83451
1.83032
1.82575
1.82127
1.81747
1.81485
1.81369
1.81388
1.81497
1.81629
1.81715
1.81699
1.8154
1.81221
1.80741
1.80123
1.7942
1.78711
1.78098
1.77675
1.77495
1.77548
1.77765
1.78048
1.78309
1.78484
1.78545
1.78489
1.78331
1.78097
1.77816
1.77526
1.77263
1.77066
1.76965
1.76975
1.77102
1.77337
1.77663
1.78064
1.78518
1.79004
1.79499
1.7998
1.80426
1.80819
1.8115
1.81414
1.81611
1.81747
1.81827
1.81859
1.81851
1.81809
1.81739
1.81647
1.81537
1.81413
1.81278
1.81136
1.80987
1.80835
1.8068
1.80523
1.80362
1.80198
1.80025
1.79838
1.79633
1.79403
1.79142
1.78848
1.78525
1.78183
1.77836
1.77508
1.77221
1.76994
1.76835
1.76743
1.76707
1.7671
1.76734
1.76761
1.76775
1.76761
1.76707
1.76604
1.76452
1.76257
1.76037
1.75817
1.75629
1.75508
1.75484
1.7558
1.75806
1.76156
1.76612
1.77144
1.77718
1.78299
1.78857
1.79368
1.79815
1.80187
1.80482
1.80698
1.80841
1.80917
1.80937
1.80912
1.80857
1.80786
1.80711
1.80645
1.80592
1.80556
1.80532
1.80514
1.80492
1.80456
1.80399
1.80314
1.80199
1.80055
1.79888
1.79704
1.79515
1.7933
1.7916
1.7901
1.78883
1.78776
1.7868
1.78581
1.78468
1.78326
1.78149
1.77934
1.77687
1.77418
1.77148
1.76905
1.76722
1.76633
1.7667
1.76847
1.77157
1.77571
1.78041
1.78519
1.78965
1.7935
1.79664
1.79909
1.80095
1.80237
1.80352
1.80455
1.80558
1.80668
1.8079
1.80926
1.81072
1.81225
1.81378
1.81524
1.81656
1.81766
1.81846
1.81891
1.81897
1.81864
1.81796
1.81703
1.81597
1.81496
1.81417
1.81375
1.81376
1.81415
1.81477
1.81538
1.81572
1.81554
1.81465
1.81299
1.81061
1.80764
1.80422
1.80047
1.7964
1.79199
1.78727
1.7825
1.77826
1.77531
1.77427
1.7753
1.77791
1.78124
1.78445
1.78711
1.78936
1.79186
1.79538
1.80042
1.80682
1.81388
1.82066
1.82642
1.83072
1.83349
1.8349
1.83519
1.83466
1.83353
1.832
1.83022
1.82829
1.8263
1.82432
1.8224
1.8206
1.81894
1.81745
1.81614
1.81501
1.81403
1.81321
1.81252
1.81197
1.81157
1.81136
1.81138
1.81168
1.81233
1.81336
1.81479
1.81661
1.8188
1.82132
1.8241
1.82706
1.8301
1.83312
1.83602
1.83871
1.84113
1.84323
1.84497
1.84634
1.84733
1.84793
1.84814
1.84796
1.84736
1.84636
1.84494
1.84309
1.84083
1.83818
1.83517
1.83189
1.82845
1.82506
1.82199
1.81959
1.81825
1.81827
1.81983
1.82287
1.82712
1.83215
1.83748
1.84265
1.84735
1.85137
1.85462
1.85711
1.85887
1.85996
1.8604
1.86023
1.85942
1.85798
1.85591
1.85329
1.85029
1.84722
1.8445
1.84263
1.84199
1.84279
1.84492
1.84797
1.85143
1.85474
1.8575
1.85946
1.86058
1.86092
1.86065
1.85996
1.85909
1.85824
1.85759
1.85728
1.85734
1.85777
1.85849
1.85935
1.86023
1.86098
1.86153
1.86183
1.86189
1.86179
1.86163
1.86154
1.86164
1.86204
1.8628
1.86395
1.86544
1.86721
1.86914
1.8711
1.87296
1.87459
1.87588
1.87674
1.87713
1.87701
1.8764
1.87534
1.87393
1.87229
1.87054
1.86881
1.86719
1.86574
1.86444
1.86327
1.86214
1.86097
1.85971
1.85831
1.85677
1.85516
1.85359
1.85217
1.85099
1.85007
1.84932
1.84856
1.84753
1.84597
1.84365
1.84048
1.83647
1.83186
1.827
1.82242
1.8187
1.81635
1.81576
1.81708
1.82018
1.82471
1.83016
1.83602
1.84181
1.84716
1.85181
1.85562
1.85854
1.86056
1.86173
1.86209
1.86173
1.86071
1.85913
1.85706
1.85459
1.85183
1.84884
1.84573
1.84256
1.83936
1.83616
1.83291
1.82959
1.82613
1.82256
1.81895
1.81545
1.8123
1.80973
1.8079
1.8069
1.80671
1.80731
1.80865
1.81072
1.81348
1.81683
1.82059
1.82453
1.8284
1.83197
1.83509
1.83766
1.83964
1.84102
1.84185
1.84213
1.84191
1.84121
1.84005
1.83849
1.83657
1.8344
1.83213
1.82996
1.82812
1.82685
1.82633
1.82665
1.82778
1.82959
1.83186
1.83437
1.83692
1.83934
1.84153
1.8434
1.84491
1.84601
1.84664
1.84676
1.84632
1.84529
1.84366
1.84146
1.83879
1.83579
1.83272
1.82993
1.82782
1.82679
1.82712
1.82886
1.83177
1.83543
1.83927
1.84272
1.84533
1.84677
1.8469
1.84577
1.84355
1.84058
1.83726
1.83401
1.83118
1.82899
1.82753
1.82674
1.8265
1.82661
1.8269
1.82722
1.82746
1.82755
1.82747
1.82729
1.82712
1.82714
1.82757
1.82863
1.83041
1.83286
1.83576
1.8387
1.84125
1.84298
1.8436
1.84303
1.84142
1.83915
1.83684
1.83514
1.83459
1.8354
1.83743
1.84021
1.84321
1.84591
1.848
1.8493
1.84978
1.84945
1.84834
1.84646
1.84375
1.84018
1.83571
1.83048
1.82488
1.81964
1.81571
1.81402
1.81502
1.81847
1.82351
1.82904
1.83408
1.83802
1.84056
1.84168
1.84153
1.84028
1.83817
1.83536
1.832
1.82814
1.82373
1.81862
1.81263
1.80567
1.79796
1.79021
1.78362
1.7795
1.77862
1.78068
1.78449
1.78859
1.79195
1.79425
1.79581
1.79727
1.79924
1.80207
1.80573
1.80993
1.81422
1.81816
1.82145
1.82389
1.82543
1.82611
1.826
1.82522
1.8239
1.82218
1.82019
1.81804
1.81589
1.81386
1.81209
1.81073
1.80989
1.80965
1.81001
1.81092
1.8122
1.81366
1.81501
1.81599
1.81633
1.81584
1.81443
1.81214
1.80926
1.80625
1.80377
1.80244
1.80267
1.80451
1.80757
1.81125
1.81492
1.81807
1.82042
1.8219
1.82259
1.82266
1.82237
1.82197
1.8217
1.82175
1.82222
1.82316
1.82451
1.82615
1.82797
1.82982
1.8316
1.83324
1.83468
1.83592
1.83693
1.83769
1.8382
1.83841
1.83829
1.8378
1.83695
1.83574
1.8343
1.8328
1.83153
1.83078
1.83085
1.83189
1.83389
1.83664
1.8398
1.84298
1.84584
1.84811
1.84963
1.85034
1.85029
1.84957
1.84837
1.84691
1.84542
1.84416
1.84333
1.84306
1.84337
1.84419
1.84538
1.84672
1.84802
1.84913
1.84997
1.85053
1.85088
1.85113
1.85137
1.85167
1.85203
1.85241
1.85275
1.85297
1.85303
1.85293
1.85271
1.85242
1.85213
1.85188
1.85165
1.85142
1.8511
1.8506
1.84982
1.84868
1.84715
1.84527
1.84314
1.84095
1.83897
1.83749
1.8368
1.83712
1.83851
1.84091
1.84409
1.84777
1.85166
1.85551
1.85914
1.86245
1.86539
1.86798
1.87024
1.8722
1.87391
1.8754
1.87668
1.87774
1.87855
1.87907
1.87924
1.87901
1.87829
1.87707
1.87532
1.87307
1.87043
1.86755
1.86465
1.86199
1.85984
1.85843
1.85789
1.85826
1.8594
1.8611
1.86303
1.8649
1.86647
1.86763
1.86842
1.86902
1.86968
1.87063
1.87205
1.87404
1.87661
1.87968
1.88313
1.88675
1.8903
1.8935
1.89612
1.89801
1.89908
1.89935
1.8989
1.89784
1.89627
1.89428
1.89191
1.88917
1.88608
1.88268
1.87906
1.87531
1.8716
1.86806
1.86483
1.86206
1.8599
1.8586
1.8585
1.8599
1.86301
1.86778
1.87389
1.88082
1.88797
1.89483
1.90101
1.9063
1.91064
1.91407
1.91669
1.91861
1.91997
1.92087
1.92141
1.92163
1.9216
1.92132
1.9208
1.92002
1.91893
1.9175
1.91566
1.91335
1.91051
1.90708
1.90301
1.89829
1.89297
1.88716
1.88104
1.87491
1.86916
1.86419
1.86037
1.85791
1.8568
1.85677
1.85739
1.85821
1.85888
1.85926
1.8595
1.86
1.86124
1.86366
1.86741
1.87231
1.87791
1.88365
1.889
1.89357
1.89715
1.89965
1.90106
1.90146
1.90093
1.89954
1.8974
1.89461
1.89126
1.8875
1.88351
1.87949
1.87573
1.8725
1.87011
1.86878
1.86866
1.86972
1.87181
1.87464
1.87791
1.8813
1.88458
1.88762
1.89035
1.89276
1.89491
1.89685
1.89862
1.90029
1.90189
1.90344
1.90494
1.90641
1.90784
1.90921
1.91051
1.91175
1.91293
1.91408
1.91523
1.91642
1.91773
1.9192
1.92091
1.92288
1.92513
1.92766
1.93041
1.93334
1.93637
1.93941
1.94238
1.94518
1.9477
1.94981
1.95136
1.95218
1.95204
1.95073
1.94802
1.94377
1.93798
1.93093
1.92328
1.91611
1.91072
1.90828
1.90932
1.91349
1.91969
1.92657
1.93299
1.93825
1.94212
1.94473
1.94644
1.94771
1.949
1.95069
1.95294
1.95574
1.95889
1.96209
1.965
1.96737
1.969
1.96979
1.96972
1.96873
1.96672
1.96337
1.95808
1.94995
1.93791
1.92133
1.90116
1.8812
1.86771
1.86578
1.87514
1.8906
1.90648
1.91965
1.92948
1.93666
1.94209
1.94646
1.95008
1.95293
1.95486
1.95571
1.95538
1.954
1.9518
1.94922
1.94671
1.94474
1.94363
1.9435
1.94421
1.94547
1.94685
1.9479
1.94813
1.94708
1.94428
1.93931
1.93184
1.92192
1.91026
1.89846
1.88881
1.88333
1.88268
1.88579
1.89066
1.89554
1.89958
1.90275
1.90547
1.90816
1.91104
1.91409
1.91708
1.91971
1.92171
1.92292
1.92328
1.92285
1.92178
1.92032
1.9187
1.91715
1.9158
1.91469
1.91375
1.91287
1.91192
1.91081
1.90947
1.9079
1.90611
1.90415
1.90208
1.9
1.89806
1.89641
1.8952
1.89453
1.89441
1.89474
1.89532
1.89589
1.89619
1.89597
1.89506
1.89338
1.89092
1.88781
1.88429
1.88073
1.87757
1.87524
1.87401
1.87391
1.87466
1.8758
1.87676
1.87709
1.87656
1.87525
1.87353
1.87199
1.87132
1.87205
1.8744
1.8782
1.88297
1.88812
1.89312
1.89759
1.90133
1.90428
1.90647
1.90798
1.9089
1.90932
1.90934
1.90901
1.90839
1.9075
1.90632
1.90482
1.9029
1.90041
1.8971
1.89267
1.88671
1.87883
1.86875
1.85662
1.84339
1.83107
1.82241
1.81973
1.82367
1.83276
1.84444
1.85637
1.86715
1.87619
1.88346
1.88915
1.89347
1.89661
1.89873
1.89991
1.90023
1.89975
1.89855
1.89672
1.89445
1.89193
1.88945
1.88728
1.88566
1.88474
1.88453
1.8849
1.88564
1.8865
1.88727
1.88779
1.88796
1.88769
1.88693
1.8856
1.88364
1.881
1.87773
1.87399
1.87018
1.86696
1.86516
1.8656
1.86868
1.87417
1.88122
1.88866
1.89548
1.90101
1.905
1.9075
1.90876
1.9091
1.90885
1.90829
1.90766
1.9071
1.90671
1.90648
1.90635
1.90622
1.90593
1.90535
1.90435
1.90291
1.90103
1.89886
1.89661
1.89455
1.89292
1.89194
1.89172
1.89221
1.89325
1.89458
1.89587
1.89683
1.89724
1.89702
1.89628
1.89526
1.8943
1.89378
1.89403
1.89524
1.89745
1.90053
1.90425
1.9083
1.91234
1.91607
1.91923
1.92163
1.92318
1.92387
1.9238
1.92315
1.92215
1.92108
1.9202
1.91972
1.91977
1.92039
1.9215
1.92299
1.92468
1.92637
1.92785
1.92891
1.92937
1.92901
1.92766
1.92521
1.92162
1.91705
1.91188
1.90677
1.90256
1.90002
1.89959
1.90113
1.90403
1.90739
1.9104
1.9125
1.91346
1.91332
1.91234
1.91093
1.90955
1.90865
1.90862
1.90966
1.91183
1.91498
1.91885
1.92313
1.92752
1.93178
1.93572
1.93923
1.94226
1.94486
1.94711
1.94918
1.95125
1.9535
1.95607
1.95901
1.96227
1.96567
1.96892
1.97159
1.97316
1.97298
1.97032
1.96442
1.95457
1.94034
1.92179
1.89972
1.87575
1.85211
1.83129
1.81581
1.80819
1.81046
1.82291
1.84321
1.86716
1.89063
1.91096
1.92721
1.9396
1.94886
1.95579
1.96106
1.96515
1.96833
1.97074
1.97244
1.97345
1.97376
1.97343
1.97251
1.97109
1.96931
1.96731
1.96524
1.96326
1.96147
1.9599
1.95853
1.95726
1.95595
1.95442
1.9525
1.95007
1.94704
1.94337
1.93909
1.93427
1.929
1.92342
1.91764
1.91183
1.90614
1.90081
1.89614
1.89248
1.89015
1.88939
1.89021
1.89239
1.89554
1.89916
1.90281
1.90613
1.90894
1.91115
1.91282
1.91406
1.91502
1.91587
1.91674
1.9177
1.91879
1.91997
1.92115
1.9222
1.92294
1.92317
1.92264
1.92108
1.91818
1.91361
1.90708
1.89848
1.88817
1.87718
1.86744
1.86123
1.86022
1.86448
1.87241
1.88175
1.89058
1.89781
1.90312
1.90664
1.90868
1.9096
1.90969
1.90922
1.90838
1.9073
1.90609
1.90479
1.90341
1.90192
1.90023
1.89822
1.89571
1.8925
1.8884
1.88327
1.87711
1.87012
1.86281
1.856
1.85077
1.84816
1.84888
1.85303
1.86001
1.86878
1.8781
1.88687
1.8943
1.89989
1.90344
1.905
1.90479
1.90317
1.90064
1.89775
1.89506
1.89312
1.89234
1.89297
1.89503
1.89835
1.90257
1.90724
1.91196
1.91635
1.92018
1.92332
1.92573
1.92741
1.92838
1.92869
1.92837
1.92746
1.926
1.92405
1.9217
1.91903
1.91617
1.91321
1.91022
1.90721
1.90416
1.90098
1.89758
1.89389
1.88992
1.8858
1.88187
1.87863
1.8767
1.87665
1.8788
1.88307
1.88902
1.89597
1.90324
1.91027
1.9167
1.92235
1.92713
1.93103
1.93404
1.93618
1.93744
1.9378
1.93726
1.93581
1.9335
1.93041
1.9267
1.92261
1.91846
1.91459
1.9113
1.90872
1.90679
1.90523
1.90362
1.90155
1.8987
1.89501
1.8907
1.8862
1.88211
1.87904
1.87749
1.87777
1.87999
1.88398
1.88939
1.89565
1.90214
1.90827
1.91356
1.91769
1.92052
1.922
1.92222
1.92131
1.91946
1.91691
1.9139
1.91069
1.90756
1.90473
1.90237
1.90059
1.89941
1.8988
1.89864
1.89884
1.89929
1.89993
1.90074
1.90176
1.90306
1.90474
1.90684
1.90936
1.91224
1.91537
1.9186
1.92174
1.92464
1.92714
1.9291
1.93038
1.93084
1.93035
1.92874
1.92586
1.92152
1.91557
1.90796
1.89875
1.88831
1.87735
1.86699
1.85857
1.85335
1.85207
1.85465
1.86021
1.86747
1.87517
1.88237
1.88857
1.8936
1.89749
1.90039
1.90249
1.90398
1.90502
1.90577
1.90636
1.9069
1.90746
1.90811
1.90887
1.90975
1.91073
1.91181
1.91294
1.91409
1.91524
1.91638
1.91749
1.91858
1.91967
1.92077
1.92189
1.92305
1.92423
1.92542
1.9266
1.92774
1.92878
1.92968
1.93036
1.93075
1.93077
1.93034
1.92941
1.92797
1.92608
1.92387
1.92157
1.91942
1.91766
1.91651
1.91603
1.91624
1.91704
1.91831
1.9199
1.9217
1.9236
1.92552
1.9274
1.92914
1.93068
1.93193
1.93278
1.93314
1.93292
1.93205
1.93044
1.9281
1.92508
1.92157
1.91791
1.91454
1.91196
1.9106
1.91071
1.91234
1.91542
1.91977
1.92517
1.93133
1.9379
1.94449
1.95071
1.95624
1.9608
1.96416
1.96613
1.96648
1.96498
1.9614
1.95563
1.94781
1.9386
1.92928
1.92154
1.91694
1.91606
1.91827
1.92211
1.92612
1.92938
1.93162
1.93299
1.93382
1.93438
1.93485
1.93524
1.93551
1.93558
1.93539
1.93494
1.93424
1.93334
1.93228
1.9311
1.92981
1.92838
1.92674
1.92481
1.92246
1.91956
1.91594
1.91142
1.90585
1.89912
1.89123
1.88246
1.87346
1.86533
1.85947
1.85708
1.85868
1.8638
1.87123
1.87958
1.88774
1.89502
1.90118
1.90618
1.91014
1.91318
1.91543
1.917
1.91795
1.91832
1.91815
1.91742
1.91614
1.91427
1.91178
1.90863
1.90474
1.90008
1.89462
1.88837
1.88146
1.87415
1.86692
1.8604
1.85536
1.8524
1.85178
1.8533
1.85635
1.86014
1.86396
1.8673
1.86988
1.87159
1.87246
1.87256
1.87199
1.87086
1.86929
1.86737
1.86523
1.86297
1.86069
1.85843
1.85624
1.85414
1.85212
1.85024
1.84857
1.8472
1.84621
1.84565
1.84547
1.84554
1.84562
1.84543
1.84465
1.84297
1.8401
1.83587
1.83024
1.82354
1.81653
1.81045
1.80671
1.80635
1.80948
1.81523
1.8222
1.82908
1.83499
1.83957
1.84279
1.84483
1.84594
1.84635
1.84627
1.84584
1.84518
1.84438
1.84346
1.84247
1.8414
1.84023
1.83895
1.8375
1.83584
1.83393
1.83172
1.82917
1.82628
1.82307
1.81964
1.81613
1.81274
1.80968
1.8072
1.80544
1.80449
1.80431
1.80476
1.80571
1.80706
1.80883
1.81116
1.81421
1.81814
1.82291
1.82836
1.83413
1.83986
1.84522
1.84996
1.85395
1.85714
1.85953
1.86114
1.86202
1.86222
1.86177
1.86072
1.85913
1.85706
1.85457
1.85174
1.8486
1.84515
1.84136
1.83722
1.83276
1.8282
1.82397
1.82068
1.81897
1.81923
1.82142
1.82507
1.82951
1.83417
1.83881
1.84347
1.84836
1.85365
1.85937
1.86529
1.87107
1.87633
1.88079
1.88425
1.88666
1.88803
1.88848
1.88814
1.88719
1.88585
1.88438
1.88309
1.88229
1.88224
1.88307
1.88476
1.88707
1.88963
1.89197
1.89366
1.89432
1.89373
1.89177
1.88853
1.88421
1.87916
1.87382
1.86868
1.8642
1.86073
1.8585
1.85756
1.85779
1.85895
1.86067
1.86256
1.86424
1.86542
1.86592
1.86573
1.86498
1.86396
1.863
1.86246
1.86262
1.86364
1.86557
1.86829
1.87159
1.87523
1.87898
1.88265
1.88608
1.8892
1.89196
1.89438
1.89646
1.89824
1.89974
1.90099
1.902
1.90273
1.90313
1.90308
1.90236
1.90068
1.89757
1.89242
1.88444
1.87274
1.85655
1.83573
1.81146
1.78696
1.7673
1.75779
1.76126
1.77625
1.7977
1.81968
1.83763
1.84909
1.85327
1.85065
1.84298
1.83341
1.82577
1.82277
1.82428
1.82794
1.83159
1.83507
1.83985
1.84716
1.85658
1.86628
1.87431
1.87962
1.88221
1.88279
1.88232
1.88157
1.88099
1.88061
1.88024
1.87964
1.87878
1.8779
1.87769
1.87905
1.88283
1.88938
1.89821
1.90827
1.91832
1.92736
1.93483
1.94054
1.9445
1.94682
1.94758
1.94679
1.94437
1.9402
1.93407
1.92588
1.91566
1.9038
1.89118
1.87921
1.86958
1.86382
1.8628
1.86643
1.87381
1.88364
1.8946
1.9056
1.91582
1.92472
1.93196
1.9374
1.94102
1.94291
1.94326
1.94229
1.94027
1.93747
1.93413
1.93045
1.9266
1.92277
1.91928
1.91658
1.9152
1.91556
1.91782
1.92178
1.92695
1.9328
1.93888
1.94489
1.95058
1.95573
1.96004
1.96324
1.96508
1.96547
1.96442
1.96212
1.95884
1.95492
1.95075
1.9467
1.94308
1.94014
1.93803
1.9368
1.93639
1.93662
1.9373
1.93821
1.93918
1.94018
1.94126
1.94261
1.94441
1.94676
1.94959
1.95268
1.95566
1.95819
1.95998
1.96087
1.9608
1.9598
1.95793
1.95529
1.95201
1.94834
1.94473
1.94185
1.9404
1.94088
1.94328
1.94704
1.95121
1.95476
1.95683
1.95677
1.95422
1.94911
1.94181
1.93344
1.926
1.92195
1.92323
1.93009
1.94099
1.95356
1.96574
1.97632
1.98492
1.99159
1.99657
2.0001
2.00236
2.00345
2.0034
2.00216
1.9997
1.99599
1.99106
1.98509
1.97847
1.97179
1.96587
1.96157
1.95952
1.95979
1.96174
1.96417
1.96568
1.96505
1.96152
1.95483
1.94524
1.9334
1.9203
1.90712
1.89504
1.88502
1.87764
1.87314
1.87151
1.87276
1.87689
1.88387
1.89332
1.90453
1.91656
1.92844
1.93944
1.94912
1.95732
1.96403
1.96932
1.97324
1.97583
1.97712
1.97713
1.97594
1.97378
1.97105
1.96841
1.96666
1.96652
1.96834
1.97187
1.97639
1.98099
1.98487
1.98751
1.98872
1.98856
1.98721
1.9849
1.98189
1.9784
1.9747
1.97105
1.96776
1.96513
1.96335
1.96244
1.96218
1.96209
1.96158
1.96006
1.95713
1.9527
1.94718
1.94146
1.93673
1.93415
1.93434
1.93711
1.94151
1.94629
1.95028
1.95266
1.953
1.95127
1.94778
1.94326
1.93888
1.93602
1.93585
1.9388
1.94432
1.95108
1.95759
1.96259
1.96531
1.96539
1.96277
1.95759
1.95018
1.94108
1.93107
1.92115
1.91244
1.90592
1.90221
1.90139
1.90313
1.90687
1.91199
1.91794
1.92427
1.93058
1.93656
1.94196
1.94661
1.95041
1.95332
1.95536
1.95652
1.9568
1.95607
1.95406
1.95029
1.94392
1.93387
1.91898
1.89903
1.87637
1.8572
1.84947
1.85671
1.87462
1.89522
1.91271
1.92512
1.93282
1.93694
1.93855
1.93848
1.93731
1.93548
1.93332
1.93111
1.92905
1.92725
1.9257
1.9243
1.9229
1.92129
1.9193
1.91685
1.91391
1.91054
1.90689
1.90311
1.89936
1.89578
1.89246
1.88941
1.88661
1.88404
1.88169
1.87964
1.8781
1.87737
1.87774
1.87941
1.88235
1.88626
1.89071
1.8952
1.89931
1.90273
1.90529
1.90686
1.90737
1.90671
1.90474
1.90129
1.89617
1.88931
1.8809
1.87165
1.86286
1.85625
1.85336
1.85477
1.85986
1.86714
1.87507
1.88252
1.88894
1.8942
1.89837
1.90162
1.90406
1.9058
1.90689
1.90735
1.90722
1.90659
1.90563
1.90458
1.90378
1.90357
1.9042
1.90576
1.90807
1.91077
1.91337
1.91541
1.91652
1.91647
1.91519
1.91276
1.90935
1.90524
1.90078
1.89634
1.89231
1.88901
1.88671
1.88557
1.88567
1.88701
1.88951
1.89303
1.89734
1.90218
1.90723
1.91222
1.91691
1.92113
1.92478
1.92783
1.93029
1.93221
1.93365
1.93471
1.93546
1.936
1.93641
1.93675
1.93708
1.93743
1.9378
1.93815
1.9384
1.93843
1.93805
1.93699
1.93487
1.93122
1.92543
1.91692
1.90542
1.89154
1.87736
1.86643
1.86229
1.86621
1.87621
1.88862
1.90027
1.90953
1.91606
1.92011
1.92208
1.92231
1.92096
1.91814
1.91391
1.90844
1.90203
1.8952
1.88858
1.8828
1.87823
1.87484
1.87221
1.86972
1.86678
1.86313
1.85894
1.85493
1.85215
1.85171
1.85428
1.85973
1.86724
1.87564
1.88388
1.89123
1.89736
1.90219
1.90583
1.90844
1.9102
1.91127
1.9118
1.91191
1.91169
1.91122
1.91056
1.90974
1.90879
1.90771
1.90649
1.90511
1.90354
1.90175
1.89968
1.89731
1.89459
1.89151
1.88808
1.88433
1.88035
1.87626
1.87223
1.86844
1.86508
1.86232
1.86029
1.85903
1.85853
1.85873
1.85953
1.86081
1.86247
1.86442
1.86659
1.86887
1.87117
1.87336
1.87528
1.87672
1.87747
1.87727
1.87591
1.8732
1.8691
1.86378
1.85774
1.85179
1.84692
1.84399
1.84335
1.84473
1.84734
1.85024
1.85267
1.8542
1.85474
1.85443
1.85355
1.85247
1.85155
1.85116
1.85154
1.85283
1.85504
1.85802
1.86155
1.86534
1.86914
1.87271
1.8759
1.8786
1.88077
1.88239
1.88346
1.88401
1.88405
1.88362
1.88275
1.88147
1.87981
1.87779
1.87546
1.87283
1.86995
1.86684
1.86355
1.86014
1.85669
1.85332
1.85014
1.84727
1.8448
1.84275
1.84109
1.83977
1.83874
1.83799
1.83757
1.83755
1.83799
1.8389
1.84021
1.84176
1.8433
1.84448
1.84491
1.84416
1.84184
1.83785
1.83254
1.82698
1.82285
1.82189
1.82497
1.83162
1.8403
1.84924
1.85713
1.86332
1.86767
1.87032
1.87148
1.87138
1.87021
1.86815
1.86535
1.862
1.85832
1.85456
1.85103
1.84802
1.84579
1.8445
1.84412
1.84445
1.84514
1.8458
1.84605
1.84567
