1.2
1.20001
1.20002
1.20003
1.20005
1.20007
1.2001
1.20013
1.20017
1.20021
1.20025
1.2003
1.20035
1.20041
1.20047
1.20054
1.20061
1.20068
1.20076
1.20085
1.20094
1.20103
1.20113
1.20123
1.20134
1.20146
1.20158
1.20171
1.20184
1.20198
1.20212
1.20227
1.20243
1.20259
1.20276
1.20293
1.20311
1.2033
1.2035
1.2037
1.20391
1.20413
1.20435
1.20458
1.20483
1.20508
1.20534
1.20561
1.20589
1.20617
1.20647
1.20678
1.20711
1.20744
1.20778
1.20814
1.20851
1.2089
1.2093
1.20971
1.21014
1.21059
1.21105
1.21153
1.21203
1.21255
1.2131
1.21366
1.21424
1.21485
1.21549
1.21615
1.21684
1.21756
1.21832
1.2191
1.21992
1.22078
1.22168
1.22262
1.2236
1.22463
1.22571
1.22684
1.22802
1.22926
1.23057
1.23194
1.23337
1.23487
1.23645
1.2381
1.23982
1.24163
1.24351
1.24546
1.24748
1.24956
1.2517
1.25386
1.25604
1.25819
1.26026
1.26221
1.26395
1.26538
1.2664
1.26687
1.26666
1.26568
1.26387
1.26129
1.25815
1.25485
1.25196
1.25007
1.24968
1.25102
1.25401
1.25828
1.26329
1.26842
1.2731
1.2769
1.2796
1.28125
1.2822
1.28305
1.28449
1.28708
1.29107
1.29624
1.30205
1.30779
1.31284
1.31677
1.31935
1.32058
1.32062
1.31974
1.31825
1.31648
1.31469
1.31304
1.31158
1.31029
1.30909
1.30793
1.30672
1.30541
1.30392
1.30233
1.30084
1.29985
1.2998
1.30108
1.30383
1.30795
1.31312
1.3189
1.32485
1.33052
1.33555
1.33968
1.34274
1.34466
1.34552
1.34546
1.34472
1.34358
1.34235
1.34133
1.34078
1.34088
1.34168
1.34315
1.34515
1.34749
1.34996
1.35236
1.35452
1.35634
1.35778
1.35885
1.35964
1.36022
1.36071
1.36115
1.36158
1.36201
1.36241
1.36278
1.36313
1.36347
1.36385
1.3643
1.36483
1.36543
1.36608
1.36674
1.36738
1.36799
1.36858
1.36918
1.36983
1.37058
1.37146
1.3725
1.37372
1.3751
1.3766
1.37819
1.3798
1.38137
1.38283
1.3841
1.38514
1.38588
1.38628
1.38631
1.38595
1.38523
1.38419
1.38293
1.38158
1.38026
1.3791
1.37815
1.37738
1.37668
1.37587
1.37475
1.37316
1.37102
1.3684
1.3655
1.36273
1.36063
1.35978
1.36063
1.36331
1.36759
1.37293
1.37861
1.38389
1.38815
1.3909
1.39176
1.39056
1.38735
1.38255
1.37712
1.37244
1.36991
1.37041
1.37381
1.37913
1.38505
1.3904
1.39429
1.3962
1.39581
1.39302
1.38788
1.38064
1.37187
1.36248
1.35369
1.34688
1.34324
1.34343
1.34733
1.35409
1.36248
1.37119
1.37921
1.38594
1.39113
1.39481
1.39721
1.39861
1.39933
1.39962
1.39971
1.39976
1.39984
1.39999
1.40022
1.40051
1.40083
1.40118
1.40155
1.40191
1.40229
1.40267
1.40307
1.40345
1.40381
1.4041
1.40427
1.19998
1.19971
1.19907
1.19796
1.19623
1.19379
1.19059
1.18671
1.18239
1.17809
1.17437
1.1718
1.17073
1.17113
1.17267
1.17481
1.17706
1.17903
1.18055
1.18155
1.1821
1.18231
1.18233
1.1823
1.1823
1.18241
1.18265
1.18297
1.18331
1.1836
1.18375
1.18372
1.1835
1.18313
1.18269
1.18228
1.18202
1.18198
1.18217
1.18257
1.18308
1.18361
1.18406
1.18434
1.1844
1.18425
1.18389
1.1834
1.18284
1.18227
1.18178
1.18139
1.18114
1.18102
1.18102
1.18111
1.18126
1.18147
1.18171
1.182
1.18233
1.18272
1.18319
1.18374
1.18437
1.18505
1.18576
1.18644
1.18704
1.18746
1.18764
1.18747
1.18686
1.18569
1.18385
1.18125
1.17782
1.17357
1.16862
1.16324
1.1579
1.15322
1.14989
1.1485
1.14942
1.1526
1.15764
1.16391
1.17068
1.17731
1.18336
1.18852
1.19268
1.1958
1.1979
1.19901
1.19915
1.19836
1.19665
1.19407
1.19072
1.18681
1.18264
1.1786
1.1751
1.17246
1.17081
1.17008
1.17005
1.17043
1.17099
1.1716
1.17223
1.17292
1.17369
1.17456
1.17549
1.17642
1.17729
1.17805
1.17871
1.17927
1.17977
1.18024
1.18071
1.18119
1.18167
1.18215
1.18262
1.18304
1.18342
1.18375
1.18403
1.18426
1.18446
1.18462
1.18476
1.18488
1.18499
1.18508
1.18516
1.18524
1.18531
1.18536
1.1854
1.18542
1.18541
1.18536
1.18527
1.18513
1.18491
1.18462
1.18422
1.18372
1.1831
1.18234
1.18147
1.18047
1.17938
1.17824
1.1771
1.17601
1.17506
1.1743
1.17378
1.1735
1.17343
1.17352
1.17367
1.1738
1.1738
1.17361
1.17319
1.17253
1.17169
1.17074
1.1698
1.16901
1.16849
1.16837
1.1687
1.16949
1.17068
1.17218
1.17385
1.17554
1.1771
1.17842
1.17938
1.17991
1.17995
1.17945
1.1784
1.17683
1.17477
1.17233
1.16967
1.16702
1.16464
1.16279
1.16166
1.16133
1.16174
1.1627
1.16398
1.16534
1.16664
1.16778
1.16875
1.16955
1.17021
1.17077
1.17128
1.17178
1.1723
1.17284
1.17338
1.17386
1.17422
1.17438
1.17432
1.17407
1.17371
1.17341
1.17331
1.17353
1.17413
1.17507
1.17623
1.17745
1.17855
1.17938
1.17981
1.17978
1.17927
1.17835
1.17717
1.17595
1.17495
1.17444
1.17464
1.17566
1.17748
1.17993
1.18277
1.18569
1.18845
1.19085
1.19279
1.19421
1.19516
1.19566
1.19581
1.19564
1.19521
1.19452
1.19356
1.1923
1.19069
1.1887
1.18632
1.18361
1.18067
1.1777
1.17495
1.1727
1.17117
1.17053
1.17074
1.17163
1.17289
1.17414
1.17507
1.17547
1.1753
1.17466
1.17377
1.17291
1.17231
1.17214
1.17243
1.17315
1.17419
1.17542
1.17672
1.17798
1.1791
1.18006
1.18087
1.18162
1.18241
1.18333
1.18445
1.18575
1.18717
1.18859
1.18988
1.19092
1.19159
1.19183
1.19974
1.19895
1.1976
1.1957
1.19325
1.19029
1.18689
1.18316
1.17926
1.1754
1.17183
1.16883
1.16664
1.1655
1.16551
1.16669
1.16892
1.17199
1.17559
1.1794
1.18312
1.18653
1.18945
1.19179
1.1935
1.19458
1.19504
1.1949
1.1942
1.193
1.19138
1.18945
1.18734
1.18521
1.18322
1.18146
1.17995
1.17859
1.17717
1.17546
1.17326
1.17053
1.16751
1.16473
1.1629
1.16267
1.16428
1.16743
1.17145
1.17559
1.17933
1.18243
1.18494
1.18705
1.18899
1.19094
1.19302
1.19524
1.19757
1.19995
1.20229
1.20454
1.20663
1.20852
1.21016
1.21149
1.21245
1.21296
1.2129
1.21216
1.21059
1.20801
1.20428
1.19923
1.19279
1.18498
1.17609
1.16671
1.15783
1.15068
1.14639
1.14563
1.14833
1.15383
1.16105
1.16891
1.17648
1.18316
1.18865
1.19285
1.1958
1.19759
1.19827
1.19785
1.1963
1.19356
1.1896
1.1845
1.17851
1.17213
1.16603
1.16097
1.15762
1.15632
1.15703
1.15937
1.16289
1.1672
1.17207
1.17736
1.18294
1.1886
1.19405
1.19906
1.20342
1.20703
1.20989
1.21205
1.21358
1.21458
1.21511
1.21525
1.21501
1.21443
1.21349
1.21217
1.21044
1.20825
1.20561
1.20252
1.19909
1.19547
1.19187
1.18853
1.18568
1.18346
1.18187
1.18086
1.18027
1.17993
1.17971
1.17957
1.17962
1.18007
1.18122
1.1833
1.18639
1.19029
1.19462
1.19884
1.20243
1.20495
1.20611
1.20577
1.20397
1.20093
1.19705
1.19294
1.18935
1.18701
1.18641
1.18756
1.18997
1.1929
1.19563
1.19768
1.19883
1.19913
1.19883
1.19825
1.19777
1.19773
1.19838
1.19979
1.20192
1.20455
1.20741
1.21021
1.2127
1.21472
1.21616
1.21699
1.21724
1.21694
1.21613
1.21487
1.21324
1.21131
1.20917
1.20691
1.20463
1.20245
1.20047
1.19886
1.19779
1.19744
1.19795
1.19937
1.20163
1.20454
1.20776
1.21095
1.21373
1.21582
1.21701
1.21722
1.21645
1.21479
1.2124
1.20953
1.20651
1.20374
1.20163
1.20058
1.20084
1.20246
1.20526
1.20888
1.21291
1.21694
1.22065
1.2238
1.22626
1.22798
1.22897
1.22927
1.22896
1.22812
1.22685
1.22526
1.22344
1.22149
1.2195
1.21757
1.21574
1.21409
1.21265
1.21143
1.21046
1.20972
1.20917
1.20878
1.20849
1.20825
1.20797
1.20761
1.20713
1.20649
1.2057
1.20478
1.20381
1.20288
1.2021
1.2016
1.2015
1.20188
1.20279
1.20421
1.20607
1.20828
1.21071
1.21323
1.21573
1.21815
1.22041
1.22248
1.22437
1.22605
1.22755
1.22888
1.23003
1.231
1.23177
1.23233
1.2326
1.23253
1.232
1.23087
1.22901
1.22622
1.22239
1.21746
1.21159
1.2052
1.19903
1.194
1.19092
1.19018
1.19163
1.19469
1.19865
1.20289
1.207
1.21072
1.21393
1.21658
1.21866
1.22017
1.22111
1.22148
1.19984
1.19915
1.19796
1.19636
1.19445
1.19239
1.19035
1.18852
1.18706
1.18616
1.18595
1.18658
1.18811
1.19044
1.19335
1.19648
1.19945
1.20202
1.20411
1.20581
1.20734
1.20889
1.21061
1.21251
1.21451
1.2164
1.21792
1.21878
1.21867
1.21734
1.21461
1.21037
1.20469
1.1978
1.19019
1.18264
1.17616
1.17185
1.17051
1.17237
1.17702
1.18364
1.19127
1.19904
1.20626
1.21246
1.21733
1.22069
1.22245
1.22265
1.22139
1.2189
1.21556
1.21192
1.20864
1.20638
1.20562
1.20644
1.20857
1.21149
1.21462
1.21746
1.21972
1.22123
1.22194
1.22188
1.22113
1.21984
1.21817
1.21635
1.21458
1.213
1.21159
1.21017
1.20847
1.20618
1.20315
1.19942
1.19531
1.19137
1.18822
1.18638
1.18605
1.18713
1.18926
1.19204
1.1951
1.1982
1.20117
1.20392
1.20638
1.2085
1.21026
1.2116
1.21249
1.21289
1.21275
1.21204
1.21074
1.20886
1.20645
1.20362
1.20052
1.19736
1.1944
1.19185
1.1899
1.18865
1.18811
1.18823
1.18894
1.19014
1.19175
1.19367
1.19579
1.19799
1.20014
1.20212
1.20383
1.20521
1.20621
1.20681
1.20699
1.20675
1.20607
1.20492
1.20325
1.20101
1.19813
1.19456
1.19034
1.18565
1.18087
1.17666
1.17377
1.17283
1.17405
1.17708
1.18119
1.18557
1.18959
1.19285
1.19523
1.19677
1.1976
1.19789
1.19784
1.19762
1.19739
1.1973
1.19746
1.19791
1.19869
1.19976
1.20107
1.20254
1.20407
1.20558
1.20701
1.2083
1.20944
1.21045
1.21134
1.21215
1.2129
1.21361
1.21426
1.21482
1.21524
1.21549
1.21555
1.21541
1.21509
1.2146
1.21399
1.21327
1.21245
1.21153
1.2105
1.20937
1.20812
1.20676
1.20533
1.20387
1.20248
1.20126
1.20037
1.19993
1.20004
1.20072
1.20192
1.20346
1.20514
1.20675
1.2081
1.20912
1.20977
1.21009
1.21021
1.21024
1.21035
1.2107
1.2114
1.21252
1.21402
1.21579
1.21764
1.21936
1.22077
1.22173
1.2222
1.2222
1.22183
1.22122
1.22051
1.21979
1.21909
1.21834
1.2174
1.2161
1.21424
1.21165
1.20824
1.20398
1.19898
1.19342
1.18767
1.18215
1.17735
1.17373
1.17159
1.17105
1.17203
1.17423
1.17732
1.18094
1.18481
1.1887
1.19247
1.19603
1.19932
1.20229
1.20493
1.2072
1.20911
1.21066
1.21186
1.21271
1.21324
1.21347
1.21339
1.21303
1.21237
1.21142
1.21018
1.20863
1.2068
1.2047
1.20238
1.19992
1.19744
1.19507
1.19299
1.19142
1.19057
1.19061
1.19161
1.1935
1.19607
1.19898
1.20187
1.2044
1.20633
1.2075
1.20784
1.20737
1.20617
1.20441
1.20236
1.20032
1.19863
1.19756
1.1972
1.1975
1.19824
1.19916
1.19999
1.20056
1.20078
1.20065
1.20022
1.19953
1.19863
1.19749
1.19606
1.19419
1.19177
1.18871
1.18509
1.1812
1.1966
1.19395
1.19285
1.19359
1.19598
1.19947
1.20334
1.20701
1.21011
1.21252
1.21428
1.21551
1.21635
1.21692
1.21728
1.21747
1.21746
1.21721
1.21662
1.21559
1.21402
1.21178
1.20878
1.20496
1.20037
1.19519
1.18992
1.18529
1.18223
1.1815
1.18332
1.18725
1.19237
1.19766
1.2023
1.20584
1.20806
1.20897
1.20868
1.20734
1.20514
1.2023
1.19907
1.1957
1.19245
1.18957
1.18728
1.18569
1.18487
1.18478
1.18532
1.18635
1.1877
1.18922
1.19076
1.19222
1.19352
1.19462
1.19548
1.19611
1.1965
1.19667
1.19664
1.19644
1.1961
1.19565
1.19511
1.1945
1.19387
1.19322
1.19259
1.192
1.19148
1.19103
1.19067
1.19042
1.19027
1.19022
1.19025
1.19034
1.19046
1.19057
1.19064
1.19063
1.19052
1.19027
1.18987
1.18932
1.18863
1.18783
1.18696
1.18609
1.1853
1.18469
1.18433
1.18432
1.1847
1.18549
1.18669
1.18824
1.19008
1.19212
1.19427
1.19645
1.19858
1.2006
1.20246
1.20412
1.20553
1.20668
1.2075
1.20797
1.20802
1.20759
1.20662
1.20504
1.20282
1.19997
1.19654
1.19268
1.18854
1.18425
1.17986
1.17533
1.17058
1.16576
1.16133
1.15803
1.15661
1.15736
1.16001
1.16389
1.16831
1.17276
1.17698
1.18085
1.18435
1.18745
1.19015
1.19244
1.19431
1.1958
1.1969
1.19767
1.19812
1.19831
1.19829
1.19812
1.19785
1.19754
1.19726
1.19705
1.19695
1.19695
1.19707
1.19727
1.19747
1.19761
1.19757
1.19726
1.19661
1.19558
1.19421
1.19256
1.19079
1.18906
1.18753
1.18637
1.1857
1.18563
1.1862
1.18744
1.18932
1.19176
1.19463
1.19777
1.20103
1.20425
1.20734
1.21019
1.21275
1.21498
1.21687
1.21841
1.21961
1.22048
1.22102
1.22126
1.2212
1.22087
1.22025
1.21937
1.2182
1.21673
1.21493
1.21273
1.21011
1.20706
1.20365
1.20005
1.19647
1.19322
1.19058
1.18878
1.18799
1.18829
1.1897
1.19214
1.19548
1.1995
1.20391
1.20843
1.21277
1.21671
1.2201
1.22284
1.22492
1.22635
1.2272
1.22753
1.22741
1.22692
1.22611
1.22504
1.22374
1.22226
1.22064
1.21898
1.21739
1.21603
1.21507
1.21462
1.21477
1.21548
1.21663
1.21806
1.21961
1.22117
1.22266
1.22408
1.22543
1.22674
1.22799
1.22917
1.23024
1.23111
1.23168
1.23183
1.23144
1.23041
1.22872
1.22639
1.22357
1.2205
1.21749
1.2149
1.21304
1.21215
1.21237
1.2137
1.21603
1.2192
1.22294
1.22697
1.23101
1.23481
1.23819
1.24105
1.24338
1.24522
1.24662
1.24767
1.24846
1.24906
1.24953
1.24994
1.25032
1.2507
1.2511
1.25152
1.25196
1.25239
1.25278
1.25306
1.25319
1.25307
1.25262
1.25176
1.25042
1.24855
1.24616
1.24337
1.24035
1.23742
1.23496
1.23335
1.23286
1.2336
1.2354
1.23793
1.24075
1.24346
1.24579
1.24766
1.24918
1.25055
1.25201
1.25373
1.25575
1.25801
1.26039
1.26283
1.2653
1.26788
1.27063
1.27357
1.27661
1.2796
1.28231
1.28451
1.28603
1.28674
1.2866
1.28565
1.28401
1.28187
1.27949
1.27718
1.27525
1.27395
1.27345
1.27376
1.27479
1.27634
1.27816
1.28001
1.2817
1.28314
1.28427
1.28513
1.28579
1.28633
1.28682
1.28725
1.28759
1.28771
1.28748
1.28677
1.28553
1.28381
1.28174
1.27955
1.27739
1.2753
1.27323
1.27109
1.26892
1.26699
1.26575
1.26556
1.26646
1.26813
1.2699
1.27104
1.27092
1.2691
1.26536
1.25977
1.25277
1.24523
1.23839
1.23351
1.23136
1.2319
1.23438
1.23779
1.24131
1.24442
1.24692
1.24877
1.25
1.25069
1.25092
1.25074
1.25023
1.24943
1.24838
1.24713
1.24569
1.24407
1.2423
1.24035
1.2382
1.23584
1.23322
1.2303
1.22707
1.22353
1.21974
1.21584
1.21207
1.20871
1.20606
1.20436
1.20367
1.20387
1.20471
1.20587
1.20705
1.20801
1.20859
1.20871
1.20834
1.20745
1.20605
1.20414
1.20176
1.19898
1.19596
1.19291
1.19015
1.18803
1.18684
1.18673
1.18765
1.18938
1.19159
1.19394
1.19615
1.19802
1.19942
1.20029
1.20058
1.20024
1.19921
1.19744
1.19489
1.19157
1.18761
1.18329
1.17911
1.17568
1.17362
1.17325
1.17441
1.17632
1.17762
1.17657
1.17123
1.16001
1.14308
1.12437
1.11171
1.11173
1.12351
1.14043
1.15678
1.17039
1.18115
1.18952
1.19591
1.20065
1.20405
1.20639
1.20793
1.20891
1.20948
1.2098
1.20996
1.21003
1.21006
1.21007
1.21008
1.21006
1.21001
1.20988
1.20964
1.20923
1.2086
1.2077
1.20649
1.20499
1.20323
1.20133
1.19942
1.19769
1.19627
1.19524
1.19458
1.19418
1.19389
1.19356
1.19313
1.19262
1.19214
1.19184
1.1919
1.19245
1.19353
1.19512
1.1971
1.19932
1.20163
1.20395
1.20627
1.20863
1.21113
1.21388
1.21693
1.22029
1.22387
1.22758
1.23128
1.23482
1.23809
1.24096
1.24332
1.24508
1.24609
1.24623
1.24532
1.2432
1.23972
1.2348
1.22845
1.22091
1.21275
1.20488
1.19851
1.19484
1.19454
1.19739
1.20237
1.20808
1.21331
1.2173
1.21978
1.22081
1.22066
1.21969
1.2183
1.21684
1.21568
1.21509
1.21524
1.21615
1.21769
1.2196
1.22159
1.22344
1.22504
1.22634
1.22736
1.22813
1.22867
1.22897
1.22897
1.22862
1.22786
1.22664
1.22497
1.22293
1.22066
1.21842
1.21648
1.21512
1.21456
1.21487
1.21596
1.21767
1.21974
1.22194
1.22405
1.22591
1.22737
1.22835
1.2288
1.22867
1.22799
1.22677
1.22506
1.22291
1.22036
1.21743
1.21418
1.21071
1.20721
1.20396
1.2013
1.19954
1.19885
1.19919
1.20037
1.20207
1.20398
1.20582
1.20735
1.20842
1.2089
1.20873
1.20786
1.20625
1.20395
1.20103
1.19774
1.19455
1.19214
1.19127
1.19247
1.19574
1.20054
1.20603
1.21138
1.21606
1.21986
1.22278
1.22498
1.22659
1.22778
1.22861
1.22911
1.22927
1.22904
1.22834
1.22713
1.22535
1.22301
1.22021
1.21717
1.21418
1.21164
1.2099
1.20912
1.20925
1.20998
1.21086
1.21144
1.21132
1.21027
1.20814
1.20494
1.20082
1.19613
1.19141
1.18732
1.1845
1.1833
1.18365
1.1851
1.18699
1.18873
1.18989
1.1903
1.18993
1.18888
1.18731
1.18544
1.1835
1.18176
1.18044
1.17976
1.17984
1.18068
1.18224
1.18442
1.18709
1.19012
1.19336
1.19666
1.19987
1.20284
1.20546
1.20767
1.20943
1.21074
1.21165
1.21218
1.2124
1.21234
1.21206
1.21159
1.21098
1.21024
1.20942
1.20852
1.20757
1.20658
1.20557
1.20453
1.20348
1.20242
1.20132
1.20016
1.19892
1.19755
1.19602
1.19428
1.19232
1.19017
1.18788
1.18557
1.18339
1.18148
1.17996
1.1789
1.17828
1.17804
1.17806
1.17823
1.17841
1.1785
1.17841
1.17805
1.17736
1.17634
1.17505
1.17358
1.17211
1.17086
1.17005
1.16989
1.17053
1.17204
1.17437
1.17741
1.18096
1.18479
1.18866
1.19238
1.19578
1.19876
1.20125
1.20321
1.20466
1.20561
1.20611
1.20624
1.20608
1.20571
1.20524
1.20474
1.2043
1.20395
1.20371
1.20355
1.20342
1.20328
1.20304
1.20266
1.20209
1.20132
1.20037
1.19925
1.19803
1.19677
1.19553
1.1944
1.1934
1.19256
1.19184
1.1912
1.19054
1.18978
1.18884
1.18766
1.18623
1.18458
1.18279
1.18099
1.17937
1.17814
1.17755
1.1778
1.17898
1.18105
1.1838
1.18694
1.19013
1.1931
1.19567
1.19776
1.19939
1.20063
1.20158
1.20235
1.20304
1.20372
1.20445
1.20527
1.20617
1.20715
1.20816
1.20919
1.21016
1.21104
1.21177
1.21231
1.21261
1.21265
1.21243
1.21198
1.21135
1.21064
1.20997
1.20945
1.20917
1.20917
1.20943
1.20984
1.21025
1.21048
1.21036
1.20977
1.20866
1.20707
1.20509
1.20281
1.20031
1.1976
1.19466
1.19151
1.18833
1.1855
1.18354
1.18285
1.18353
1.18527
1.18749
1.18964
1.19141
1.19291
1.19457
1.19692
1.20028
1.20455
1.20925
1.21378
1.21761
1.22048
1.22233
1.22327
1.22346
1.2231
1.22235
1.22133
1.22015
1.21886
1.21753
1.21621
1.21493
1.21373
1.21263
1.21163
1.21076
1.21
1.20936
1.20881
1.20835
1.20798
1.20772
1.20757
1.20758
1.20779
1.20822
1.20891
1.20986
1.21108
1.21254
1.21421
1.21607
1.21804
1.22006
1.22208
1.22401
1.22581
1.22742
1.22882
1.22998
1.23089
1.23155
1.23195
1.2321
1.23197
1.23158
1.23091
1.22996
1.22873
1.22722
1.22545
1.22345
1.22126
1.21897
1.2167
1.21466
1.21306
1.21216
1.21218
1.21322
1.21525
1.21808
1.22144
1.22498
1.22843
1.23156
1.23424
1.23642
1.23807
1.23925
1.23997
1.24027
1.24015
1.23961
1.23865
1.23727
1.23553
1.23353
1.23148
1.22967
1.22842
1.228
1.22853
1.22994
1.23198
1.23428
1.23649
1.23833
1.23964
1.24039
1.24062
1.24043
1.23997
1.23939
1.23883
1.2384
1.23818
1.23823
1.23852
1.23899
1.23957
1.24015
1.24066
1.24102
1.24122
1.24126
1.2412
1.24109
1.24103
1.24109
1.24136
1.24187
1.24263
1.24363
1.24481
1.24609
1.2474
1.24864
1.24972
1.25058
1.25116
1.25142
1.25134
1.25093
1.25023
1.24929
1.24819
1.24703
1.24587
1.2448
1.24382
1.24296
1.24218
1.24142
1.24065
1.23981
1.23887
1.23785
1.23678
1.23573
1.23478
1.23399
1.23338
1.23288
1.23237
1.23169
1.23064
1.2291
1.22698
1.22432
1.22124
1.218
1.21495
1.21246
1.2109
1.21051
1.21139
1.21345
1.21647
1.22011
1.22402
1.22788
1.23144
1.23454
1.23708
1.23903
1.24037
1.24115
1.24139
1.24115
1.24048
1.23942
1.23804
1.2364
1.23455
1.23256
1.23049
1.22837
1.22624
1.2241
1.22194
1.21972
1.21742
1.21504
1.21263
1.2103
1.2082
1.20649
1.20527
1.2046
1.20447
1.20487
1.20577
1.20715
1.20899
1.21122
1.21373
1.21635
1.21893
1.22131
1.22339
1.2251
1.22642
1.22735
1.2279
1.22809
1.22794
1.22747
1.2267
1.22566
1.22438
1.22293
1.22142
1.21997
1.21875
1.2179
1.21755
1.21777
1.21852
1.21972
1.22124
1.22291
1.22461
1.22623
1.22769
1.22894
1.22994
1.23067
1.23109
1.23117
1.23088
1.23019
1.22911
1.22764
1.22586
1.22386
1.22181
1.21995
1.21855
1.21786
1.21808
1.21924
1.22118
1.22362
1.22618
1.22848
1.23022
1.23118
1.23127
1.23051
1.22903
1.22705
1.22484
1.22267
1.22078
1.21933
1.21835
1.21783
1.21767
1.21774
1.21793
1.21815
1.21831
1.21836
1.21831
1.21819
1.21808
1.21809
1.21838
1.21909
1.22027
1.22191
1.22384
1.2258
1.2275
1.22865
1.22907
1.22869
1.22761
1.2261
1.22456
1.22343
1.22306
1.2236
1.22495
1.22681
1.2288
1.23061
1.232
1.23287
1.23319
1.23297
1.23223
1.23097
1.22917
1.22678
1.22381
1.22032
1.21659
1.21309
1.21048
1.20935
1.21001
1.21231
1.21567
1.21936
1.22272
1.22535
1.22704
1.22779
1.22769
1.22686
1.22544
1.22357
1.22133
1.21876
1.21582
1.21241
1.20842
1.20378
1.19864
1.19347
1.18908
1.18634
1.18575
1.18712
1.18966
1.19239
1.19463
1.19617
1.19721
1.19818
1.1995
1.20138
1.20382
1.20662
1.20948
1.21211
1.2143
1.21593
1.21696
1.2174
1.21733
1.21681
1.21594
1.21479
1.21346
1.21203
1.21059
1.20924
1.20806
1.20715
1.20659
1.20643
1.20668
1.20728
1.20814
1.2091
1.21001
1.21066
1.21089
1.21056
1.20962
1.2081
1.20617
1.20417
1.20251
1.20162
1.20178
1.203
1.20505
1.2075
1.20995
1.21205
1.21361
1.2146
1.21506
1.21511
1.21491
1.21465
1.21447
1.2145
1.21482
1.21544
1.21634
1.21744
1.21864
1.21988
1.22107
1.22216
1.22312
1.22395
1.22462
1.22513
1.22546
1.2256
1.22553
1.2252
1.22463
1.22383
1.22287
1.22187
1.22102
1.22052
1.22057
1.22126
1.22259
1.22443
1.22653
1.22866
1.23056
1.23207
1.23309
1.23356
1.23353
1.23305
1.23225
1.23127
1.23028
1.22944
1.22889
1.2287
1.22891
1.22946
1.23025
1.23115
1.23202
1.23276
1.23331
1.23369
1.23392
1.23408
1.23424
1.23444
1.23469
1.23494
1.23517
1.23531
1.23535
1.23529
1.23514
1.23495
1.23476
1.23458
1.23444
1.23428
1.23407
1.23373
1.23321
1.23245
1.23143
1.23018
1.22876
1.2273
1.22598
1.22499
1.22453
1.22475
1.22568
1.22727
1.22939
1.23185
1.23444
1.23701
1.23943
1.24163
1.2436
1.24532
1.24682
1.24813
1.24928
1.25027
1.25112
1.25182
1.25237
1.25271
1.25283
1.25267
1.2522
1.25138
1.25021
1.24871
1.24695
1.24503
1.2431
1.24133
1.23989
1.23895
1.23859
1.23884
1.2396
1.24073
1.24202
1.24327
1.24431
1.24508
1.24561
1.24601
1.24645
1.24709
1.24804
1.24936
1.25107
1.25312
1.25542
1.25784
1.2602
1.26233
1.26408
1.26534
1.26605
1.26623
1.26593
1.26523
1.26418
1.26286
1.26127
1.25944
1.25739
1.25512
1.2527
1.25021
1.24773
1.24537
1.24322
1.24137
1.23993
1.23907
1.239
1.23993
1.242
1.24518
1.24926
1.25388
1.25865
1.26322
1.26734
1.27087
1.27376
1.27605
1.27779
1.27908
1.27998
1.28058
1.28094
1.28109
1.28107
1.28088
1.28053
1.28001
1.27929
1.27833
1.27711
1.27557
1.27367
1.27138
1.26867
1.26553
1.26198
1.25811
1.25403
1.24994
1.2461
1.24279
1.24024
1.23861
1.23786
1.23784
1.23826
1.23881
1.23925
1.2395
1.23967
1.24
1.24083
1.24244
1.24494
1.24821
1.25194
1.25577
1.25933
1.26238
1.26477
1.26643
1.26738
1.26764
1.26728
1.26636
1.26494
1.26307
1.26084
1.25833
1.25567
1.253
1.25049
1.24834
1.24674
1.24585
1.24577
1.24648
1.24787
1.24976
1.25194
1.2542
1.25639
1.25841
1.26023
1.26184
1.26328
1.26456
1.26575
1.26686
1.26793
1.26896
1.26996
1.27094
1.27189
1.2728
1.27367
1.2745
1.27529
1.27605
1.27682
1.27762
1.27849
1.27947
1.2806
1.28192
1.28342
1.2851
1.28694
1.2889
1.29091
1.29294
1.29492
1.29679
1.29846
1.29987
1.30091
1.30145
1.30136
1.30048
1.29868
1.29584
1.29199
1.28729
1.28219
1.2774
1.27381
1.27219
1.27288
1.27566
1.27979
1.28438
1.28866
1.29217
1.29475
1.29649
1.29763
1.29847
1.29934
1.30046
1.30196
1.30383
1.30593
1.30806
1.31
1.31158
1.31267
1.3132
1.31315
1.31249
1.31115
1.30891
1.30539
1.29997
1.29194
1.28089
1.26744
1.25413
1.24514
1.24386
1.25009
1.2604
1.27099
1.27976
1.28632
1.29111
1.29473
1.29764
1.30005
1.30195
1.30324
1.3038
1.30359
1.30266
1.3012
1.29948
1.29781
1.2965
1.29576
1.29566
1.29614
1.29698
1.2979
1.2986
1.29875
1.29805
1.29619
1.29287
1.28789
1.28128
1.27351
1.26564
1.25921
1.25555
1.25512
1.25719
1.26044
1.26369
1.26639
1.2685
1.27031
1.2721
1.27403
1.27606
1.27805
1.2798
1.28114
1.28195
1.28219
1.2819
1.28119
1.28021
1.27914
1.2781
1.2772
1.27646
1.27583
1.27524
1.27461
1.27387
1.27298
1.27193
1.27074
1.26943
1.26805
1.26667
1.26537
1.26427
1.26347
1.26302
1.26294
1.26316
1.26355
1.26393
1.26412
1.26398
1.26338
1.26225
1.26061
1.25854
1.25619
1.25382
1.25172
1.25016
1.24934
1.24927
1.24978
1.25053
1.25117
1.25139
1.25104
1.25017
1.24902
1.24799
1.24754
1.24803
1.2496
1.25214
1.25532
1.25875
1.26208
1.26506
1.26756
1.26952
1.27098
1.27198
1.2726
1.27288
1.27289
1.27268
1.27226
1.27167
1.27088
1.26988
1.2686
1.26694
1.26474
1.26178
1.25781
1.25255
1.24583
1.23775
1.22893
1.22072
1.21494
1.21316
1.21578
1.22184
1.22962
1.23758
1.24477
1.25079
1.25564
1.25943
1.26231
1.26441
1.26582
1.26661
1.26682
1.2665
1.2657
1.26448
1.26296
1.26129
1.25963
1.25819
1.25711
1.25649
1.25635
1.2566
1.25709
1.25767
1.25818
1.25853
1.25864
1.25846
1.25795
1.25707
1.25576
1.254
1.25182
1.24933
1.24679
1.24464
1.24344
1.24373
1.24579
1.24945
1.25414
1.25911
1.26365
1.26734
1.27
1.27167
1.27251
1.27273
1.27257
1.27219
1.27177
1.2714
1.27114
1.27099
1.2709
1.27081
1.27062
1.27023
1.26957
1.2686
1.26735
1.26591
1.26441
1.26303
1.26195
1.2613
1.26115
1.26147
1.26217
1.26305
1.26391
1.26455
1.26483
1.26468
1.26419
1.2635
1.26287
1.26252
1.26269
1.26349
1.26496
1.26702
1.2695
1.2722
1.27489
1.27738
1.27949
1.28109
1.28212
1.28258
1.28253
1.2821
1.28143
1.28072
1.28013
1.27981
1.27985
1.28026
1.281
1.282
1.28312
1.28424
1.28523
1.28594
1.28624
1.286
1.28511
1.28347
1.28108
1.27804
1.27459
1.27118
1.26837
1.26668
1.26639
1.26742
1.26935
1.27159
1.2736
1.275
1.27564
1.27554
1.27489
1.27395
1.27303
1.27243
1.27241
1.27311
1.27455
1.27665
1.27923
1.28209
1.28502
1.28786
1.29048
1.29282
1.29484
1.29657
1.29807
1.29945
1.30084
1.30234
1.30405
1.306
1.30818
1.31045
1.31261
1.3144
1.31544
1.31532
1.31355
1.30961
1.30305
1.29356
1.28119
1.26648
1.2505
1.23474
1.22086
1.21054
1.20546
1.20697
1.21527
1.22881
1.24478
1.26042
1.27397
1.28481
1.29307
1.29924
1.30386
1.30737
1.3101
1.31222
1.31383
1.31496
1.31563
1.31584
1.31562
1.31501
1.31406
1.31287
1.31154
1.31016
1.30884
1.30764
1.3066
1.30569
1.30484
1.30397
1.30294
1.30167
1.30005
1.29802
1.29558
1.29273
1.28951
1.286
1.28228
1.27843
1.27455
1.27076
1.26721
1.2641
1.26165
1.2601
1.25959
1.26014
1.26159
1.26369
1.26611
1.26854
1.27076
1.27262
1.2741
1.27521
1.27604
1.27668
1.27725
1.27783
1.27847
1.2792
1.27998
1.28077
1.28147
1.28196
1.28211
1.28176
1.28072
1.27879
1.27574
1.27139
1.26566
1.25878
1.25146
1.24496
1.24082
1.24015
1.24298
1.24828
1.2545
1.26038
1.2652
1.26874
1.27109
1.27245
1.27306
1.27313
1.27282
1.27225
1.27154
1.27073
1.26986
1.26894
1.26795
1.26682
1.26548
1.2638
1.26166
1.25893
1.25551
1.25141
1.24674
1.24187
1.23733
1.23385
1.23211
1.23259
1.23535
1.24001
1.24585
1.25206
1.25791
1.26286
1.26659
1.26896
1.27
1.26986
1.26878
1.26709
1.26517
1.26338
1.26208
1.26156
1.26198
1.26336
1.26557
1.26838
1.2715
1.27464
1.27756
1.28012
1.28222
1.28382
1.28494
1.28559
1.28579
1.28558
1.28497
1.284
1.2827
1.28113
1.27935
1.27745
1.27547
1.27348
1.27147
1.26944
1.26732
1.26505
1.26259
1.25994
1.2572
1.25458
1.25242
1.25113
1.2511
1.25253
1.25538
1.25935
1.26398
1.26883
1.27351
1.2778
1.28157
1.28475
1.28735
1.28936
1.29079
1.29163
1.29187
1.29151
1.29054
1.289
1.28694
1.28446
1.28174
1.27897
1.2764
1.2742
1.27248
1.27119
1.27015
1.26908
1.2677
1.2658
1.26334
1.26046
1.25747
1.25474
1.25269
1.25166
1.25185
1.25332
1.25599
1.25959
1.26377
1.26809
1.27218
1.2757
1.27846
1.28035
1.28134
1.28148
1.28087
1.27964
1.27794
1.27593
1.2738
1.27171
1.26982
1.26825
1.26706
1.26627
1.26586
1.26576
1.2659
1.2662
1.26662
1.26716
1.26784
1.26871
1.26983
1.27122
1.27291
1.27483
1.27692
1.27907
1.28116
1.2831
1.28476
1.28607
1.28692
1.28723
1.2869
1.28583
1.2839
1.28101
1.27705
1.27197
1.26583
1.25887
1.25157
1.24466
1.23904
1.23556
1.23471
1.23643
1.24014
1.24498
1.25011
1.25491
1.25905
1.2624
1.26499
1.26693
1.26833
1.26932
1.27001
1.27051
1.27091
1.27127
1.27164
1.27207
1.27258
1.27316
1.27382
1.27454
1.27529
1.27606
1.27683
1.27759
1.27833
1.27906
1.27978
1.28051
1.28126
1.28203
1.28282
1.28361
1.2844
1.28516
1.28585
1.28645
1.28691
1.28717
1.28718
1.28689
1.28627
1.28531
1.28405
1.28258
1.28105
1.27961
1.27844
1.27767
1.27736
1.2775
1.27803
1.27887
1.27993
1.28113
1.2824
1.28368
1.28493
1.2861
1.28712
1.28795
1.28852
1.28876
1.28862
1.28803
1.28696
1.2854
1.28339
1.28105
1.2786
1.27636
1.27464
1.27374
1.27381
1.2749
1.27695
1.27985
1.28345
1.28755
1.29193
1.29632
1.30047
1.30416
1.3072
1.30944
1.31075
1.31099
1.30999
1.3076
1.30375
1.29854
1.2924
1.28618
1.28103
1.27796
1.27738
1.27885
1.28141
1.28408
1.28625
1.28775
1.28866
1.28921
1.28959
1.2899
1.29016
1.29034
1.29039
1.29026
1.28996
1.28949
1.28889
1.28819
1.2874
1.28654
1.28558
1.28449
1.28321
1.28164
1.27971
1.27729
1.27428
1.27057
1.26608
1.26082
1.25497
1.24897
1.24355
1.23964
1.23805
1.23912
1.24253
1.24749
1.25305
1.25849
1.26335
1.26745
1.27079
1.27342
1.27545
1.27695
1.278
1.27863
1.27888
1.27876
1.27828
1.27743
1.27618
1.27452
1.27242
1.26983
1.26672
1.26308
1.25892
1.25431
1.24944
1.24461
1.24027
1.23691
1.23493
1.23452
1.23553
1.23757
1.24009
1.24264
1.24487
1.24659
1.24773
1.24831
1.24837
1.248
1.24724
1.24619
1.24491
1.24349
1.24198
1.24046
1.23896
1.2375
1.23609
1.23475
1.2335
1.23238
1.23146
1.2308
1.23043
1.23031
1.23036
1.23041
1.23029
1.22977
1.22865
1.22674
1.22391
1.22016
1.21569
1.21102
1.20696
1.20447
1.20423
1.20632
1.21015
1.2148
1.21939
1.22333
1.22638
1.22852
1.22989
1.23063
1.2309
1.23084
1.23056
1.23012
1.22958
1.22898
1.22831
1.2276
1.22682
1.22596
1.225
1.2239
1.22262
1.22115
1.21945
1.21752
1.21538
1.2131
1.21076
1.20849
1.20646
1.2048
1.20363
1.20299
1.20287
1.20317
1.20381
1.20471
1.20589
1.20744
1.20947
1.21209
1.21528
1.2189
1.22275
1.22658
1.23015
1.23331
1.23597
1.23809
1.23968
1.24076
1.24135
1.24148
1.24118
1.24048
1.23942
1.23804
1.23638
1.2345
1.2324
1.2301
1.22758
1.22481
1.22184
1.2188
1.21598
1.21378
1.21264
1.21282
1.21428
1.21671
1.21967
1.22278
1.22587
1.22898
1.23224
1.23577
1.23958
1.24352
1.24738
1.25089
1.25386
1.25617
1.25777
1.25869
1.25899
1.25876
1.25813
1.25723
1.25625
1.25539
1.25486
1.25482
1.25538
1.25651
1.25805
1.25975
1.26132
1.26244
1.26288
1.26248
1.26118
1.25902
1.25614
1.25277
1.24922
1.24579
1.2428
1.24049
1.239
1.23837
1.23853
1.2393
1.24044
1.24171
1.24283
1.24361
1.24395
1.24382
1.24332
1.24264
1.242
1.24164
1.24174
1.24243
1.24371
1.24552
1.24773
1.25016
1.25266
1.2551
1.25739
1.25946
1.26131
1.26292
1.26431
1.26549
1.26649
1.26733
1.268
1.26849
1.26876
1.26872
1.26824
1.26712
1.26505
1.26162
1.2563
1.24849
1.2377
1.22382
1.20764
1.19131
1.1782
1.17186
1.17418
1.18417
1.19847
1.21312
1.22509
1.23272
1.23551
1.23376
1.22865
1.22227
1.21718
1.21518
1.21619
1.21863
1.22106
1.22338
1.22657
1.23144
1.23772
1.24419
1.24954
1.25308
1.25481
1.25519
1.25488
1.25438
1.25399
1.25374
1.25349
1.2531
1.25252
1.25194
1.25179
1.2527
1.25522
1.25958
1.26548
1.27218
1.27888
1.28491
1.28989
1.29369
1.29634
1.29788
1.29839
1.29786
1.29625
1.29346
1.28938
1.28392
1.2771
1.2692
1.26079
1.25281
1.24638
1.24255
1.24187
1.24429
1.24921
1.25576
1.26307
1.2704
1.27721
1.28314
1.28797
1.2916
1.29401
1.29528
1.29551
1.29486
1.29351
1.29164
1.28942
1.28697
1.2844
1.28185
1.27952
1.27772
1.2768
1.27704
1.27855
1.28119
1.28463
1.28853
1.29259
1.29659
1.30039
1.30382
1.3067
1.30882
1.31005
1.31031
1.30961
1.30808
1.30589
1.30328
1.3005
1.2978
1.29539
1.29343
1.29202
1.2912
1.29092
1.29108
1.29154
1.29214
1.29279
1.29345
1.29417
1.29507
1.29627
1.29784
1.29973
1.30178
1.30378
1.30546
1.30666
1.30725
1.3072
1.30653
1.30529
1.30353
1.30134
1.29889
1.29649
1.29456
1.2936
1.29392
1.29552
1.29803
1.30081
1.30318
1.30455
1.30451
1.30282
1.2994
1.29454
1.28896
1.284
1.2813
1.28215
1.28673
1.29399
1.30237
1.31049
1.31755
1.32328
1.32773
1.33104
1.3334
1.3349
1.33563
1.3356
1.33478
1.33314
1.33066
1.32737
1.32339
1.31898
1.31453
1.31058
1.30772
1.30635
1.30653
1.30783
1.30945
1.31045
1.31003
1.30768
1.30322
1.29682
1.28893
1.2802
1.27142
1.26336
1.25668
1.25176
1.24876
1.24767
1.2485
1.25126
1.25591
1.26221
1.26969
1.2777
1.28562
1.29296
1.29941
1.30488
1.30935
1.31288
1.31549
1.31722
1.31808
1.31809
1.3173
1.31585
1.31403
1.31227
1.31111
1.31102
1.31222
1.31458
1.31759
1.32066
1.32325
1.32501
1.32582
1.32571
1.32481
1.32327
1.32126
1.31894
1.31646
1.31403
1.31184
1.31008
1.3089
1.3083
1.30812
1.30806
1.30772
1.30671
1.30475
1.3018
1.29812
1.2943
1.29115
1.28943
1.28956
1.29141
1.29434
1.29753
1.30018
1.30177
1.302
1.30084
1.29852
1.29551
1.29259
1.29068
1.29057
1.29253
1.29621
1.30072
1.30506
1.3084
1.31021
1.31026
1.30851
1.30506
1.30012
1.29406
1.28738
1.28076
1.27496
1.27062
1.26814
1.26759
1.26876
1.27125
1.27466
1.27863
1.28285
1.28705
1.29104
1.29464
1.29774
1.30027
1.30221
1.30357
1.30435
1.30453
1.30405
1.30271
1.30019
1.29595
1.28924
1.27932
1.26602
1.25091
1.23813
1.23298
1.23781
1.24975
1.26348
1.27514
1.28342
1.28855
1.29129
1.29237
1.29232
1.29154
1.29032
1.28888
1.28741
1.28603
1.28483
1.2838
1.28287
1.28193
1.28086
1.27953
1.2779
1.27594
1.2737
1.27126
1.26874
1.26624
1.26386
1.26164
1.25961
1.25774
1.25603
1.25446
1.25309
1.25207
1.25158
1.25183
1.25294
1.2549
1.25751
1.26047
1.26347
1.26621
1.26849
1.27019
1.27124
1.27158
1.27114
1.26983
1.26753
1.26411
1.25954
1.25393
1.24777
1.24191
1.2375
1.23557
1.23651
1.2399
1.24476
1.25004
1.25501
1.25929
1.2628
1.26558
1.26774
1.26937
1.27053
1.27126
1.27156
1.27148
1.27106
1.27042
1.26972
1.26919
1.26904
1.26947
1.27051
1.27205
1.27385
1.27558
1.27694
1.27768
1.27764
1.27679
1.27517
1.2729
1.27016
1.26718
1.26423
1.26154
1.25934
1.25781
1.25705
1.25712
1.25801
1.25967
1.26202
1.26489
1.26812
1.27149
1.27482
1.27794
1.28076
1.28319
1.28522
1.28686
1.28814
1.2891
1.2898
1.29031
1.29067
1.29094
1.29117
1.29139
1.29162
1.29186
1.2921
1.29227
1.29229
1.29203
1.29133
1.28992
1.28748
1.28362
1.27795
1.27028
1.26103
1.25158
1.24429
1.24153
1.24414
1.25081
1.25908
1.26685
1.27302
1.27737
1.28007
1.28139
1.28154
1.28064
1.27876
1.27594
1.27229
1.26802
1.26346
1.25905
1.2552
1.25215
1.24989
1.24814
1.24648
1.24452
1.24208
1.2393
1.23662
1.23477
1.23448
1.23618
1.23982
1.24483
1.25043
1.25592
1.26082
1.26491
1.26813
1.27055
1.27229
1.27346
1.27418
1.27453
1.2746
1.27446
1.27415
1.27371
1.27316
1.27253
1.2718
1.27099
1.27007
1.26903
1.26783
1.26646
1.26487
1.26306
1.26101
1.25872
1.25622
1.25357
1.25084
1.24815
1.24563
1.24339
1.24155
1.24019
1.23935
1.23902
1.23915
1.23968
1.24054
1.24165
1.24295
1.24439
1.24591
1.24745
1.24891
1.25018
1.25115
1.25164
1.25152
1.25061
1.2488
1.24606
1.24252
1.2385
1.23453
1.23128
1.22932
1.2289
1.22982
1.23156
1.23349
1.23511
1.23614
1.2365
1.23629
1.2357
1.23498
1.23437
1.23411
1.23436
1.23522
1.23669
1.23868
1.24103
1.24356
1.24609
1.24847
1.2506
1.2524
1.25385
1.25493
1.25564
1.256
1.25603
1.25575
1.25517
1.25431
1.2532
1.25186
1.2503
1.24855
1.24663
1.24456
1.24237
1.24009
1.23779
1.23554
1.23342
1.23151
1.22986
1.2285
1.22739
1.22651
1.22583
1.22533
1.22505
1.22503
1.22533
1.22593
1.22681
1.22784
1.22887
1.22966
1.22994
1.22944
1.22789
1.22523
1.22169
1.21799
1.21524
1.21459
1.21665
1.22108
1.22687
1.23283
1.23809
1.24221
1.24512
1.24688
1.24766
1.24759
1.24681
1.24543
1.24356
1.24133
1.23888
1.23638
1.23402
1.23201
1.23053
1.22967
1.22941
1.22963
1.23009
1.23053
1.2307
1.23045
