1.76816
1.76816
1.76816
1.76816
1.76816
1.76816
1.76816
1.76816
1.76816
1.76816
1.76816
1.76816
1.76815
1.76814
1.76814
1.76813
1.76811
1.76809
1.76807
1.76805
1.76803
1.768
1.76799
1.76796
1.76793
1.7679
1.76787
1.76784
1.76781
1.7678
1.76777
1.76774
1.76773
1.76771
1.76768
1.76766
1.76765
1.76763
1.76762
1.76761
1.76761
1.7676
1.76759
1.76756
1.76756
1.76755
1.76754
1.76753
1.76752
1.76752
1.76752
1.76751
1.76751
1.7675
1.76748
1.76747
1.76745
1.76745
1.76743
1.76742
1.76741
1.7674
1.76739
1.76739
1.76737
1.76736
1.76735
1.76735
1.76734
1.76734
1.76733
1.76732
1.76732
1.7673
1.76728
1.76727
1.76726
1.76726
1.76725
1.76725
1.76724
1.76723
1.76721
1.7672
1.76719
1.76718
1.76717
1.76715
1.76714
1.76713
1.76711
1.7671
1.76709
1.76708
1.76706
1.76705
1.76704
1.76703
1.76701
1.76701
1.76701
1.76702
1.76703
1.76704
1.76708
1.76713
1.7672
1.7673
1.76742
1.76753
1.76765
1.76775
1.7678
1.76778
1.76768
1.76748
1.76723
1.76697
1.76674
1.76658
1.76652
1.76655
1.76666
1.76682
1.76699
1.76713
1.76718
1.76714
1.76701
1.76681
1.7666
1.76646
1.76641
1.76648
1.76662
1.76682
1.76703
1.76723
1.76741
1.76752
1.76758
1.7676
1.76758
1.76756
1.76752
1.76748
1.76747
1.76747
1.76748
1.7675
1.76753
1.76753
1.76748
1.76737
1.7672
1.76698
1.76677
1.76658
1.76646
1.7664
1.76642
1.76649
1.76662
1.76677
1.76692
1.76709
1.76724
1.76736
1.76744
1.76747
1.76745
1.7674
1.76731
1.7672
1.76709
1.767
1.76693
1.7669
1.7669
1.76693
1.76697
1.76702
1.76707
1.76711
1.76715
1.76717
1.76717
1.76717
1.76718
1.76718
1.76718
1.76719
1.7672
1.76719
1.76719
1.76718
1.76717
1.76716
1.76716
1.76716
1.76717
1.76717
1.76717
1.76717
1.76716
1.76714
1.76711
1.76709
1.76706
1.76703
1.76701
1.76701
1.76701
1.76702
1.76704
1.76707
1.76711
1.76716
1.76722
1.76728
1.76734
1.7674
1.76744
1.76746
1.76746
1.76743
1.7674
1.76736
1.76735
1.76735
1.76738
1.76744
1.76753
1.76761
1.76767
1.76768
1.76762
1.76747
1.76724
1.76697
1.76671
1.7665
1.7664
1.7664
1.76652
1.76672
1.76698
1.76727
1.76759
1.76786
1.76803
1.76803
1.7678
1.76739
1.76691
1.76654
1.76635
1.76637
1.76654
1.7668
1.76713
1.76748
1.76784
1.76818
1.76845
1.76861
1.76861
1.76841
1.768
1.76745
1.76685
1.76636
1.76603
1.7659
1.76594
1.76611
1.76632
1.76656
1.76676
1.76693
1.76705
1.76713
1.76718
1.7672
1.7672
1.76718
1.76717
1.76716
1.76714
1.76713
1.76714
1.76714
1.76714
1.76715
1.76715
1.76715
1.76716
1.76716
1.76718
1.7672
1.46082
1.46086
1.46092
1.461
1.4611
1.46121
1.46132
1.4614
1.46142
1.46138
1.46124
1.46103
1.4608
1.4606
1.46046
1.46042
1.46044
1.4605
1.46058
1.46065
1.46071
1.46074
1.46077
1.46077
1.46076
1.46075
1.46073
1.46072
1.46073
1.46074
1.46077
1.46079
1.46082
1.46084
1.46084
1.46083
1.4608
1.46075
1.46072
1.46069
1.46068
1.46069
1.46071
1.46075
1.46078
1.46081
1.46085
1.46086
1.46087
1.46086
1.46085
1.46083
1.46081
1.46079
1.46078
1.46077
1.46076
1.46075
1.46074
1.46073
1.46072
1.46071
1.46071
1.4607
1.46068
1.46068
1.46067
1.46068
1.4607
1.46073
1.46078
1.46083
1.46091
1.461
1.46112
1.46124
1.46137
1.46148
1.46156
1.46159
1.46154
1.46138
1.46113
1.46081
1.46045
1.46013
1.45989
1.45976
1.45973
1.4598
1.45992
1.46007
1.46022
1.46038
1.46052
1.46067
1.46081
1.46095
1.46109
1.46122
1.46131
1.46136
1.46137
1.46132
1.46121
1.46107
1.46093
1.46081
1.46073
1.46069
1.46067
1.46066
1.46066
1.46064
1.46063
1.46062
1.46061
1.46062
1.46064
1.46065
1.46067
1.46068
1.46068
1.46068
1.46068
1.46068
1.46068
1.46069
1.46069
1.4607
1.4607
1.46071
1.46072
1.46072
1.46072
1.46072
1.46072
1.46073
1.46073
1.46073
1.46073
1.46073
1.46073
1.46073
1.46074
1.46074
1.46074
1.46074
1.46075
1.46077
1.46078
1.46078
1.4608
1.46082
1.46084
1.46086
1.46088
1.4609
1.46092
1.46092
1.46091
1.4609
1.46087
1.46084
1.4608
1.46076
1.46073
1.46071
1.46072
1.46073
1.46076
1.46078
1.46081
1.46085
1.46087
1.46088
1.46087
1.46082
1.46077
1.46068
1.46061
1.46054
1.4605
1.46046
1.46046
1.46047
1.46051
1.46055
1.4606
1.46067
1.46074
1.46082
1.4609
1.46098
1.46105
1.46109
1.46111
1.4611
1.46104
1.46095
1.46083
1.4607
1.4606
1.46053
1.46049
1.46049
1.46052
1.46055
1.46057
1.4606
1.46062
1.46063
1.46065
1.46064
1.46065
1.46064
1.46065
1.46066
1.46069
1.46072
1.46075
1.46078
1.46079
1.46078
1.46074
1.46069
1.46064
1.4606
1.46058
1.46058
1.46061
1.46065
1.46072
1.46079
1.46087
1.46092
1.46095
1.46093
1.46088
1.46078
1.46067
1.46054
1.46044
1.46036
1.46033
1.46033
1.46037
1.46043
1.4605
1.46058
1.46065
1.46071
1.46075
1.46078
1.46082
1.46086
1.46091
1.46096
1.46101
1.46107
1.46113
1.46117
1.46119
1.46118
1.46112
1.46102
1.4609
1.46077
1.46065
1.46058
1.46056
1.46058
1.46065
1.46074
1.46083
1.46088
1.4609
1.46087
1.46082
1.46075
1.46068
1.46062
1.46058
1.46055
1.46055
1.46056
1.46058
1.46061
1.46063
1.46063
1.46061
1.46058
1.46055
1.46052
1.46051
1.46052
1.46055
1.4606
1.46065
1.46072
1.47306
1.47314
1.47323
1.47331
1.47339
1.47347
1.47353
1.47355
1.47356
1.47353
1.47347
1.47336
1.47322
1.47306
1.47288
1.47271
1.47258
1.47247
1.47242
1.47242
1.47245
1.47251
1.4726
1.47269
1.47278
1.47288
1.47297
1.47306
1.47314
1.47321
1.47326
1.47329
1.47329
1.47329
1.47326
1.47323
1.4732
1.47319
1.47322
1.47328
1.47336
1.47343
1.47343
1.47334
1.47315
1.47288
1.47262
1.47244
1.47237
1.47241
1.47249
1.47259
1.47268
1.47271
1.47272
1.47271
1.47268
1.47266
1.47265
1.47264
1.47265
1.47268
1.4727
1.47274
1.47278
1.47284
1.47289
1.47297
1.47307
1.47318
1.47333
1.47349
1.47368
1.47388
1.47409
1.47428
1.4744
1.4744
1.47423
1.47387
1.47337
1.47282
1.47234
1.472
1.47183
1.47182
1.47193
1.4721
1.47228
1.47248
1.47264
1.47282
1.47297
1.47314
1.47332
1.47351
1.47369
1.47384
1.47394
1.47394
1.47384
1.47362
1.47334
1.47302
1.47274
1.47253
1.47239
1.4723
1.47224
1.47218
1.47216
1.47216
1.47221
1.4723
1.4724
1.47251
1.47261
1.47271
1.47279
1.47287
1.47293
1.47298
1.47303
1.47309
1.47314
1.4732
1.47327
1.47334
1.47341
1.47347
1.47352
1.47353
1.4735
1.47345
1.47337
1.47327
1.47318
1.47311
1.47306
1.47304
1.47303
1.47302
1.47298
1.47288
1.47275
1.47259
1.47246
1.47236
1.47234
1.4724
1.47254
1.47273
1.47296
1.47318
1.47339
1.47353
1.47362
1.47359
1.47346
1.47322
1.47296
1.47272
1.47259
1.47258
1.47266
1.47279
1.47292
1.47302
1.47309
1.4731
1.47306
1.47297
1.47286
1.47276
1.47267
1.47262
1.47262
1.47265
1.4727
1.47278
1.47287
1.47297
1.47306
1.47314
1.4732
1.47327
1.47333
1.47336
1.47339
1.47341
1.4734
1.47338
1.47334
1.47326
1.47317
1.47305
1.47291
1.47277
1.47266
1.47259
1.47257
1.47261
1.47271
1.47283
1.47297
1.47312
1.47326
1.47338
1.47347
1.47351
1.4735
1.47343
1.47329
1.47311
1.4729
1.47271
1.47256
1.47247
1.47244
1.47247
1.47254
1.47264
1.47275
1.47286
1.47297
1.47307
1.47315
1.47322
1.47327
1.47332
1.47334
1.47335
1.47335
1.47334
1.47332
1.47329
1.47326
1.47323
1.47319
1.47316
1.47314
1.47312
1.4731
1.47311
1.47312
1.47313
1.47315
1.47318
1.47321
1.47322
1.47323
1.47323
1.4732
1.47315
1.47307
1.47299
1.47291
1.47284
1.47277
1.47274
1.47271
1.47271
1.47271
1.47273
1.47276
1.47279
1.47282
1.47285
1.47288
1.47291
1.47293
1.47295
1.47298
1.47302
1.47306
1.47313
1.47321
1.47331
1.47343
1.47358
1.47375
1.47391
1.47403
1.47405
1.47394
1.4737
1.47336
1.47301
1.47272
1.47254
1.47245
1.47246
1.47251
1.47258
1.47266
1.47275
1.47283
1.47293
1.47302
1.47311
1.44096
1.44104
1.44111
1.44116
1.4412
1.44121
1.44118
1.44113
1.44106
1.44097
1.44085
1.44072
1.44059
1.44049
1.44043
1.44043
1.44048
1.44056
1.44062
1.44067
1.44068
1.44066
1.44063
1.44061
1.4406
1.44062
1.4407
1.44083
1.441
1.44121
1.44143
1.44166
1.44186
1.44201
1.44206
1.44198
1.44172
1.44132
1.44083
1.44037
1.44
1.43978
1.43971
1.43975
1.43989
1.44007
1.44028
1.44052
1.44077
1.441
1.44119
1.44135
1.44144
1.44143
1.44132
1.44112
1.44088
1.44066
1.44051
1.44043
1.44044
1.4405
1.44061
1.44072
1.44084
1.44094
1.44103
1.44111
1.44115
1.44117
1.44114
1.44111
1.4411
1.44112
1.4412
1.44131
1.44142
1.4415
1.44152
1.44145
1.44127
1.44105
1.44083
1.44064
1.44052
1.44045
1.44043
1.44045
1.44048
1.44052
1.44056
1.44061
1.44067
1.44074
1.44081
1.44089
1.44097
1.44105
1.44113
1.44122
1.44129
1.44133
1.44136
1.44135
1.44129
1.44121
1.44111
1.441
1.4409
1.4408
1.44073
1.44066
1.4406
1.44056
1.44054
1.44053
1.44055
1.44061
1.44066
1.44071
1.44077
1.44084
1.4409
1.44096
1.44102
1.4411
1.44119
1.44128
1.44138
1.44149
1.44157
1.44162
1.44159
1.44145
1.44119
1.44086
1.44055
1.44033
1.44023
1.44025
1.44034
1.44045
1.44059
1.4407
1.44078
1.44083
1.44087
1.44087
1.44086
1.44083
1.44078
1.44073
1.44068
1.44064
1.44061
1.44059
1.44059
1.4406
1.44061
1.44064
1.44066
1.44068
1.44069
1.4407
1.4407
1.44072
1.44072
1.44073
1.44075
1.44079
1.44082
1.44085
1.44087
1.44089
1.44092
1.44092
1.44095
1.44096
1.44098
1.441
1.44102
1.44104
1.44105
1.44105
1.44103
1.44099
1.44093
1.44085
1.44075
1.44067
1.44061
1.44057
1.44056
1.44058
1.44063
1.44068
1.44074
1.44078
1.4408
1.44079
1.44077
1.44071
1.44066
1.4406
1.44054
1.44052
1.44052
1.44054
1.44061
1.44068
1.44075
1.44081
1.44086
1.44089
1.4409
1.44091
1.4409
1.44091
1.44096
1.44103
1.44112
1.44123
1.44134
1.44146
1.44157
1.44163
1.44162
1.44155
1.44141
1.44121
1.44097
1.44073
1.44052
1.44037
1.44028
1.44022
1.44021
1.44023
1.44026
1.4403
1.44034
1.44039
1.44044
1.44048
1.44053
1.44059
1.44064
1.44069
1.44073
1.44077
1.44082
1.44085
1.4409
1.44094
1.44098
1.44103
1.44107
1.44111
1.44113
1.44115
1.44113
1.44111
1.44104
1.44094
1.44082
1.44067
1.44053
1.44041
1.44034
1.44032
1.44035
1.44043
1.44054
1.44067
1.44079
1.44091
1.441
1.44106
1.44108
1.44105
1.44097
1.44087
1.44076
1.44068
1.44062
1.44062
1.44065
1.44069
1.44075
1.4408
1.44085
1.44088
1.44091
1.44096
1.44102
1.44109
1.44118
1.44128
1.44136
1.44136
1.46975
1.46956
1.46929
1.46901
1.46879
1.46868
1.46869
1.46875
1.46885
1.46895
1.46904
1.4691
1.46913
1.46917
1.46919
1.46921
1.46925
1.46929
1.46935
1.46941
1.4695
1.46961
1.46974
1.46986
1.46997
1.47002
1.46998
1.46981
1.4695
1.46913
1.46876
1.46851
1.46842
1.46846
1.46861
1.4688
1.469
1.46918
1.46936
1.4695
1.46961
1.46969
1.46973
1.46972
1.46968
1.46959
1.46949
1.46938
1.46927
1.46916
1.46908
1.469
1.46897
1.46896
1.46897
1.46899
1.46902
1.46907
1.4691
1.46913
1.46915
1.46919
1.46921
1.46923
1.46926
1.46928
1.4693
1.46931
1.46931
1.4693
1.46931
1.4693
1.46928
1.46927
1.46926
1.46925
1.46924
1.46922
1.46921
1.46921
1.46921
1.46922
1.46922
1.46924
1.46926
1.46929
1.4693
1.46932
1.46934
1.46935
1.46935
1.46935
1.46933
1.46929
1.46924
1.46918
1.46911
1.46904
1.46898
1.46894
1.4689
1.46887
1.46886
1.46886
1.46886
1.46889
1.46891
1.46894
1.46898
1.46903
1.46908
1.46913
1.4692
1.46927
1.46936
1.46945
1.46954
1.46963
1.46971
1.46976
1.46979
1.46981
1.46983
1.46986
1.4699
1.46988
1.46977
1.46954
1.46923
1.46892
1.46868
1.46855
1.46852
1.46854
1.4686
1.46865
1.46872
1.46878
1.46885
1.4689
1.46896
1.46902
1.46908
1.46913
1.46917
1.46921
1.46923
1.46925
1.46925
1.46925
1.46925
1.46923
1.46921
1.46919
1.46918
1.46917
1.46918
1.4692
1.46924
1.46929
1.46936
1.46941
1.46947
1.46949
1.4695
1.46948
1.46943
1.46937
1.46929
1.4692
1.46909
1.469
1.4689
1.46882
1.46876
1.46874
1.46873
1.46875
1.46879
1.46883
1.46888
1.46891
1.46896
1.46901
1.46907
1.46912
1.46917
1.4692
1.46926
1.46928
1.46932
1.46936
1.4694
1.46944
1.4695
1.46957
1.46964
1.4697
1.46975
1.46976
1.46973
1.46966
1.46955
1.46939
1.46923
1.46907
1.4689
1.46875
1.46864
1.46857
1.46854
1.46854
1.46859
1.46867
1.46876
1.46885
1.46895
1.46905
1.46915
1.46921
1.46927
1.46932
1.46937
1.4694
1.46943
1.46946
1.46947
1.46946
1.46944
1.46939
1.46933
1.46923
1.46915
1.46908
1.46902
1.46899
1.46899
1.46899
1.469
1.46902
1.46902
1.46904
1.46904
1.46905
1.46907
1.46911
1.46916
1.46923
1.46932
1.46942
1.46952
1.4696
1.46966
1.46968
1.46964
1.46953
1.46939
1.46923
1.46905
1.4689
1.46877
1.46866
1.46861
1.46859
1.4686
1.46866
1.46873
1.46881
1.4689
1.46896
1.46903
1.46907
1.4691
1.46912
1.46913
1.46914
1.46914
1.46914
1.46913
1.46913
1.46912
1.46913
1.46914
1.46916
1.4692
1.46924
1.4693
1.46937
1.46945
1.46953
1.4696
1.46965
1.46966
1.46962
1.46952
1.46937
1.46918
1.46901
1.46888
1.4688
1.46879
1.46883
1.4689
1.46897
1.46901
1.46901
1.46899
1.46894
1.4689
1.46887
1.46885
1.46884
1.46882
1.4688
1.46878
1.46876
1.46876
1.46879
1.46885
1.46895
1.46907
1.46919
1.46932
1.46943
1.46953
1.46958
1.4696
1.46956
1.46948
1.46937
1.46924
1.46911
1.46902
1.46897
1.46896
1.46896
1.46898
1.46903
1.46907
1.46911
1.46913
1.46915
1.46916
1.46917
1.46919
1.46924
1.4693
1.46939
1.46946
1.46953
1.46956
1.46956
1.46955
1.46955
1.46956
1.46958
1.46956
1.46949
1.46935
1.46918
1.46904
1.46898
1.46902
1.46916
1.46939
1.46965
1.46995
1.4702
1.47035
1.47033
1.47013
1.46976
1.46933
1.46897
1.46875
1.46869
1.46872
1.46881
1.46891
1.46901
1.4691
1.46918
1.46925
1.4693
1.46934
1.46938
1.46942
1.46945
1.46947
1.46949
1.46952
1.46955
1.46958
1.46962
1.46965
1.4697
1.46975
1.46979
1.46981
1.46981
1.46978
1.46969
1.46956
1.46941
1.46926
1.46913
1.46906
1.46904
1.46907
1.46911
1.46918
1.46926
1.46934
1.46942
1.4695
1.46958
1.46965
1.46969
1.46972
1.4697
1.46964
1.46952
1.46936
1.46919
1.46906
1.46897
1.46893
1.46893
1.46898
1.46906
1.46913
1.46922
1.46931
1.46941
1.46953
1.46966
1.46978
1.4699
1.46998
1.47
1.46993
1.46977
1.46952
1.46927
1.46908
1.46906
1.46929
1.46979
1.47057
1.47152
1.47218
1.47187
1.47028
1.46824
1.46697
1.46675
1.46711
1.46756
1.46795
1.46826
1.46854
1.46876
1.46894
1.46907
1.46917
1.46925
1.46929
1.46933
1.46935
1.46935
1.46936
1.46936
1.46936
1.46937
1.46938
1.4694
1.46942
1.46945
1.46948
1.46953
1.46958
1.46962
1.46965
1.46966
1.46965
1.46961
1.46956
1.4695
1.46945
1.46942
1.4694
1.46942
1.46944
1.46945
1.46943
1.46938
1.46932
1.46924
1.46916
1.46909
1.46903
1.46901
1.469
1.469
1.469
1.46898
1.46895
1.46891
1.46886
1.46881
1.46878
1.46878
1.46881
1.46884
1.46889
1.46895
1.46903
1.46912
1.46923
1.46938
1.46955
1.46974
1.46997
1.47019
1.47039
1.47054
1.47057
1.47043
1.4701
1.46962
1.46911
1.46871
1.4685
1.4685
1.46865
1.46887
1.46909
1.4693
1.46945
1.46954
1.46956
1.46953
1.46946
1.46936
1.46925
1.46914
1.46907
1.46903
1.46904
1.46908
1.46911
1.46917
1.4692
1.46923
1.46928
1.4693
1.46936
1.46941
1.46948
1.46955
1.46963
1.46967
1.46967
1.46965
1.46958
1.46946
1.46933
1.4692
1.4691
1.46903
1.46899
1.46899
1.46901
1.46906
1.46912
1.4692
1.46928
1.46936
1.46945
1.46953
1.4696
1.46966
1.46972
1.46978
1.46982
1.46985
1.46984
1.46978
1.46967
1.46952
1.46936
1.46921
1.46911
1.46906
1.46905
1.46908
1.46916
1.46924
1.46932
1.46943
1.46953
1.46962
1.46972
1.4698
1.46981
1.46975
1.46956
1.46927
1.46894
1.46867
1.46851
1.46848
1.46855
1.46867
1.46881
1.46893
1.46904
1.4691
1.46915
1.4692
1.46926
1.46932
1.46939
1.46946
1.46954
1.46963
1.46972
1.46977
1.46978
1.46975
1.46965
1.46951
1.46936
1.46924
1.46919
1.4692
1.46927
1.46941
1.46957
1.46974
1.46989
1.47001
1.47005
1.47
1.46985
1.46962
1.46936
1.46915
1.46905
1.46903
1.46908
1.46919
1.46931
1.46942
1.46951
1.46957
1.46959
1.46958
1.46953
1.46945
1.46935
1.46923
1.46912
1.46903
1.46894
1.46888
1.46884
1.46882
1.46883
1.46886
1.4689
1.46895
1.46901
1.46907
1.46913
1.46918
1.46923
1.46928
1.46931
1.46934
1.46936
1.46938
1.4694
1.46941
1.46941
1.46941
1.46942
1.46943
1.46943
1.46945
1.46944
1.46945
1.46946
1.46947
1.4695
1.46953
1.46955
1.4696
1.46964
1.46965
1.46965
1.46962
1.46957
1.46949
1.46942
1.46936
1.46931
1.46928
1.46927
1.46929
1.46931
1.46934
1.46939
1.46944
1.46949
1.46952
1.46954
1.46952
1.46946
1.46937
1.46926
1.46913
1.469
1.46889
1.46881
1.46875
1.46872
1.46872
1.46876
1.46882
1.46889
1.46898
1.46905
1.46913
1.46919
1.46926
1.46931
1.46935
1.46936
1.46937
1.46938
1.46936
1.46935
1.46933
1.46933
1.46933
1.46933
1.46936
1.46938
1.46941
1.46943
1.46946
1.46948
1.46949
1.4695
1.46949
1.46947
1.46944
1.46942
1.46941
1.46941
1.46942
1.46944
1.46947
1.46952
1.46955
1.46958
1.46959
1.46958
1.46952
1.46944
1.46934
1.4692
1.46906
1.46896
1.46888
1.46884
1.46887
1.46892
1.46898
1.46905
1.46911
1.46917
1.4692
1.46922
1.46922
1.46921
1.4692
1.46919
1.46918
1.46917
1.46916
1.46916
1.46917
1.46919
1.46921
1.46925
1.46929
1.46933
1.46938
1.46942
1.46944
1.46944
1.46943
1.4694
1.46936
1.46931
1.46929
1.46928
1.46929
1.46933
1.4694
1.46946
1.46954
1.46961
1.46967
1.46971
1.46975
1.46979
1.46982
1.46984
1.46982
1.46973
1.46955
1.46933
1.46914
1.46902
1.469
1.46904
1.46909
1.4691
1.46904
1.46889
1.46874
1.46863
1.46862
1.46869
1.46883
1.46898
1.46912
1.46924
1.46935
1.46942
1.46946
1.46949
1.46951
1.46952
1.46953
1.46952
1.46951
1.4695
1.46948
1.46946
1.46944
1.46942
1.46941
1.46941
1.4694
1.46938
1.46936
1.46934
1.46932
1.46928
1.46924
1.4692
1.46917
1.46912
1.46908
1.46906
1.46903
1.46901
1.46901
1.46901
1.46903
1.46905
1.46908
1.46911
1.46915
1.46918
1.46921
1.46925
1.4693
1.46934
1.46938
1.46942
1.46947
1.46951
1.46955
1.46959
1.46961
1.46964
1.46965
1.46962
1.46958
1.46949
1.46937
1.46921
1.46905
1.46892
1.46882
1.46877
1.46877
1.46879
1.46885
1.46893
1.46901
1.46907
1.46914
1.4692
1.46926
1.46934
1.46939
1.46946
1.46952
1.46957
1.46959
1.46958
1.46951
1.4694
1.46925
1.46911
1.469
1.46893
1.46892
1.46895
1.46903
1.46911
1.4692
1.46926
1.46932
1.46935
1.46936
1.46935
1.46933
1.4693
1.46926
1.46922
1.46921
1.4692
1.4692
1.46921
1.46924
1.46927
1.46928
1.46928
1.46928
1.46926
1.46924
1.4692
1.46915
1.46912
1.4691
1.46908
1.46906
1.46906
1.46908
1.46911
1.46914
1.46919
1.46925
1.4693
1.46935
1.46939
1.46942
1.46944
1.46944
1.46943
1.46943
1.46941
1.4694
1.46939
1.4694
1.46942
1.46943
1.46944
1.46944
1.46945
1.46944
1.46942
1.46939
1.46936
1.46936
1.46938
1.46941
1.46948
1.46956
1.46966
1.46974
1.46978
1.46978
1.46972
1.4696
1.46944
1.46925
1.46906
1.4689
1.46879
1.46873
1.46872
1.46875
1.46881
1.46889
1.46896
1.46904
1.46913
1.46922
1.46929
1.46936
1.46943
1.46948
1.46952
1.46955
1.46956
1.46957
1.46958
1.46959
1.46959
1.46959
1.46959
1.46961
1.46962
1.46962
1.46962
1.46959
1.46954
1.46947
1.46939
1.4693
1.46922
1.46915
1.46906
1.46899
1.46893
1.46888
1.46885
1.46885
1.46886
1.4689
1.46895
1.46901
1.46906
1.46912
1.46917
1.46923
1.46927
1.46932
1.46936
1.4694
1.46942
1.46944
1.46944
1.46942
1.46938
1.46931
1.46923
1.46915
1.46908
1.46902
1.46899
1.46898
1.46898
1.46901
1.46905
1.46908
1.46913
1.46918
1.46922
1.46927
1.46932
1.46939
1.46944
1.46949
1.46954
1.46956
1.46954
1.46949
1.4694
1.46927
1.46913
1.46899
1.46888
1.46884
1.46885
1.46892
1.46904
1.46917
1.4693
1.46943
1.46952
1.46957
1.46958
1.46956
1.4695
1.46943
1.46937
1.46929
1.46924
1.46921
1.4692
1.4692
1.46921
1.46923
1.46923
1.46924
1.46922
1.46919
1.46913
1.46905
1.46898
1.46892
1.4689
1.4689
1.46897
1.46908
1.4692
1.46932
1.4694
1.46943
1.46941
1.46931
1.46917
1.46904
1.46894
1.46889
1.4689
1.46895
1.46901
1.46909
1.46917
1.46925
1.46932
1.4694
1.46947
1.46956
1.46965
1.46971
1.46972
1.46962
1.46944
1.46917
1.46892
1.46871
1.46861
1.46862
1.46871
1.46883
1.46897
1.46911
1.46922
1.46932
1.46941
1.46946
1.46953
1.46958
1.46964
1.46971
1.4698
1.46989
1.46994
1.46987
1.46968
1.46937
1.46904
1.4688
1.46871
1.46875
1.46886
1.46896
1.469
1.46897
1.4689
1.46881
1.46873
1.46869
1.46871
1.46876
1.46885
1.46894
1.46903
1.46911
1.46918
1.46924
1.46928
1.46932
1.46933
1.46935
1.46934
1.46931
1.46928
1.46923
1.46917
1.46911
1.46904
1.469
1.46897
1.46897
1.469
1.46905
1.46912
1.4692
1.46929
1.46937
1.46941
1.46939
1.46931
1.46916
1.46899
1.46884
1.46876
1.46873
1.46876
1.46882
1.4689
1.46899
1.46906
1.46911
1.46913
1.46913
1.46911
1.46907
1.46902
1.46898
1.46894
1.46892
1.46892
1.46892
1.46894
1.46896
1.46898
1.46901
1.46904
1.46907
1.4691
1.46914
1.46919
1.46923
1.46926
1.4693
1.46931
1.46931
1.46927
1.4692
1.46911
1.46902
1.46894
1.46887
1.46884
1.46886
1.46892
1.46897
1.46905
1.46913
1.46921
1.46927
1.4693
1.46932
1.4693
1.46927
1.46921
1.46914
1.46909
1.46904
1.46901
1.469
1.46902
1.46905
1.46908
1.46911
1.46911
1.46912
1.46911
1.4691
1.4691
1.4691
1.46911
1.46914
1.46915
1.46917
1.46919
1.46919
1.46918
1.46919
1.4692
1.4692
1.46921
1.46923
1.46927
1.46931
1.46934
1.46938
1.46939
1.46939
1.46936
1.46929
1.4692
1.46909
1.46899
1.46889
1.46883
1.4688
1.4688
1.46882
1.46885
1.4689
1.46894
1.46898
1.46901
1.46903
1.46906
1.46908
1.4691
1.46912
1.46915
1.46918
1.46922
1.46927
1.46932
1.46937
1.46942
1.46947
1.46951
1.46952
1.46951
1.46948
1.46941
1.46932
1.46923
1.46916
1.46909
1.46905
1.46904
1.46907
1.4691
1.46914
1.46916
1.46917
1.46916
1.46912
1.46906
1.46899
1.46891
1.46887
1.46883
1.46882
1.46884
1.46889
1.46896
1.46904
1.46912
1.46921
1.46928
1.46932
1.46937
1.46941
1.46945
1.46947
1.46951
1.46955
1.46957
1.46957
1.46956
1.46953
1.46949
1.46944
1.46936
1.46925
1.46911
1.46895
1.46877
1.46862
1.46852
1.46847
1.46847
1.46852
1.4686
1.46869
1.46879
1.46888
1.46896
1.46902
1.46906
1.46911
1.46914
1.46917
1.4692
1.46922
1.46925
1.46928
1.46932
1.46936
1.46939
1.46943
1.46949
1.46957
1.46964
1.4697
1.46977
1.46981
1.46983
1.46981
1.46974
1.46964
1.4695
1.46937
1.46926
1.46918
1.46913
1.46914
1.46916
1.46918
1.46918
1.46913
1.46903
1.4689
1.46877
1.46867
1.46863
1.46865
1.46872
1.46881
1.46891
1.46901
1.46912
1.46922
1.4693
1.46938
1.46945
1.46951
1.46955
1.46958
1.4696
1.46959
1.46955
1.46949
1.46938
1.46926
1.46914
1.46903
1.46894
1.46888
1.46885
1.46885
1.46888
1.46891
1.46894
1.46897
1.46901
1.46903
1.46904
1.46905
1.46905
1.46906
1.46907
1.46907
1.46908
1.46908
1.46908
1.46909
1.4691
1.4691
1.46909
1.46907
1.46907
1.46904
1.46901
1.46898
1.46896
1.46893
1.46891
1.4689
1.46889
1.4689
1.46891
1.46893
1.46898
1.46902
1.46909
1.46917
1.46928
1.46941
1.46956
1.46971
1.46985
1.46995
1.46996
1.46985
1.4696
1.46926
1.46892
1.46865
1.46851
1.46851
1.46859
1.46871
1.46884
1.46894
1.46901
1.46902
1.46901
1.46897
1.4689
1.46886
1.46885
1.46887
1.46892
1.469
1.46908
1.46917
1.46926
1.46935
1.46947
1.46962
1.46987
1.4702
1.47064
1.47108
1.47129
1.47095
1.46996
1.46871
1.46781
1.46755
1.46773
1.46807
1.46837
1.46859
1.46872
1.46879
1.46887
1.46895
1.46906
1.46919
1.46931
1.4694
1.46947
1.46949
1.46945
1.46937
1.46926
1.46917
1.46911
1.46907
1.46909
1.46915
1.46925
1.4694
1.4696
1.46984
1.47009
1.47032
1.47042
1.47031
1.46998
1.4695
1.46905
1.46879
1.46871
1.46878
1.46887
1.46894
1.46898
1.46895
1.46893
1.46893
1.46895
1.469
1.46907
1.46915
1.46923
1.4693
1.46935
1.46937
1.46937
1.46937
1.46934
1.46932
1.46931
1.46932
1.46933
1.46935
1.46937
1.46939
1.46941
1.46941
1.46941
1.46941
1.46938
1.46935
1.46929
1.46924
1.46918
1.46915
1.46913
1.46916
1.46921
1.46926
1.46933
1.46941
1.46948
1.46954
1.46955
1.46954
1.46947
1.46937
1.46925
1.46914
1.46908
1.46907
1.46911
1.46919
1.46928
1.46936
1.46936
1.46931
1.46919
1.46903
1.46888
1.46875
1.46869
1.46867
1.46872
1.46879
1.46886
1.46895
1.46903
1.46909
1.46914
1.46918
1.46922
1.46926
1.4693
1.46934
1.46937
1.4694
1.46944
1.46952
1.46961
1.46974
1.46991
1.47013
1.47035
1.47053
1.47055
1.47031
1.46981
1.46914
1.46852
1.46814
1.46802
1.46809
1.46825
1.46843
1.4686
1.46874
1.46887
1.46898
1.46909
1.46918
1.46925
1.46933
1.46939
1.46945
1.46949
1.46951
1.46949
1.46946
1.46939
1.46932
1.46926
1.46923
1.46921
1.46921
1.46924
1.46926
1.4693
1.46935
1.46941
1.46946
1.46953
1.46962
1.46968
1.46971
1.46969
1.46959
1.46941
1.46915
1.46888
1.46868
1.46857
1.4686
1.4687
1.46885
1.469
1.46913
1.46924
1.46931
1.46936
1.46938
1.46937
1.46936
1.46935
1.46934
1.46933
1.46933
1.46936
1.4694
1.46945
1.46949
1.46952
1.46954
1.46953
1.46949
1.46943
1.46936
1.46927
1.46922
1.46918
1.46917
1.4692
1.46924
1.46931
1.46936
1.46941
1.46942
1.46939
1.46933
1.46924
1.46913
1.46903
1.46896
1.46891
1.46889
1.46891
1.46896
1.46902
1.4691
1.46918
1.46926
1.46933
1.46938
1.4694
1.46939
1.46936
1.46931
1.46924
1.46918
1.46914
1.46911
1.46909
1.46911
1.46913
1.46918
1.46925
1.46934
1.46945
1.46956
1.46967
1.46976
1.46979
1.46974
1.4696
1.4694
1.46919
1.46901
1.46891
1.46891
1.46897
1.46908
1.46919
1.46929
1.46934
1.46936
1.46933
1.46926
1.46916
1.46905
1.46895
1.46887
1.46882
1.4688
1.4688
1.46883
1.46888
1.46892
1.46895
1.46899
1.46901
1.46903
1.46902
1.469
1.46896
1.46891
1.46889
1.4689
1.46893
1.46902
1.46917
1.46938
1.46967
1.47004
1.47045
1.47091
1.4713
1.47158
1.47164
1.47148
1.47105
1.47038
1.46947
1.46844
1.4675
1.46693
1.46681
1.46704
1.46743
1.46783
1.46819
1.46846
1.46866
1.4688
1.46889
1.46899
1.46906
1.46913
1.46919
1.46926
1.46932
1.46938
1.46943
1.46945
1.46947
1.46947
1.46946
1.46944
1.46942
1.4694
1.4694
1.46942
1.46944
1.46949
1.46954
1.4696
1.46966
1.46972
1.46977
1.46981
1.46983
1.46985
1.46985
1.46982
1.46977
1.46969
1.46956
1.4694
1.46925
1.4691
1.46898
1.4689
1.46888
1.4689
1.46895
1.46901
1.46907
1.46912
1.46916
1.46918
1.46919
1.46918
1.46916
1.46914
1.46914
1.46914
1.46916
1.46921
1.46927
1.46936
1.46947
1.46963
1.46981
1.47001
1.4702
1.47033
1.47031
1.47006
1.46959
1.46903
1.46857
1.46833
1.4683
1.46842
1.46859
1.46879
1.46894
1.46907
1.46917
1.46924
1.4693
1.46932
1.46934
1.46935
1.46937
1.46937
1.46939
1.46942
1.46946
1.46953
1.46962
1.46971
1.46981
1.46991
1.46997
1.46996
1.46985
1.46964
1.46932
1.46896
1.46865
1.46842
1.46831
1.46831
1.46842
1.46858
1.46878
1.46899
1.46918
1.46935
1.46946
1.46952
1.46953
1.46948
1.46938
1.46925
1.46912
1.46897
1.46887
1.46879
1.46877
1.46879
1.46883
1.46889
1.46896
1.46903
1.46909
1.46916
1.46923
1.46929
1.46935
1.4694
1.46945
1.46949
1.46951
1.46953
1.46953
1.46953
1.46952
1.46953
1.46955
1.46958
1.46961
1.46964
1.46964
1.4696
1.46951
1.46935
1.46914
1.46892
1.46872
1.4686
1.46853
1.46852
1.46857
1.46864
1.46872
1.46881
1.46889
1.46898
1.46908
1.46916
1.46925
1.46934
1.46943
1.46952
1.46958
1.46963
1.46965
1.46964
1.4696
1.46954
1.46946
1.46941
1.46939
1.46943
1.4695
1.46958
1.46966
1.46969
1.46967
1.4696
1.46947
1.46931
1.46911
1.46893
1.46877
1.46866
1.4686
1.46861
1.46867
1.46878
1.46891
1.46904
1.46916
1.46928
1.46939
1.46946
1.46952
1.46955
1.46956
1.46955
1.46951
1.46946
1.46941
1.46935
1.4693
1.46926
1.46923
1.46921
1.46919
1.46918
1.46916
1.46913
1.46908
1.46904
1.469
1.46897
1.46896
1.46894
1.46896
1.469
1.46905
1.46911
1.46918
1.46927
1.46938
1.4695
1.46963
1.46978
1.46993
1.47011
1.47027
1.47035
1.47035
1.47021
1.46994
1.46956
1.46915
1.46881
1.46858
1.46848
1.46849
1.46858
1.46868
1.46879
1.46889
1.46898
1.46905
1.4691
1.46915
1.46915
1.46917
1.46918
1.46917
1.46916
1.46916
1.46915
1.46915
1.46913
1.46913
1.46912
1.46912
1.46913
1.46914
1.46914
1.46913
1.46913
1.46914
1.46914
1.46914
1.46914
1.46914
1.46915
1.46916
1.46918
1.46921
1.46926
1.46929
1.46935
1.4694
1.46945
1.46949
1.46951
1.46949
1.46947
1.46941
1.46934
1.46928
1.46922
1.46916
1.46912
1.46909
1.46908
1.46907
1.46907
1.4691
1.46912
1.46914
1.46917
1.46922
1.46928
1.46934
1.46941
1.46948
1.46956
1.46963
1.46966
1.46965
1.46959
1.46949
1.46935
1.46919
1.46905
1.46892
1.46881
1.46871
1.46866
1.46864
1.46865
1.4687
1.46879
1.46889
1.46903
1.46918
1.46936
1.46955
1.46977
1.46999
1.47017
1.47025
1.47017
1.46991
1.46955
1.46919
1.46895
1.46886
1.46891
1.46901
1.46911
1.46918
1.46921
1.46923
1.46924
1.46925
1.46927
1.4693
1.46933
1.46934
1.46936
1.46937
1.46939
1.4694
1.46941
1.46942
1.46944
1.46949
1.46954
1.4696
1.46969
1.46979
1.46989
1.47
1.4701
1.47016
1.47012
1.46996
1.46966
1.46928
1.46889
1.46859
1.46844
1.46841
1.46847
1.46858
1.46869
1.4688
1.4689
1.46898
1.46905
1.46912
1.46918
1.46923
1.46928
1.46934
1.4694
1.46945
1.46951
1.46958
1.46965
1.46972
1.46979
1.46986
1.46991
1.46993
1.46989
1.46978
1.4696
1.46937
1.46914
1.46895
1.46884
1.4688
1.46882
1.46888
1.46896
1.46905
1.46913
1.46919
1.46925
1.46931
1.46934
1.46937
1.46939
1.46939
1.46939
1.46938
1.46938
1.46937
1.46936
1.46935
1.46932
1.46927
1.46923
1.4692
1.46916
1.46914
1.46915
1.4692
1.46928
1.46938
1.46951
1.46966
1.46979
1.46986
1.46984
1.46966
1.46935
1.469
1.46868
1.46849
1.46844
1.46851
1.46864
1.46877
1.46889
1.46898
1.46907
1.46911
1.46915
1.46918
1.46919
1.4692
1.46921
1.46922
1.46923
1.46924
1.46924
1.46926
1.46929
1.46933
1.46935
1.46939
1.46942
1.46944
1.46945
1.46945
1.46944
1.46938
1.46931
1.46923
1.46916
1.46909
1.46903
1.46898
1.46894
1.4689
1.46883
1.46874
1.46864
1.46857
1.46852
1.46851
1.46853
1.46859
1.46866
1.46874
1.46882
1.4689
1.46897
1.46904
1.4691
1.46916
1.46922
1.46928
1.46933
1.46936
1.4694
1.46944
1.46946
1.46949
1.46952
1.46954
1.46954
1.46947
1.46934
1.46915
1.46895
1.46877
1.46866
1.46862
1.46862
1.46863
1.46861
1.46858
1.46853
1.4685
1.46849
1.46853
1.46859
1.46868
1.46879
1.4689
1.469
1.4691
1.46918
1.46923
1.46926
1.46925
1.46921
1.46916
1.46906
1.46898
1.46891
1.46885
1.46885
1.46891
1.46899
1.46911
1.46923
1.46938
1.4695
1.46959
1.46964
1.46965
1.4696
1.46951
1.46938
1.46925
1.46913
1.46903
1.46895
1.46892
1.46892
1.46895
1.46901
1.46909
1.46916
1.4692
1.46922
1.4692
1.46914
1.46906
1.46897
1.46888
1.46882
1.46877
1.46874
1.46875
1.46877
1.46878
1.46882
1.46885
1.46888
1.46891
1.46893
1.46895
1.46897
1.46899
1.46903
1.46907
1.46912
1.46921
1.46932
1.46949
1.46974
1.47008
1.47049
1.47095
1.47139
1.4716
1.47137
1.47056
1.46933
1.46804
1.46714
1.46682
1.46705
1.46762
1.46834
1.46906
1.46967
1.47002
1.47
1.46963
1.46911
1.46878
1.46871
1.46876
1.46872
1.4685
1.46824
1.46812
1.46821
1.46846
1.46874
1.46898
1.46913
1.46919
1.46919
1.46916
1.46914
1.46915
1.46917
1.46919
1.46916
1.46906
1.46886
1.46857
1.4683
1.46813
1.46807
1.46813
1.46827
1.46845
1.46864
1.4688
1.46895
1.4691
1.46927
1.46943
1.46961
1.46982
1.47003
1.47021
1.47035
1.47036
1.47022
1.46989
1.46943
1.46895
1.46852
1.46821
1.46805
1.46801
1.46805
1.46815
1.4683
1.46847
1.46866
1.46883
1.469
1.46915
1.46928
1.46935
1.46941
1.46944
1.46947
1.46948
1.46946
1.4694
1.4693
1.46915
1.46895
1.46877
1.46861
1.46852
1.46849
1.46849
1.46852
1.46857
1.46864
1.46875
1.46887
1.469
1.46915
1.46928
1.46939
1.46947
1.46952
1.46951
1.46949
1.46943
1.46936
1.46927
1.46917
1.4691
1.46904
1.46901
1.46899
1.46898
1.46898
1.46897
1.46892
1.46887
1.46881
1.46877
1.46877
1.4688
1.46886
1.46895
1.46904
1.46914
1.46924
1.46933
1.46939
1.46945
1.46947
1.46944
1.46933
1.46915
1.46895
1.46878
1.46869
1.46871
1.46881
1.46901
1.46925
1.46951
1.46976
1.46994
1.46995
1.46972
1.46926
1.46867
1.46817
1.46788
1.46784
1.46795
1.46815
1.46835
1.46852
1.46868
1.46881
1.46893
1.46905
1.46916
1.46928
1.4694
1.46953
1.46965
1.46974
1.46979
1.46975
1.46963
1.46943
1.46919
1.46898
1.46887
1.4689
1.46906
1.46932
1.46963
1.46994
1.4702
1.47038
1.47045
1.47039
1.47022
1.46998
1.46969
1.4694
1.46912
1.46883
1.46854
1.46828
1.46806
1.46793
1.46791
1.46797
1.46808
1.46822
1.46837
1.46852
1.46866
1.46879
1.46892
1.46905
1.46917
1.46928
1.46937
1.4694
1.46935
1.46923
1.46905
1.46885
1.46871
1.46866
1.46871
1.46881
1.46895
1.4691
1.46923
1.46933
1.46942
1.46948
1.46951
1.46952
1.4695
1.46944
1.46937
1.46928
1.4692
1.46916
1.46918
1.46926
1.46938
1.46954
1.46967
1.46974
1.4697
1.46953
1.46926
1.46899
1.46877
1.46867
1.4687
1.46883
1.46901
1.46922
1.46941
1.46956
1.46961
1.46952
1.46931
1.469
1.46869
1.4685
1.46846
1.46856
1.46876
1.46901
1.46928
1.46954
1.46978
1.46998
1.47012
1.47015
1.47008
1.4699
1.46963
1.46933
1.46906
1.46883
1.46867
1.46856
1.46851
1.4685
1.46853
1.46857
1.46863
1.46871
1.4688
1.46888
1.46897
1.46905
1.46915
1.46928
1.46943
1.46965
1.46996
1.4704
1.47093
1.47137
1.47136
1.47056
1.4691
1.46772
1.46709
1.46721
1.46769
1.4682
1.46861
1.46891
1.46911
1.46924
1.46932
1.46937
1.46939
1.46938
1.46936
1.46933
1.46931
1.4693
1.46931
1.46934
1.46939
1.46946
1.46951
1.46954
1.46956
1.46955
1.46955
1.46953
1.46951
1.46948
1.46946
1.46944
1.46942
1.46938
1.46932
1.46922
1.4691
1.46896
1.46884
1.46876
1.46873
1.46875
1.46881
1.46889
1.46899
1.4691
1.46921
1.46933
1.46947
1.46963
1.4698
1.46997
1.4701
1.47012
1.46999
1.46967
1.46925
1.46883
1.46854
1.46841
1.46841
1.46849
1.46861
1.46873
1.46882
1.46891
1.46898
1.46905
1.46911
1.46918
1.46922
1.46926
1.46928
1.46926
1.46922
1.46915
1.46906
1.46897
1.4689
1.4689
1.46892
1.469
1.4691
1.46923
1.46936
1.46947
1.46954
1.46959
1.46961
1.46957
1.46952
1.46943
1.46932
1.4692
1.46907
1.46893
1.46883
1.46874
1.46867
1.46862
1.46861
1.46863
1.46868
1.46874
1.4688
1.46886
1.46892
1.46896
1.46901
1.46904
1.46907
1.46909
1.46911
1.46911
1.46911
1.4691
1.4691
1.46911
1.46912
1.46916
1.46921
1.46929
1.46942
1.4696
1.46986
1.47015
1.47044
1.47059
1.47045
1.46991
1.46912
1.46837
1.46795
1.4679
1.46809
1.46836
1.46863
1.46885
1.46904
1.4692
1.46935
1.4695
1.46963
1.46974
1.46981
1.46981
1.46975
1.46965
1.4695
1.4694
1.46936
1.46938
1.46946
1.46952
1.46953
1.46946
1.46927
1.469
1.46869
1.46844
1.46829
1.46827
1.46833
1.46843
1.46857
1.46869
1.4688
1.4689
1.46898
1.46904
1.46909
1.46912
1.46914
1.46916
1.46916
1.46918
1.4692
1.46921
1.46922
1.46923
1.46924
1.46927
1.46929
1.46934
1.46937
1.4694
1.46944
1.46947
1.46949
1.46949
1.46947
1.46943
1.46938
1.46931
1.46923
1.46914
1.46907
1.46901
1.46896
1.46892
1.46888
1.46885
1.46883
1.46882
1.46884
1.46886
1.46889
1.46895
1.46903
1.46913
1.46926
1.46941
1.46954
1.46964
1.46969
1.46962
1.46947
1.46924
1.46901
1.46886
1.46879
1.46881
1.46889
1.46899
1.46908
1.46915
1.46919
1.46919
1.46915
1.46909
1.469
1.4689
1.46881
1.46874
1.46871
1.4687
1.46871
1.46874
1.46878
1.46883
1.46887
1.46893
1.46898
1.46903
1.46908
1.46913
1.46917
1.46921
1.46924
1.46927
1.4693
1.46933
1.46935
1.46937
1.46938
1.46939
1.46938
1.46937
1.46934
1.46931
1.46927
1.46924
1.4692
1.46917
1.46914
1.46911
1.46907
1.46903
1.46898
1.46895
1.46891
1.4689
1.46891
1.46897
1.46907
1.4692
1.46938
1.46953
1.46961
1.46955
1.46931
1.46893
1.46853
1.46825
1.46815
1.46821
1.46836
1.46854
1.46872
1.46888
1.46902
1.46914
1.46923
1.46932
1.46938
1.46942
1.46944
1.46944
1.46941
1.46933
1.46924
1.46914
1.46906
1.469
1.46899
1.46902
1.46908
1.46915
