           0           0           0
           1           0           0
           2           0           0
           3           0           0
           4           0           0
           5           0           0
           6           0           0
           7           0           0
           8           0           0
           9           0           0
          10           0           0
          11           0           0
          12           0           0
          13    0.263691        -nan
          14      13.589        -nan
          15     104.611        -nan
          16       170.5        -nan
          17     190.584        -nan
          18      175.77        -nan
          19     157.947        -nan
          20     147.449        -nan
          21     132.752        -nan
          22     127.119        -nan
          23     114.032        -nan
          24     110.674        -nan
          25     104.053        -nan
          26     106.711        -nan
          27      98.998        -nan
          28      100.37        -nan
          29     103.063        -nan
          30     109.823        -nan
          31     104.452        -nan
          32     106.637        -nan
          33     102.404        -nan
          34     100.325        -nan
          35     101.189        -nan
          36     100.264        -nan
          37     98.0985        -nan
          38      101.29        -nan
          39     101.457        -nan
          40      97.368        -nan
          41     94.2891        -nan
          42      95.074        -nan
          43     97.6359        -nan
          44      96.749        -nan
          45     96.3298        -nan
          46     96.0076        -nan
          47     95.2411        -nan
          48     93.2257        -nan
          49     93.2603        -nan
          50     92.8338        -nan
          51     96.6886        -nan
          52      97.663        -nan
          53     95.6744        -nan
          54     97.9899        -nan
          55     99.8828        -nan
          56     98.4258        -nan
          57     100.759        -nan
          58     98.9223        -nan
          59     97.4207        -nan
          60      98.208        -nan
          61     99.4367        -nan
          62     100.609        -nan
          63     100.304        -nan
          64     99.8001        -nan
          65     97.9083        -nan
          66     99.4498        -nan
          67     99.4774        -nan
          68     98.8746        -nan
          69     97.8995        -nan
          70     101.407        -nan
          71     99.3624        -nan
          72     100.145        -nan
          73     99.6643        -nan
          74     97.1975        -nan
          75     99.3162        -nan
          76     102.369        -nan
          77      100.24        -nan
          78     100.881        -nan
          79     100.837        -nan
          80      100.48        -nan
          81     99.3719        -nan
          82     96.9338        -nan
          83     97.4719        -nan
          84      98.583        -nan
          85     99.5785        -nan
          86     98.1564        -nan
          87     98.1134        -nan
          88     98.1794        -nan
          89     100.388        -nan
          90     99.0929        -nan
          91     98.8908        -nan
          92     99.5385        -nan
          93     98.2666        -nan
          94     98.2311        -nan
          95     97.6776        -nan
          96     99.2981        -nan
          97     97.5776        -nan
          98     97.9731        -nan
          99     98.3062        -nan
