1.50311
1.49901
1.49171
1.48071
1.46523
1.44425
1.41644
1.38037
1.33468
1.27846
1.21174
1.13615
1.05542
0.975234
0.902279
0.842537
0.79971
0.774583
0.765413
0.768874
0.781004
0.797908
0.81619
0.833212
0.847255
0.857529
0.864112
0.867793
0.869694
0.870885
0.871977
0.872952
0.873212
0.871768
0.867503
0.859535
0.84766
0.832657
0.816222
0.800454
0.787076
0.776915
0.769951
0.765856
0.764483
0.765977
0.770458
0.777651
0.78675
0.796484
0.805419
0.812269
0.816109
0.816471
0.81345
0.807795
0.800842
0.794216
0.7892
0.786364
0.78558
0.78649
0.788781
0.792205
0.796422
0.80081
0.804555
0.806886
0.807454
0.806631
0.805468
0.805279
0.807036
0.810961
0.816464
0.822463
0.82779
0.831687
0.834057
0.8354
0.836401
0.837349
0.837917
0.837459
0.83568
0.833013
0.83036
0.828501
0.82784
0.82842
0.830065
0.832466
0.835203
0.837732
0.839447
0.839822
0.838471
0.835184
0.829928
0.822788
0.813937
0.803595
0.791979
0.779444
0.766714
0.754988
0.745794
0.740539
0.740127
0.744892
0.754508
0.767799
0.782776
0.797213
0.809286
0.817867
0.822537
0.82345
0.821232
0.816878
0.811618
0.806613
0.802535
0.799385
0.796644
0.79386
0.791184
0.789414
0.789548
0.792285
0.797771
0.805711
0.815576
0.826684
0.838195
0.849095
0.85832
0.864923
0.86846
0.869241
0.86839
0.867429
0.867453
0.868431
0.869292
0.868724
0.865973
0.861289
0.855969
0.851837
0.850211
0.851159
0.853536
0.85568
0.856115
0.853858
0.848514
0.840206
0.829652
0.818431
0.809202
0.804988
0.807163
0.813945
0.821599
0.827125
0.829843
0.831007
0.832523
0.835661
0.840616
0.846837
0.853534
0.860029
0.866053
0.871834
0.877703
0.883265
0.887107
0.887408
0.883003
0.87402
0.862154
0.850386
0.842034
0.839179
0.841684
0.847556
0.854387
0.860497
0.865241
0.868542
0.870353
0.870333
0.867833
0.862216
0.853267
0.841408
0.827554
0.812725
0.797683
0.783037
0.769698
0.759035
0.752374
0.750286
0.752581
0.75883
0.768769
0.782254
0.798912
0.817902
0.837918
0.857386
0.874777
0.88882
0.898691
0.904091
0.905233
0.902728
0.89739
0.890044
0.881396
0.872003
0.862365
0.852991
0.844456
0.837375
0.832342
0.829842
0.830223
0.833648
0.839976
0.848649
0.858725
0.868993
0.878182
0.88519
0.889291
0.890279
0.888368
0.884092
0.878217
0.871729
0.865939
0.862429
0.862522
0.866547
0.873616
0.882276
0.891164
0.899208
0.905394
0.908672
0.908164
0.903595
0.895651
0.885805
0.875584
0.865769
0.856289
0.84677
0.837094
0.827559
0.818684
0.810979
0.804834
0.800539
0.798288
0.79806
0.799478
0.80173
0.803729
0.804301
0.802503
0.797898
0.790742
0.782035
0.773488
0.767308
0.765695
0.770152
0.780864
0.796432
0.814175
0.830908
0.843804
0.851052
0.852068
0.847492
0.839036
0.829221
0.82091
0.816451
0.816891
0.821668
0.829099
0.837312
0.844885
0.850966
0.855007
0.856552
0.855255
0.851107
0.844676
0.837019
0.829212
0.821844
0.814894
0.808318
0.802846
0.800203
0.802352
0.810147
0.82251
0.836763
0.849792
0.859081
0.86318
0.86178
0.855597
0.846268
0.836069
0.827484
0.822501
0.821945
0.825201
0.830523
0.835701
0.838678
0.837946
0.832749
0.823273
0.810703
0.796944
0.7841
0.773956
0.767675
0.765768
0.76822
0.774616
0.784137
0.795537
0.807153
0.817137
0.823788
0.825987
0.823604
0.817787
0.810906
0.805819
0.804629
0.807574
0.813019
0.81864
0.822781
0.825085
0.82632
0.827731
0.830298
0.834325
0.839419
0.844752
0.849504
0.853165
0.855585
0.856905
0.857323
0.857039
0.856278
0.855395
0.854874
0.855138
0.856337
0.858232
0.860304
0.861964
0.862771
0.86256
0.86145
0.859753
0.857799
0.855877
0.854226
0.852967
0.852059
0.85125
0.850123
0.84828
0.845516
0.841931
0.837968
0.83431
0.831646
0.830333
0.83017
0.830392
0.830101
0.828982
0.827712
0.827614
0.829658
0.833739
0.838884
0.843986
0.848248
0.851265
0.852967
0.853676
0.854042
0.854928
0.857095
0.860906
0.866167
0.872211
0.878155
0.883101
0.886272
0.887055
0.885075
0.880269
0.872938
0.863754
0.853726
0.84404
0.835802
0.829896
0.826805
0.826538
0.828626
0.832195
0.836176
0.839592
0.841781
0.842558
0.842192
0.84133
0.840788
0.841265
0.843014
0.845615
0.847903
0.84824
0.845047
0.837557
0.82646
0.814112
0.803867
0.798636
0.799567
0.806005
0.816467
0.829594
0.844466
0.860399
0.876715
0.892597
0.907129
0.919464
0.928943
0.935148
0.937846
0.936875
0.932098
0.923489
0.911264
0.895999
0.878736
0.860938
0.844356
0.83063
0.820769
0.814773
0.811969
0.811772
0.814189
0.819725
0.828764
0.840869
0.854415
0.866768
0.875119
0.877537
0.873954
0.866769
0.860124
0.857765
0.861103
0.869062
0.879195
0.888705
0.895137
0.896936
0.893709
0.886089
0.875456
0.86362
0.85254
0.84399
0.839164
0.8384
0.84108
0.845861
0.851144
0.855462
0.8578
0.857697
0.854992
0.849472
0.840933
0.829655
0.816981
0.805378
0.797787
0.796457
0.802095
0.813875
0.830031
0.848383
0.866771
0.883471
0.897606
0.909154
0.918666
0.926781
0.933782
0.93936
0.942708
0.942862
0.939048
0.93094
0.9188
0.903389
0.885774
0.867129
0.848638
0.831474
0.816791
0.805596
0.798477
0.795325
0.795365
0.797492
0.800756
0.804674
0.80929
0.815027
0.822234
0.830615
0.839047
0.845816
0.849309
0.84855
0.843436
0.83473
0.823904
0.812746
0.802695
0.79428
0.787131
0.780606
0.774451
0.769177
0.766043
0.766691
0.772292
0.782798
0.796856
0.81242
0.827524
0.840581
0.850381
0.856004
0.857014
0.853749
0.847394
0.839728
0.832591
0.827307
0.824219
0.82272
0.821604
0.81965
0.816088
0.81072
0.803712
0.795335
0.785812
0.775563
0.765547
0.757535
0.753735
0.755761
0.763504
0.774968
0.787429
0.798803
0.808272
0.816169
0.823344
0.830504
0.837804
0.844818
0.850825
0.855188
0.857624
0.858204
0.857293
0.855343
0.852751
0.84972
0.846187
0.841871
0.836522
0.83018
0.823436
0.817394
0.813396
0.812566
0.815407
0.821495
0.829575
0.837787
0.844019
0.846266
0.843003
0.833563
0.818551
0.800129
0.78158
0.766151
0.755663
0.750074
0.74821
0.748908
0.751614
0.756394
0.763569
0.773321
0.785389
0.799036
0.81325
0.827008
0.839453
0.849793
0.857097
0.860187
0.858031
0.850376
0.838199
0.823832
0.810483
0.801368
0.798688
0.803106
0.813858
0.829178
0.846723
0.86394
0.87841
0.88823
0.892387
0.890888
0.884626
0.875154
0.864411
0.854574
0.84773
0.845208
0.846977
0.85157
0.856825
0.860949
0.863355
0.864708
0.866294
0.868838
0.871743
0.873254
0.87141
0.865033
0.854165
0.840077
0.824998
0.811583
0.802322
0.798822
0.801361
0.808896
0.819549
0.83117
0.841732
0.849552
0.853472
0.853007
0.848482
0.841029
0.832465
0.82492
0.820346
0.820029
0.824302
0.832565
0.843569
0.855779
0.86762
0.877673
0.884757
0.887974
0.8868
0.881155
0.871429
0.858374
0.842927
0.8261
0.809051
0.793162
0.779925
0.77066
0.765951
0.76531
0.767364
0.770467
0.773437
0.775909
0.778325
0.781592
0.786475
0.79284
0.799454
0.80476
0.808216
0.810925
0.815076
0.822525
0.833484
0.846299
0.858263
0.866685
0.869592
0.866039
0.856252
0.841719
0.825177
0.810293
0.800733
0.7989
0.80514
0.817798
0.834091
0.851164
0.866827
0.879797
0.889727
0.896999
0.902332
0.906317
0.909049
0.910092
0.908711
0.904149
0.895787
0.883188
0.866165
0.845048
0.820952
0.795889
0.772544
0.75366
0.741133
0.73525
0.734743
0.73756
0.741823
0.746375
0.750971
0.756067
0.762586
0.77157
0.783802
0.799366
0.817411
0.836322
0.854237
0.869549
0.88116
0.888485
0.891348
0.889827
0.8842
0.874962
0.863001
0.849722
0.836756
0.825361
0.815909
0.807913
0.800579
0.793473
0.786868
0.781604
0.778541
0.778017
0.779678
0.782703
0.786193
0.789355
0.791529
0.792294
0.791807
0.791168
0.792318
0.797209
0.806501
0.818909
0.832003
0.843653
0.852888
0.859757
0.864733
0.8683
0.870735
0.87221
0.872885
0.873006
0.872935
0.873117
0.873935
0.875513
0.877604
0.879706
0.881238
0.881754
0.881074
0.879419
0.877381
0.875767
0.875228
0.875959
0.877718
0.880039
0.882359
0.884061
0.884466
0.882902
0.878863
0.872233
0.863436
0.853373
0.843081
0.833201
0.823629
0.813852
0.803849
0.79505
0.790296
0.79205
0.80017
0.811835
0.823841
0.834443
0.843363
0.850804
0.85676
0.860925
0.862939
0.86261
0.859931
0.854918
0.847578
0.837991
0.826508
0.814065
0.80238
0.79374
0.790136
0.792068
0.798019
0.805082
0.810292
0.811653
0.808497
0.801447
0.792131
0.782613
0.774723
0.769488
0.767296
0.768481
0.77373
0.783727
0.798517
0.817137
0.837766
0.858191
0.876312
0.890619
0.900421
0.905801
0.907267
0.905225
0.899693
0.890482
0.877632
0.861814
0.844362
0.826982
0.811254
0.798265
0.788662
0.782848
0.78092
0.782405
0.786335
0.791649
0.797624
0.803921
0.810345
0.816718
0.822874
0.828774
0.834563
0.840409
0.846236
0.851438
0.854924
0.855614
0.853034
0.84791
0.842236
0.838696
0.839389
0.844565
0.852405
0.86004
0.86479
0.865084
0.860785
0.85288
0.842829
0.831908
0.821163
0.811856
0.805792
0.805003
0.810729
0.822386
0.837462
0.852561
0.864624
0.871692
0.873051
0.868973
0.86034
0.848194
0.833402
0.816535
0.798111
0.778942
0.760363
0.743997
0.731275
0.722831
0.718416
0.717402
0.719411
0.724364
0.731929
0.741034
0.750298
0.758914
0.766985
0.775008
0.783219
0.791401
0.799276
0.806803
0.814181
0.821396
0.827826
0.832201
0.833068
0.829439
0.821364
0.810191
0.798537
0.789671
0.786306
0.789265
0.797099
0.806955
0.81605
0.822821
0.8274
0.831126
0.835389
0.840657
0.84616
0.850412
0.851975
0.850014
0.844472
0.835963
0.825708
0.815348
0.806634
0.801028
0.799218
0.800934
0.805087
0.81019
0.814806
0.817827
0.818596
0.817002
0.813499
0.809068
0.804927
0.802096
0.801037
0.801532
0.802884
0.804316
0.805267
0.805643
0.805766
0.806271
0.807798
0.810484
0.813574
0.815499
0.814505
0.809423
0.800129
0.787585
0.773534
0.759973
0.748652
0.740728
0.736635
0.736214
0.73899
0.744365
0.751711
0.760346
0.769606
0.77897
0.788073
0.796645
0.804376
0.810975
0.816259
0.820285
0.823319
0.825606
0.827166
0.82782
0.827525
0.826751
0.826403
0.827342
0.829745
0.832856
0.835267
0.835374
0.831934
0.824455
0.813442
0.800424
0.787642
0.777383
0.771148
0.769043
0.769871
0.77185
0.77336
0.773368
0.771421
0.767404
0.761512
0.7544
0.747418
0.742349
0.740761
0.743399
0.749991
0.759419
0.77015
0.780636
0.789623
0.796305
0.800368
0.801992
0.801829
0.800894
0.800336
0.801069
0.803589
0.807948
0.813899
0.82107
0.828997
0.837191
0.845208
0.852702
0.8594
0.864928
0.868799
0.870553
0.869946
0.86714
0.862688
0.857314
0.851664
0.846117
0.840745
0.835378
0.829771
0.823746
0.817323
0.810839
0.804876
0.800221
0.797626
0.797534
0.799866
0.803995
0.809001
0.814038
0.818587
0.822514
0.825984
0.829343
0.832841
0.83644
0.839806
0.842625
0.844953
0.847225
0.849888
0.853088
0.856642
0.860343
0.864203
0.868393
0.872987
0.877604
0.881431
0.883433
0.882708
0.878716
0.871362
0.860964
0.848339
0.834862
0.822402
0.813
0.808387
0.809532
0.816394
0.827993
0.842728
0.85876
0.874317
0.887788
0.897733
0.902986
0.902808
0.897012
0.885946
0.870399
0.851509
0.830716
0.80979
0.790869
0.776228
0.767804
0.766596
0.772367
0.783886
0.799361
0.816761
0.834046
0.849479
0.861983
0.871271
0.877611
0.881422
0.882895
0.881957
0.878539
0.872793
0.865109
0.855866
0.845239
0.83326
0.820086
0.806261
0.792846
0.781318
0.773275
0.769947
0.771678
0.777741
0.786555
0.79626
0.805307
0.812812
0.8185
0.822433
0.824749
0.825569
0.825146
0.823952
0.822434
0.82066
0.818204
0.814477
0.809205
0.80261
0.795178
0.787359
0.779527
0.772441
0.767869
0.768501
0.776393
0.790993
0.80909
0.82672
0.84091
0.850185
0.854154
0.852967
0.846964
0.836498
0.821956
0.804041
0.784279
0.765522
0.751638
0.745867
0.748766
0.757642
0.768057
0.776129
0.779872
0.779263
0.775608
0.770781
0.766579
0.764402
0.765127
0.769007
0.775653
0.78413
0.793396
0.802801
0.812336
0.822378
0.833171
0.844469
0.855519
0.8653
0.872803
0.877292
0.878477
0.876536
0.872006
0.865661
0.858312
0.850643
0.843142
0.836075
0.82946
0.823133
0.816786
0.810094
0.802874
0.795285
0.787936
0.781795
0.777857
0.776735
0.778503
0.782818
0.789303
0.797892
0.808884
0.82272
0.839437
0.858178
0.87715
0.894128
0.907111
0.914849
0.917052
0.914279
0.90759
0.89821
0.887281
0.875831
0.864684
0.854315
0.844953
0.836823
0.830332
0.825917
0.823739
0.823521
0.824599
0.826222
0.827842
0.829341
0.831033
0.833429
0.836757
0.840566
0.843789
0.845287
0.84436
0.840953
0.835577
0.829006
0.821954
0.814827
0.807801
0.801193
0.795797
0.792555
0.791624
0.791869
0.791416
0.788615
0.782767
0.7743
0.764571
0.755324
0.748056
0.743736
0.74287
0.745783
0.752651
0.763346
0.777097
0.79244
0.807387
0.81985
0.828259
0.832196
0.832592
0.831002
0.8285
0.825214
0.821131
0.817038
0.814514
0.815082
0.819349
0.82682
0.836166
0.845847
0.854675
0.862041
0.867674
0.871348
0.872687
0.871281
0.866939
0.859865
0.850688
0.84025
0.829235
0.817887
0.806056
0.793857
0.782351
0.773533
0.769412
0.770753
0.776594
0.784771
0.79305
0.799925
0.804762
0.807621
0.809015
0.809814
0.811061
0.813552
0.817341
0.82167
0.825499
0.828258
0.830128
0.831613
0.832843
0.833227
0.831668
0.827162
0.819328
0.808703
0.79689
0.786468
0.780424
0.780923
0.788061
0.799675
0.812296
0.822489
0.82775
0.82696
0.820506
0.810112
0.798356
0.787862
0.780615
0.777616
0.779059
0.784698
0.794054
0.806328
0.820205
0.8339
0.845581
0.853975
0.858809
0.860833
0.861454
0.862155
0.864011
0.867406
0.872012
0.876997
0.881354
0.884246
0.885315
0.884888
0.883914
0.883637
0.885021
0.888307
0.892866
0.897478
0.900786
0.901661
0.89945
0.894117
0.886268
0.876899
0.866807
0.855987
0.843676
0.829264
0.813185
0.797123
0.783375
0.773836
0.769174
0.768671
0.770872
0.774407
0.778542
0.783227
0.788752
0.795403
0.803339
0.812639
0.8233
0.835145
0.847683
0.860091
0.871378
0.880605
0.887085
0.890483
0.890834
0.888449
0.883861
0.877759
0.870904
0.86406
0.857834
0.852631
0.848646
0.845927
0.844384
0.843786
0.843846
0.844398
0.845531
0.847492
0.850517
0.854629
0.859535
0.864693
0.869491
0.873434
0.876437
0.878724
0.880629
0.882192
0.883035
0.882589
0.880666
0.878012
0.876378
0.877642
0.882406
0.889302
0.895739
0.89942
0.899136
0.894686
0.886567
0.875736
0.863526
0.851697
0.842356
0.837619
0.838842
0.845814
0.856567
0.868027
0.877137
0.881773
0.881076
0.875303
0.865468
0.852826
0.838458
0.823151
0.80756
0.792544
0.779506
0.77042
0.767307
0.771278
0.781775
0.796447
0.811865
0.824617
0.832302
0.834033
0.830403
0.823054
0.814155
0.806017
0.800779
0.7999
0.803522
0.81024
0.817578
0.823139
0.825545
0.824771
0.821722
0.817529
0.812939
0.808214
0.803449
0.79908
0.796152
0.795974
0.799284
0.80567
0.813688
0.821629
0.828231
0.832957
0.835831
0.837068
0.836864
0.83536
0.832837
0.829856
0.827241
0.825911
0.826541
0.829248
0.833508
0.838306
0.842551
0.845461
0.846763
0.846634
0.845379
0.843057
0.839323
0.833595
0.825453
0.815005
0.803032
0.79088
0.780077
0.772032
0.767891
0.768447
0.773988
0.783992
0.796913
0.810444
0.822118
0.830011
0.833208
0.831867
0.826962
0.819799
0.811576
0.803169
0.79522
0.788387
0.783474
0.781383
0.782875
0.788245
0.797105
0.808304
0.820167
0.831147
0.840344
0.847672
0.853588
0.858832
0.864255
0.870683
0.878641
0.88805
0.898126
0.907602
0.915137
0.919661
0.920522
0.91737
0.910067
0.898654
0.883604
0.866159
0.848412
0.832607
0.82027
0.812127
0.808701
0.810247
0.816026
0.824365
0.833554
0.842446
0.85054
0.857781
0.864298
0.870209
0.875459
0.879848
0.88319
0.885552
0.887223
0.888323
0.88832
0.885905
0.879617
0.868634
0.853382
0.835677
0.818274
0.803943
0.794491
0.790176
0.790096
0.793045
0.79797
0.803787
0.809284
0.813458
0.816075
0.817836
0.819918
0.823204
0.827695
0.832517
0.836372
0.838121
0.837247
0.834061
0.829686
0.82561
0.822929
0.821729
0.821152
0.820098
0.817889
0.814547
0.810596
0.806768
0.80369
0.801778
0.801302
0.802466
0.805385
0.809952
0.815844
0.822716
0.830312
0.838442
0.846731
0.85447
0.860664
0.864395
0.865237
0.863466
0.859931
0.855761
0.852026
0.849424
0.848108
0.847639
0.84716
0.845658
0.842118
0.835798
0.826763
0.816682
0.809127
0.807901
0.813894
0.824082
0.834229
0.841754
0.846183
0.848149
0.848476
0.847807
0.846523
0.844714
0.842356
0.839508
0.836552
0.834302
0.833901
0.836448
0.8424
0.851218
0.861491
0.871509
0.879909
0.886136
0.890484
0.893843
0.897299
0.901672
0.907158
0.913191
0.918582
0.921831
0.921604
0.917118
0.908402
0.896346
0.882518
0.868713
0.856357
0.846082
0.837619
0.830118
0.822701
0.814983
0.807193
0.799808
0.793373
0.788743
0.787344
0.790406
0.797466
0.805639
0.810828
0.809905
0.802237
0.790085
0.777918
0.770536
0.770307
0.77587
0.783608
0.790182
0.793779
0.793939
0.790985
0.785652
0.778965
0.772207
0.766734
0.763638
0.763422
0.765919
0.770508
0.776301
0.782299
0.787531
0.791358
0.793731
0.795154
0.796193
0.797124
0.798037
0.79907
0.800381
0.802045
0.804117
0.806665
0.809554
0.812184
0.813512
0.812532
0.809075
0.804154
0.799563
0.796822
0.796493
0.798331
0.801854
0.806664
0.812319
0.818202
0.82359
0.827917
0.830919
0.8326
0.832963
0.831862
0.829015
0.824216
0.817674
0.810051
0.802205
0.794741
0.78783
0.781589
0.77682
0.775129
0.777874
0.784709
0.793413
0.801264
0.806388
0.807922
0.805541
0.799228
0.789562
0.778047
0.767163
0.760041
0.759465
0.766632
0.780657
0.799373
0.820456
0.841795
0.86143
0.87764
0.889256
0.895851
0.897606
0.894992
0.888526
0.878749
0.866345
0.852271
0.837831
0.824611
0.814175
0.807728
0.80579
0.808111
0.813777
0.821462
0.829689
0.837099
0.842668
0.845811
0.846305
0.844197
0.839815
0.833918
0.827818
0.823238
0.821898
0.824971
0.832763
0.844617
0.85911
0.87444
0.888847
0.900897
0.909593
0.914403
0.915189
0.912124
0.905621
0.896273
0.88486
0.872334
0.859775
0.848291
0.838905
0.83234
0.82888
0.828328
0.830094
0.833381
0.837346
0.841291
0.844768
0.847537
0.849466
0.850362
0.84987
0.847593
0.843321
0.837346
0.830528
0.824143
0.819507
0.817575
0.818672
0.822438
0.828014
0.834282
0.840071
0.844351
0.846518
0.846666
0.845617
0.844601
0.844594
0.845863
0.847922
0.849959
0.851177
0.851009
0.849141
0.845494
0.840254
0.833795
0.826654
0.819393
0.812425
0.805777
0.798936
0.791126
0.781946
0.772289
0.764848
0.763169
0.769133
0.781086
0.795003
0.807316
0.816397
0.822318
0.825947
0.828257
0.830059
0.831999
0.834643
0.838477
0.843814
0.850644
0.85853
0.866678
0.874098
0.879918
0.883556
0.884838
0.88397
0.88141
0.877721
0.873461
0.869125
0.865121
0.861783
0.859322
0.857621
0.856111
0.854007
0.851118
0.848647
0.848856
0.852879
0.859006
0.863842
0.86484
0.861272
0.85376
0.843607
0.83253
0.822508
0.815328
0.811923
0.811796
0.813149
0.81354
0.810871
0.804152
0.793622
0.780239
0.765279
0.750266
0.737013
0.727359
0.72277
0.724053
0.73126
0.743749
0.760166
0.778609
0.796956
0.813379
0.826721
0.836645
0.843506
0.84815
0.851711
0.855445
0.860575
0.86789
0.877117
0.886606
0.893977
0.897244
0.895578
0.88927
0.87924
0.86666
0.852791
0.838843
0.825829
0.814386
0.804868
0.797722
0.793782
0.793905
0.798035
0.804651
0.811289
0.815598
0.816046
0.812152
0.804464
0.794113
0.782257
0.769883
0.758159
0.748687
0.743137
0.742568
0.746961
0.755385
0.766472
0.778917
0.79186
0.805023
0.81847
0.832028
0.844899
0.85587
0.863802
0.86793
0.867959
0.864077
0.856927
0.847443
0.836514
0.824746
0.812385
0.799553
0.786479
0.773564
0.761221
0.749621
0.73867
0.728333
0.719083
0.712131
0.709048
0.710998
0.718217
0.730218
0.746344
0.765886
0.787664
0.809887
0.830379
0.847166
0.859007
0.865574
0.867372
0.865491
0.861182
0.855424
0.848713
0.841124
0.832673
0.823737
0.815142
0.807835
0.802436
0.799003
0.797065
0.795832
0.794447
0.792243
0.788881
0.784421
0.779232
0.773886
0.769091
0.765752
0.764989
0.76791
0.775132
0.786292
0.800022
0.814456
0.827807
0.838773
0.846724
0.85167
0.854084
0.854591
0.853721
0.851808
0.848914
0.844896
0.839581
0.832961
0.825283
0.817005
0.808782
0.801544
0.79649
0.794691
0.796513
0.801196
0.807038
0.812035
0.814686
0.814458
0.811664
0.807101
0.801746
0.796701
0.793136
0.792185
0.794608
0.800399
0.808624
0.817568
0.825109
0.829225
0.82842
0.822096
0.810751
0.796115
0.781014
0.768669
0.761438
0.759728
0.761972
0.765814
0.769406
0.771954
0.773533
0.774662
0.776118
0.778904
0.784134
0.792804
0.805354
0.82135
0.839481
0.857763
0.873939
0.885853
0.891776
0.890645
0.882164
0.866876
0.846228
0.822564
0.798923
0.778544
0.764072
0.756824
0.75636
0.760713
0.767205
0.773445
0.778042
0.780803
0.782583
0.784971
0.789797
0.79849
0.811451
0.827658
0.844797
0.85987
0.870007
0.87318
0.868562
0.856594
0.838895
0.817918
0.796469
0.776993
0.760997
0.748983
0.740763
0.735859
0.733589
0.732996
0.732894
0.732181
0.730299
0.727619
0.725443
0.72557
0.729395
0.73704
0.747035
0.756831
0.763865
0.766472
0.764369
0.758679
0.75154
0.745613
0.743481
0.747147
0.757618
0.774718
0.797121
0.822634
0.848672
0.872756
0.892839
0.907397
0.915438
0.916459
0.910528
0.898431
0.881846
0.863395
0.84631
0.8336
0.827053
0.826596
0.830468
0.836142
0.841367
0.844764
0.84591
0.845055
0.84282
0.840026
0.83763
0.836626
0.83782
0.841415
0.846865
0.853116
0.859019
0.863613
0.866282
0.866825
0.865551
0.863365
0.86162
0.861822
0.865118
0.871865
0.881356
0.892003
0.901727
0.908495
0.910738
0.907728
0.899735
0.888126
0.875022
0.862639
0.852486
0.844888
0.839133
0.834153
0.829222
0.824312
0.819938
0.816646
0.814512
0.813178
0.812174
0.811262
0.810598
0.810671
0.812071
0.815099
0.819523
0.824697
0.829925
0.83483
0.839446
0.844047
0.848763
0.85334
0.857106
0.859232
0.859017
0.856048
0.8502
0.841684
0.831168
0.820044
0.810448
0.804749
0.804625
0.810165
0.81971
0.830715
0.841002
0.849643
0.856952
0.863745
0.870599
0.877395
0.883309
0.887141
0.887735
0.884426
0.877375
0.867748
0.857351
0.847785
0.839617
0.832312
0.82529
0.81903
0.815148
0.815346
0.820477
0.830486
0.84495
0.862918
0.882423
0.900728
0.915331
0.924819
0.928886
0.927903
0.922559
0.913762
0.902634
0.890499
0.878777
0.868733
0.861232
0.856476
0.853958
0.852491
0.850432
0.846183
0.838818
0.82845
0.816061
0.803012
0.790668
0.780544
0.774466
0.774152
0.780231
0.791562
0.805524
0.819203
0.830546
0.838812
0.844257
0.847524
0.849208
0.849752
0.849411
0.848362
0.846725
0.844681
0.842653
0.841286
0.841188
0.842659
0.845586
0.849713
0.854838
0.860921
0.868027
0.876145
0.885043
0.894067
0.902056
0.9075
0.908971
0.905581
0.897216
0.884416
0.868245
0.850184
0.832077
0.815949
0.803654
0.796442
0.794596
0.797482
0.803853
0.812218
0.821205
0.829743
0.837259
0.84377
0.849668
0.855125
0.859737
0.862865
0.864615
0.866513
0.870866
0.879392
0.892134
0.907304
0.922233
0.93448
0.942528
0.945839
0.944684
0.939989
0.932964
0.924668
0.915551
0.905457
0.894239
0.882369
0.870762
0.859761
0.848555
0.835962
0.821729
0.806829
0.792637
0.779889
0.76834
0.757307
0.746528
0.736682
0.72926
0.725974
0.728009
0.735562
0.747981
0.764259
0.783401
0.804377
0.825916
0.846397
0.863992
0.877057
0.884559
0.886385
0.883413
0.877115
0.868805
0.858998
0.847441
0.833592
0.817193
0.798591
0.778818
0.759525
0.742681
0.7301
0.722797
0.720644
0.722693
0.727806
0.735058
0.74368
0.752893
0.761902
0.770137
0.777522
0.784465
0.791582
0.799301
0.807796
0.817104
0.827242
0.838049
0.848814
0.858075
0.863893
0.864305
0.857894
0.844355
0.825043
0.803212
0.783265
0.768963
0.761604
0.759858
0.761289
0.764098
0.767598
0.771799
0.776825
0.782688
0.78943
0.797234
0.806324
0.816663
0.827719
0.838469
0.847771
0.854768
0.859
0.860394
0.859252
0.856279
0.852491
0.848965
0.846411
0.844918
0.84395
0.842771
0.840962
0.838689
0.836411
0.834341
0.832135
0.829109
0.824818
0.819557
0.814407
0.81077
0.809762
0.81178
0.816499
0.823239
0.831385
0.840521
0.850401
0.860787
0.871375
0.881738
0.891321
0.899538
0.905857
0.909948
0.91175
0.911296
0.908466
0.90293
0.894302
0.882525
0.868071
0.852008
0.835874
0.821459
0.810444
0.804008
0.802422
0.80491
0.809878
0.815427
0.819934
0.822346
0.822335
0.820123
0.816164
0.810966
0.805033
0.79891
0.793256
0.788743
0.785884
0.784871
0.785462
0.786977
0.788514
0.789404
0.789617
0.789795
0.790845
0.793254
0.796671
0.799974
0.801752
0.800882
0.797009
0.790796
0.783836
0.778127
0.775327
0.776118
0.78006
0.786005
0.792757
0.799511
0.805852
0.81156
0.816379
0.820031
0.822522
0.824391
0.826759
0.830863
0.837479
0.846626
0.857717
0.869915
0.882281
0.893724
0.902918
0.908577
0.909767
0.906044
0.897413
0.884116
0.866576
0.845461
0.822008
0.798202
0.776768
0.760739
0.752777
0.754337
0.764811
0.781195
0.798908
0.813475
0.82208
0.824239
0.821638
0.817393
0.815033
0.817254
0.824906
0.83669
0.849817
0.861237
0.868698
0.871276
0.869215
0.863529
0.855532
0.846578
0.837845
0.830358
0.824938
0.822258
0.823082
0.828411
0.839242
0.855775
0.876402
0.897639
0.915315
0.926048
0.92817
0.922155
0.910797
0.898663
0.890055
0.886532
0.886623
0.887969
0.889154
0.889816
0.889901
0.889191
0.887248
0.883657
0.878249
0.871291
0.863529
0.856085
0.850164
0.846539
0.845132
0.845055
0.845053
0.844187
0.842325
0.840286
0.839487
0.841177
0.845794
0.852795
0.860956
0.86882
0.875049
0.878703
0.879474
0.877777
0.874699
0.87183
0.87091
0.87323
0.878966
0.886994
0.895362
0.902173
0.906262
0.907292
0.905411
0.900879
0.893822
0.884343
0.87289
0.86066
0.849434
0.840739
0.834869
0.830738
0.826631
0.821136
0.813716
0.804774
0.795345
0.786695
0.779931
0.775686
0.773987
0.774362
0.77633
0.779791
0.784992
0.792167
0.801127
0.81114
0.82108
0.829719
0.836041
0.839597
0.840544
0.839431
0.83683
0.833016
0.827963
0.821514
0.813695
0.805017
0.796591
0.790013
0.786954
0.788561
0.795006
0.80541
0.818259
0.831983
0.845183
0.856573
0.865026
0.869748
0.870445
0.867305
0.860765
0.851351
0.839683
0.826673
0.813669
0.80233
0.794144
0.789881
0.789373
0.791666
0.795431
0.799386
0.802546
0.804337
0.804596
0.803469
0.801373
0.799016
0.797524
0.798242
0.802076
0.8087
0.816469
0.823195
0.827122
0.827364
0.823836
0.817039
0.807848
0.797429
0.787109
0.77818
0.771503
0.767271
0.765078
0.764214
0.76406
0.764335
0.765088
0.766577
0.769019
0.772407
0.776509
0.780971
0.785575
0.790321
0.795445
0.801305
0.808175
0.816097
0.824862
0.834089
0.843274
0.851878
0.85949
0.865912
0.871229
0.875636
0.879224
0.881852
0.88311
0.882533
0.879918
0.875555
0.87027
0.86506
0.860711
0.857498
0.855322
0.854008
0.853504
0.853889
0.855253
0.857467
0.859907
0.861419
0.860571
0.856234
0.848136
0.837086
0.824824
0.813531
0.805242
0.801412
0.802668
0.808735
0.818446
0.829907
0.840771
0.848783
0.852427
0.851613
0.847808
0.843208
0.839245
0.83564
0.830954
0.823932
0.814206
0.802257
0.789115
0.776075
0.76453
0.75569
0.750356
0.748818
0.751092
0.757079
0.766521
0.778708
0.792157
0.80468
0.813946
0.818218
0.816948
0.811056
0.802671
0.794531
0.789269
0.788601
0.792394
0.798558
0.804195
0.807259
0.807327
0.805132
0.801559
0.796975
0.791137
0.783715
0.774794
0.76495
0.754836
0.744866
0.735109
0.725573
0.716448
0.708226
0.701597
0.697317
0.695985
0.697918
0.703191
0.711742
0.723347
0.737377
0.752539
0.767046
0.779234
0.788137
0.793706
0.79654
0.797536
0.797529
0.797254
0.797414
0.798635
0.801197
0.804805
0.808739
0.81227
0.815128
0.817629
0.820451
0.82429
0.829609
0.836497
0.844646
0.853383
0.861841
0.869152
0.874586
0.877531
0.877379
0.873455
0.865239
0.852652
0.836184
0.816725
0.795353
0.773182
0.751496
0.731944
0.716475
0.706846
0.704071
0.708167
0.718377
0.733417
0.751667
0.771326
0.79064
0.808138
0.822695
0.833543
0.840285
0.843037
0.842484
0.839698
0.835802
0.831655
0.827736
0.824288
0.821517
0.81965
0.818773
0.818698
0.818922
0.818751
0.817473
0.814573
0.809814
0.803381
0.796055
0.789131
0.784168
0.782665
0.785656
0.7934
0.805032
0.818612
0.831606
0.841644
0.847089
0.847222
0.842197
0.832937
0.820958
0.80808
0.795952
0.0599952
0.0599955
0.059996
0.0599967
0.0599976
0.0599988
0.0600001
0.0600016
0.0600034
0.0600054
0.0600076
0.06001
0.0600126
0.0600154
0.0600185
0.0600217
0.0600252
0.060029
0.0600329
0.0600372
0.0600416
0.0600463
0.0600513
0.0600565
0.060062
0.0600677
0.0600737
0.06008
0.0600866
0.0600934
0.0601006
0.060108
0.0601157
0.0601238
0.0601322
0.0601408
0.0601499
0.0601592
0.0601689
0.060179
0.0601895
0.0602003
0.0602115
0.0602232
0.0602352
0.0602477
0.0602606
0.060274
0.0602879
0.0603023
0.0603172
0.0603326
0.0603486
0.0603652
0.0603824
0.0604002
0.0604187
0.0604379
0.0604577
0.0604783
0.0604997
0.060522
0.060545
0.060569
0.0605939
0.0606198
0.0606467
0.0606747
0.0607039
0.0607342
0.0607659
0.0607988
0.0608332
0.0608691
0.0609065
0.0609456
0.0609864
0.0610291
0.0610738
0.0611205
0.0611694
0.0612207
0.0612743
0.0613306
0.0613896
0.0614514
0.0615163
0.0615843
0.0616557
0.0617305
0.0618089
0.061891
0.0619769
0.0620666
0.0621601
0.0622573
0.062358
0.0624617
0.0625679
0.0626757
0.0627839
0.0628908
0.0629942
0.063091
0.0631774
0.0632488
0.0632993
0.0633228
0.0633128
0.0632639
0.0631737
0.0630451
0.0628889
0.0627249
0.062581
0.0624869
0.0624674
0.0625342
0.062683
0.0628956
0.0631447
0.0633999
0.0636329
0.0638221
0.0639565
0.0640387
0.0640861
0.0641283
0.0641998
0.064329
0.0645273
0.0647847
0.0650736
0.0653594
0.0656109
0.0658063
0.0659348
0.0659963
0.0659983
0.0659542
0.0658801
0.0657921
0.0657031
0.0656211
0.0655484
0.0654838
0.0654242
0.0653663
0.0653065
0.0652409
0.0651671
0.0650878
0.0650138
0.0649643
0.064962
0.0650255
0.0651624
0.0653673
0.0656245
0.0659124
0.0662082
0.0664905
0.0667412
0.0669467
0.0670987
0.0671946
0.0672374
0.0672345
0.0671975
0.0671406
0.0670794
0.0670288
0.0670016
0.0670063
0.0670461
0.0671191
0.0672187
0.0673353
0.0674582
0.0675775
0.067685
0.0677756
0.0678471
0.0679008
0.0679398
0.0679691
0.0679931
0.0680151
0.0680368
0.068058
0.0680781
0.0680965
0.0681136
0.0681307
0.0681496
0.0681719
0.0681982
0.0682281
0.0682603
0.0682931
0.068325
0.0683555
0.068385
0.0684148
0.0684472
0.0684842
0.0685281
0.0685801
0.0686406
0.0687092
0.0687843
0.0688633
0.0689435
0.0690214
0.0690938
0.0691574
0.0692091
0.069246
0.069266
0.0692673
0.0692495
0.0692135
0.0691618
0.0690992
0.0690318
0.0689664
0.0689086
0.0688612
0.0688229
0.068788
0.0687475
0.0686919
0.0686129
0.0685066
0.0683758
0.0682315
0.0680936
0.0679893
0.0679472
0.0679891
0.0681224
0.0683356
0.0686014
0.068884
0.069147
0.069359
0.0694955
0.0695386
0.069479
0.069319
0.0690805
0.0688102
0.0685769
0.0684513
0.068476
0.0686449
0.0689096
0.0692046
0.0694705
0.0696644
0.0697593
0.0697403
0.0696015
0.0693454
0.0689853
0.068549
0.0680816
0.0676441
0.067305
0.0671239
0.0671333
0.0673271
0.0676638
0.0680809
0.0685144
0.068914
0.0692488
0.0695069
0.0696904
0.0698098
0.0698797
0.0699152
0.0699298
0.0699345
0.0699365
0.0699405
0.0699481
0.0699595
0.0699738
0.0699902
0.0700076
0.0700256
0.0700439
0.0700626
0.0700817
0.0701012
0.0701204
0.0701383
0.0701529
0.0701614
0.0701594
0.0701416
0.0701007
0.0700288
0.0699171
0.0697588
0.0695514
0.0693014
0.0690287
0.0687672
0.068558
0.0684359
0.068414
0.0684786
0.0685968
0.0687323
0.0688567
0.0689542
0.0690205
0.0690589
0.0690768
0.0690832
0.0690862
0.0690922
0.0691044
0.0691233
0.0691466
0.0691701
0.0691892
0.0691998
0.0692002
0.0691909
0.0691755
0.0691591
0.0691475
0.069145
0.0691533
0.0691711
0.0691941
0.069217
0.0692345
0.0692424
0.0692388
0.0692238
0.0691995
0.0691695
0.0691377
0.0691083
0.0690846
0.0690685
0.0690606
0.0690604
0.0690663
0.0690766
0.0690899
0.069105
0.0691215
0.0691394
0.069159
0.0691806
0.0692043
0.0692295
0.069255
0.0692784
0.0692966
0.0693052
0.0692993
0.0692728
0.0692191
0.069131
0.0690014
0.0688243
0.0685972
0.0683232
0.0680151
0.0676975
0.0674075
0.0671889
0.0670829
0.0671146
0.0672843
0.0675669
0.0679208
0.0683008
0.0686685
0.0689971
0.069272
0.0694868
0.0696407
0.069735
0.0697716
0.0697519
0.0696773
0.0695505
0.0693772
0.0691685
0.0689415
0.0687184
0.0685216
0.0683672
0.0682609
0.0681975
0.0681656
0.0681542
0.0681568
0.0681719
0.0682013
0.0682463
0.0683059
0.0683761
0.0684508
0.0685243
0.0685923
0.0686529
0.0687059
0.0687526
0.0687944
0.0688331
0.0688696
0.0689045
0.0689379
0.0689695
0.068999
0.069026
0.0690502
0.0690715
0.0690899
0.0691057
0.069119
0.0691302
0.0691396
0.0691474
0.069154
0.0691593
0.0691635
0.0691662
0.0691674
0.0691664
0.069163
0.0691562
0.0691455
0.0691299
0.0691086
0.0690806
0.0690453
0.069002
0.0689509
0.0688926
0.0688288
0.0687621
0.068696
0.068635
0.068583
0.0685435
0.0685179
0.0685057
0.0685039
0.068508
0.068513
0.0685139
0.0685071
0.0684909
0.0684653
0.0684326
0.0683963
0.0683616
0.0683337
0.0683177
0.0683175
0.0683354
0.0683712
0.0684224
0.0684845
0.0685519
0.0686182
0.0686777
0.0687262
0.0687611
0.0687819
0.0687902
0.0687887
0.0687807
0.068769
0.0687548
0.0687378
0.068716
0.0686863
0.068646
0.0685937
0.06853
0.0684577
0.0683819
0.0683089
0.0682451
0.0681962
0.0681656
0.0681536
0.0681579
0.0681734
0.0681937
0.0682126
0.068226
0.0682329
0.068237
0.0682446
0.0682634
0.0682986
0.0683513
0.0684178
0.0684916
0.0685651
0.068632
0.068687
0.0687268
0.0687487
0.0687516
0.0687357
0.0687036
0.0686604
0.068613
0.0685694
0.0685364
0.0685189
0.0685194
0.068539
0.0685788
0.068641
0.0687282
0.0688414
0.0689783
0.0691323
0.0692937
0.0694515
0.0695955
0.0697177
0.0698124
0.0698762
0.0699072
0.0699049
0.0698699
0.0698043
0.0697124
0.0696004
0.0694767
0.0693512
0.0692331
0.0691304
0.0690485
0.0689902
0.0689563
0.0689459
0.0689555
0.0689786
0.0690052
0.0690229
0.0690191
0.0689837
0.0689124
0.068808
0.0686806
0.0685463
0.0684238
0.0683301
0.0682758
0.0682621
0.0682814
0.0683203
0.068364
0.0684009
0.0684251
0.0684378
0.0684457
0.068459
0.0684872
0.0685353
0.0686019
0.0686808
0.0687647
0.0688494
0.0689357
0.0690277
0.0691296
0.0692419
0.0693603
0.069477
0.0695827
0.0696694
0.0697317
0.0697666
0.0697734
0.0697528
0.0697059
0.0696339
0.0695382
0.0694202
0.0692822
0.0691279
0.0689635
0.0687981
0.0686439
0.0685148
0.0684241
0.0683816
0.0683904
0.0684464
0.0685394
0.0686564
0.0687843
0.0689124
0.0690331
0.0691421
0.0692373
0.0693185
0.0693862
0.0694416
0.0694858
0.0695198
0.0695442
0.0695596
0.0695662
0.0695642
0.0695542
0.0695371
0.0695152
0.0694915
0.0694709
0.0694591
0.0694622
0.0694854
0.0695316
0.0696005
0.0696878
0.0697859
0.0698847
0.0699728
0.0700378
0.070067
0.0700475
0.0699671
0.0698159
0.0695896
0.0692945
0.0689507
0.0685923
0.0682619
0.0680032
0.0678573
0.0678589
0.0680236
0.0683297
0.0687157
0.0691028
0.069424
0.0696381
0.0697276
0.0696881
0.0695218
0.0692379
0.0688623
0.0684524
0.0681035
0.0679256
0.0679877
0.0682714
0.068683
0.0691117
0.0694795
0.069753
0.0699308
0.0700271
0.0700603
0.0700477
0.0700033
0.0699379
0.0698602
0.0697781
0.0696994
0.0696329
0.0695875
0.069571
0.0695875
0.0696357
0.0697091
0.069797
0.0698876
0.06997
0.0700357
0.0700787
0.0700946
0.0700796
0.0700293
0.0699384
0.0698013
0.0696138
0.0693763
0.0690985
0.0688036
0.0685292
0.0683205
0.0682167
0.0682349
0.0683624
0.0685638
0.0687957
0.0690213
0.0692168
0.0693716
0.0694851
0.0695623
0.0696108
0.0696384
0.0696518
0.0696557
0.0696527
0.0696433
0.0696263
0.0695997
0.0695619
0.0695129
0.0694551
0.0693944
0.0693386
0.0692963
0.0692743
0.0692754
0.0692983
0.0693387
0.0693914
0.0694516
0.0695159
0.0695805
0.0696406
0.0696897
0.0697203
0.0697251
0.0696994
0.0696421
0.0695575
0.0694547
0.0693474
0.0692503
0.0691765
0.0691343
0.0691261
0.0691491
0.0691973
0.0692632
0.0693382
0.069414
0.0694827
0.0695383
0.0695777
0.0696006
0.0696097
0.0696094
0.0696052
0.0696027
0.069607
0.0696226
0.0696516
0.069694
0.0697469
0.069805
0.0698614
0.0699089
0.0699411
0.0699534
0.0699433
0.0699102
0.069856
0.0697846
0.0697026
0.0696181
0.0695405
0.0694786
0.0694389
0.0694245
0.0694352
0.0694677
0.0695179
0.0695811
0.0696534
0.069731
0.0698101
0.069887
0.0699576
0.0700183
0.0700656
0.0700965
0.0701089
0.0701012
0.0700725
0.0700226
0.0699521
0.069862
0.0697544
0.0696324
0.0694998
0.0693614
0.0692228
0.0690897
0.0689674
0.0688605
0.0687717
0.0687018
0.0686495
0.0686124
0.0685881
0.0685758
0.0685767
0.0685944
0.0686327
0.0686942
0.0687775
0.0688773
0.0689854
0.069092
0.0691891
0.0692706
0.0693338
0.0693784
0.0694063
0.0694202
0.0694238
0.0694204
0.0694132
0.069405
0.0693975
0.0693919
0.069389
0.0693884
0.0693895
0.0693912
0.0693921
0.0693904
0.0693844
0.0693721
0.0693519
0.0693222
0.0692821
0.0692314
0.0691711
0.0691038
0.0690336
0.0689667
0.0689101
0.0688714
0.0688566
0.0688692
0.0689084
0.068969
0.0690415
0.0691132
0.0691689
0.0691923
0.0691665
0.0690757
0.0689066
0.0686528
0.0683207
0.0679367
0.0675514
0.0672358
0.0670635
0.067081
0.0672808
0.0675988
0.0679405
0.0682172
0.0683709
0.0683816
0.0682651
0.0680678
0.0678572
0.0677045
0.0676598
0.0677344
0.067901
0.0681113
0.0683186
0.0684928
0.0686251
0.0687236
0.0688063
0.0688916
0.068992
0.0691107
0.0692433
0.0693814
0.0695167
0.0696428
0.0697563
0.0698557
0.0699412
0.0700128
0.0700709
0.0701149
0.0701438
0.0701553
0.0701465
0.0701133
0.0700511
0.0699553
0.0698226
0.0696529
0.0694518
0.0692312
0.0690084
0.0688005
0.0686159
0.0684471
0.0682711
0.0680602
0.0678008
0.0675132
0.0672606
0.0671323
0.0671975
0.0674612
0.0678611
0.0683066
0.0687221
0.0690651
0.0693226
0.0694994
0.0696084
0.0696644
0.0696816
0.0696729
0.0696502
0.0696247
0.069607
0.0696057
0.0696262
0.0696696
0.0697323
0.0698072
0.0698854
0.0699584
0.0700193
0.0700632
0.0700873
0.0700899
0.0700703
0.0700276
0.0699607
0.0698675
0.0697455
0.0695915
0.0694032
0.0691801
0.0689252
0.068647
0.0683603
0.0680847
0.0678417
0.0676492
0.067517
0.0674457
0.0674281
0.0674526
0.067506
0.067575
0.067647
0.0677119
0.0677633
0.0677995
0.0678234
0.0678416
0.0678623
0.0678932
0.0679398
0.0680039
0.0680836
0.0681742
0.0682698
0.0683639
0.0684514
0.0685285
0.068593
0.0686442
0.0686824
0.0687088
0.0687248
0.068732
0.0687321
0.0687265
0.0687163
0.0687026
0.0686858
0.0686663
0.0686439
0.0686179
0.0685875
0.0685511
0.068507
0.0684529
0.0683866
0.0683054
0.0682077
0.0680924
0.0679605
0.0678152
0.0676627
0.0675123
0.0673752
0.0672627
0.0671844
0.0671454
0.0671459
0.0671811
0.0672426
0.0673204
0.0674052
0.0674893
0.0675672
0.0676358
0.0676929
0.0677375
0.0677687
0.0677861
0.0677905
0.0677843
0.0677722
0.0677603
0.0677549
0.0677606
0.0677787
0.067807
0.0678403
0.0678732
0.0679015
0.0679239
0.0679412
0.0679561
0.0679719
0.0679931
0.068025
0.0680733
0.0681423
0.0682324
0.0683378
0.0684469
0.0685448
0.0686164
0.0686498
0.0686372
0.0685758
0.0684664
0.0683134
0.0681232
0.067905
0.0676711
0.0674383
0.0672298
0.0670737
0.0669981
0.0670224
0.0671494
0.0673631
0.0676346
0.0679319
0.0682281
0.0685052
0.0687533
0.0689684
0.0691493
0.0692959
0.0694087
0.0694876
0.0695325
0.0695434
0.0695201
0.0694632
0.0693749
0.0692601
0.0691268
0.068987
0.0688548
0.0687446
0.0686666
0.0686242
0.0686129
0.0686217
0.0686377
0.0686511
0.0686604
0.0686735
0.0687063
0.0687756
0.0688908
0.0690486
0.0692339
0.0694257
0.0696046
0.069758
0.0698806
0.0699736
0.0700418
0.0700923
0.0701319
0.0701669
0.0702021
0.0702405
0.0702832
0.0703297
0.0703778
0.070424
0.0704641
0.0704928
0.0705046
0.0704934
0.0704533
0.0703784
0.0702643
0.0701088
0.069914
0.0696888
0.0694507
0.0692256
0.0690447
0.068937
0.0689204
0.0689954
0.0691453
0.0693437
0.0695631
0.069783
0.0699919
0.0701864
0.0703676
0.0705385
0.070701
0.070855
0.0709988
0.0711297
0.0712443
0.0713398
0.0714135
0.0714635
0.0714881
0.0714864
0.0714578
0.0714027
0.0713228
0.0712215
0.0711038
0.0709767
0.0708476
0.0707233
0.0706079
0.0705019
0.0704019
0.0703023
0.0701992
0.0700945
0.0700007
0.0699408
0.0699417
0.0700228
0.0701847
0.070407
0.0706571
0.0709027
0.0711208
0.0713001
0.0714387
0.0715401
0.0716101
0.0716546
0.0716779
0.0716827
0.0716699
0.0716385
0.071586
0.0715088
0.0714033
0.0712665
0.0710975
0.0708984
0.0706754
0.070438
0.0701981
0.069968
0.0697594
0.0695838
0.0694538
0.0693829
0.0693826
0.069458
0.0696031
0.0698008
0.0700269
0.0702561
0.0704677
0.0706474
0.0707875
0.0708851
0.0709399
0.0709525
0.0709239
0.0708549
0.0707474
0.0706044
0.0704319
0.070239
0.0700389
0.069848
0.0696854
0.0695699
0.0695175
0.0695366
0.0696253
0.0697713
0.0699541
0.0701506
0.0703397
0.0705057
0.0706381
0.0707317
0.0707842
0.070795
0.0707643
0.0706921
0.0705789
0.0704263
0.0702389
0.0700267
0.0698072
0.0696056
0.0694515
0.0693706
0.0693754
0.0694599
0.0696013
0.0697679
0.0699283
0.0700564
0.0701336
0.0701479
0.0700949
0.0699791
0.0698171
0.0696395
0.0694861
0.0693947
0.0693864
0.0694569
0.0695819
0.0697312
0.0698812
0.0700203
0.0701462
0.0702607
0.0703656
0.0704601
0.0705404
0.0706
0.0706302
0.0706209
0.0705601
0.0704346
0.0702303
0.0699344
0.0695377
0.0690387
0.0684482
0.0677928
0.0671199
0.0664996
0.0660226
0.0657844
0.0658537
0.0662383
0.0668728
0.0676427
0.0684267
0.069132
0.0697071
0.0701373
0.0704322
0.0706135
0.0707069
0.0707371
0.0707248
0.0706868
0.0706348
0.0705768
0.0705173
0.0704584
0.0704004
0.0703427
0.0702841
0.0702237
0.0701607
0.0700947
0.0700262
0.0699558
0.0698848
0.0698148
0.0697476
0.0696849
0.0696283
0.0695786
0.0695365
0.0695018
0.0694737
0.0694511
0.0694329
0.0694177
0.0694043
0.0693916
0.0693788
0.0693651
0.0693497
0.0693317
0.0693102
0.0692838
0.0692513
0.0692113
0.0691625
0.0691044
0.0690371
0.0689619
0.0688815
0.0687997
0.0687211
0.0686507
0.0685929
0.0685511
0.0685277
0.0685235
0.0685387
0.0685725
0.0686239
0.0686919
0.0687752
0.0688726
0.0689824
0.0691019
0.0692274
0.0693542
0.0694772
0.0695913
0.0696923
0.0697769
0.0698429
0.069889
0.0699146
0.0699198
0.0699047
0.0698701
0.0698172
0.0697478
0.069664
0.0695692
0.0694668
0.0693613
0.0692573
0.0691599
0.069074
0.0690044
0.0689552
0.0689288
0.0689261
0.068945
0.0689814
0.069029
0.0690802
0.0691275
0.0691644
0.0691862
0.0691912
0.0691801
0.0691568
0.0691268
0.0690963
0.0690703
0.0690518
0.0690414
0.0690374
0.0690376
0.0690403
0.0690444
0.0690498
0.0690545
0.0690535
0.0690374
0.0689926
0.0689053
0.0687669
0.0685818
0.0683736
0.0681845
0.0680628
0.0680411
0.068119
0.0682649
0.0684342
0.0685893
0.0687102
0.068793
0.0688443
0.0688743
0.0688929
0.0689075
0.0689219
0.068937
0.0689517
0.0689639
0.0689713
0.0689722
0.0689654
0.0689513
0.0689306
0.0689054
0.0688776
0.0688498
0.0688237
0.0688008
0.0687816
0.0687661
0.0687538
0.068744
0.0687365
0.0687312
0.0687288
0.0687301
0.0687358
0.0687461
0.0687603
0.0687771
0.0687942
0.0688089
0.0688184
0.0688196
0.06881
0.068787
0.0687483
0.0686919
0.068617
0.0685239
0.0684152
0.0682961
0.0681751
0.0680629
0.0679716
0.0679123
0.0678927
0.067915
0.0679757
0.0680668
0.0681775
0.0682971
0.0684163
0.0685285
0.0686301
0.0687196
0.0687974
0.0688648
0.0689237
0.0689759
0.0690229
0.0690659
0.0691056
0.0691422
0.0691752
0.0692042
0.0692283
0.0692461
0.0692564
0.0692577
0.0692485
0.0692272
0.0691928
0.0691448
0.0690834
0.0690103
0.0689285
0.0688424
0.0687574
0.0686792
0.0686125
0.0685605
0.0685238
0.0685008
0.0684878
0.06848
0.0684734
0.0684658
0.0684588
0.0684588
0.0684764
0.0685244
0.068613
0.0687458
0.0689176
0.0691149
0.069321
0.0695196
0.0696984
0.0698499
0.069971
0.0700615
0.070123
0.070158
0.0701694
0.0701604
0.0701342
0.0700943
0.0700447
0.0699887
0.0699295
0.0698688
0.069807
0.0697433
0.0696769
0.0696089
0.0695435
0.069489
0.069456
0.0694544
0.0694886
0.0695551
0.0696428
0.0697369
0.0698237
0.069895
0.0699494
0.0699919
0.0700308
0.0700746
0.0701293
0.0701962
0.0702729
0.0703544
0.070435
0.07051
0.0705759
0.0706312
0.0706748
0.0707062
0.0707242
0.0707272
0.0707133
0.0706815
0.0706331
0.0705729
0.0705093
0.0704528
0.0704135
0.0703981
0.0704082
0.0704409
0.0704907
0.070552
0.0706205
0.0706932
0.0707677
0.0708417
0.0709113
0.0709715
0.0710158
0.0710364
0.0710256
0.070976
0.0708821
0.0707416
0.0705566
0.0703353
0.0700932
0.069853
0.0696436
0.0694951
0.0694336
0.0694738
0.0696139
0.0698361
0.0701104
0.0704034
0.0706853
0.0709344
0.071138
0.0712911
0.0713936
0.0714484
0.0714592
0.0714301
0.0713642
0.0712646
0.0711338
0.0709746
0.0707901
0.0705843
0.0703621
0.0701277
0.0698839
0.0696291
0.0693569
0.0690574
0.068723
0.0683585
0.0679916
0.0676756
0.0674747
0.0674345
0.0675587
0.0678117
0.0681439
0.0685134
0.068893
0.0692656
0.0696175
0.0699356
0.0702079
0.070425
0.0705821
0.0706786
0.0707179
0.0707064
0.0706529
0.0705676
0.0704617
0.0703469
0.0702343
0.0701342
0.0700552
0.0700035
0.0699821
0.06999
0.0700217
0.0700684
0.0701194
0.070165
0.0701981
0.0702156
0.0702184
0.0702107
0.0701989
0.0701898
0.0701898
0.0702026
0.0702292
0.0702671
0.0703104
0.0703512
0.0703797
0.0703861
0.0703612
0.070298
0.0701931
0.0700484
0.0698737
0.0696873
0.0695152
0.0693858
0.0693219
0.0693336
0.0694154
0.0695494
0.069713
0.0698855
0.0700513
0.0702009
0.0703298
0.0704372
0.0705247
0.0705952
0.0706522
0.0706994
0.0707402
0.0707772
0.0708124
0.0708471
0.0708822
0.0709183
0.0709559
0.0709953
0.0710369
0.0710807
0.071127
0.0711754
0.0712258
0.0712773
0.0713291
0.0713797
0.0714274
0.0714699
0.0715042
0.0715266
0.0715324
0.071516
0.071471
0.0713904
0.0712678
0.0710988
0.0708842
0.070633
0.0703658
0.0701157
0.0699236
0.0698278
0.069851
0.0699907
0.0702203
0.0705
0.0707898
0.0710594
0.0712919
0.0714824
0.0716349
0.0717583
0.0718631
0.0719587
0.0720517
0.0721451
0.0722386
0.0723292
0.072412
0.072481
0.0725299
0.0725521
0.0725421
0.0724956
0.0724113
0.0722929
0.0721507
0.072003
0.0718741
0.0717886
0.071763
0.071799
0.0718831
0.0719928
0.0721063
0.0722092
0.072298
0.0723777
0.0724587
0.0725512
0.0726612
0.0727879
0.0729232
0.0730542
0.0731667
0.0732482
0.0732907
0.0732917
0.0732543
0.0731863
0.073099
0.0730052
0.0729169
0.0728433
0.0727887
0.072753
0.0727322
0.0727217
0.0727184
0.0727229
0.0727407
0.0727809
0.0728537
0.072967
0.0731231
0.073316
0.0735319
0.0737509
0.073951
0.0741114
0.0742154
0.0742531
0.0742229
0.074133
0.0740009
0.073851
0.0737068
0.0735818
0.0734732
0.073362
0.0732225
0.0730361
0.0728023
0.0725442
0.0723011
0.0721124
0.0719999
0.071961
0.0719759
0.0720219
0.0720835
0.0721552
0.072239
0.0723414
0.0724731
0.0726484
0.0728792
0.0731651
0.073487
0.0738112
0.0741005
0.0743266
0.0744754
0.0745455
0.0745444
0.0744835
0.0743744
0.0742265
0.0740462
0.0738373
0.0736034
0.0733516
0.0730961
0.0728603
0.0726752
0.0725712
0.0725672
0.0726633
0.0728402
0.0730675
0.0733133
0.0735507
0.0737605
0.0739295
0.0740492
0.0741139
0.07412
0.0740656
0.0739509
0.0737785
0.0735546
0.0732892
0.0729985
0.0727058
0.0724413
0.0722371
0.0721163
0.0720824
0.0721158
0.0721832
0.0722509
0.072296
0.0723082
0.0722876
0.0722402
0.0721746
0.0721003
0.0720265
0.0719609
0.0719087
0.0718709
0.0718452
0.0718267
0.0718097
0.0717894
0.0717629
0.0717292
0.0716889
0.0716437
0.0715957
0.0715466
0.0714981
0.0714511
0.071406
0.071363
0.0713219
0.0712825
0.0712446
0.0712081
0.0711729
0.0711393
0.0711075
0.0710778
0.0710506
0.0710261
0.0710048
0.070987
0.0709727
0.0709623
0.0709557
0.0709528
0.0709535
0.0709575
0.0709642
0.0709727
0.070982
0.0709902
0.0709953
0.070994
0.0709825
0.0709561
0.0709095
0.0708376
0.070737
0.0706089
0.070462
0.0703147
0.0701949
0.0701332
0.0701519
0.0702549
0.0704259
0.0706355
0.0708528
0.0710538
0.0712245
0.0713587
0.0714551
0.0715137
0.071534
0.0715136
0.0714483
0.0713333
0.0711668
0.0709552
0.0707199
0.0705012
0.0703515
0.0703168
0.0704136
0.0706195
0.0708851
0.0711581
0.0714003
0.0715923
0.0717287
0.0718119
0.0718461
0.0718352
0.0717807
0.0716827
0.0715412
0.0713591
0.0711448
0.0709159
0.0706995
0.0705294
0.0704382
0.0704491
0.0705695
0.0707886
0.0710814
0.0714143
0.0717538
0.0720724
0.0723522
0.0725845
0.0727675
0.0729034
0.0729962
0.0730498
0.0730676
0.0730526
0.0730073
0.0729349
0.0728402
0.0727307
0.0726169
0.0725119
0.0724293
0.0723803
0.0723714
0.0724025
0.0724679
0.0725585
0.072664
0.0727751
0.072884
0.0729845
0.0730716
0.0731413
0.0731907
0.0732182
0.0732237
0.0732088
0.0731766
0.0731319
0.0730807
0.0730304
0.0729886
0.0729622
0.0729551
0.0729657
0.0729851
0.0729981
0.0729865
0.072935
0.0728371
0.0727001
0.0725467
0.072409
0.0723168
0.0722826
0.0722934
0.0723149
0.0723044
0.0722266
0.0720639
0.0718227
0.0715331
0.0712412
0.0709921
0.0708114
0.0706981
0.0706345
0.0706037
0.0706012
0.0706353
0.0707183
0.0708569
0.0710453
0.0712647
0.0714866
0.0716791
0.0718119
0.0718604
0.0718104
0.0716653
0.0714557
0.0712443
0.0711134
0.0711295
0.0713057
0.0715949
0.0719212
0.0722188
0.0724503
0.0726037
0.072682
0.0726922
0.0726403
0.0725282
0.0723538
0.0721139
0.0718091
0.0714523
0.0710781
0.0707445
0.0705183
0.0704453
0.0705237
0.0707073
0.0709339
0.0711536
0.0713399
0.0714849
0.0715903
0.0716612
0.0717028
0.0717203
0.0717185
0.0717019
0.0716733
0.0716334
0.0715799
0.0715084
0.0714155
0.0713008
0.0711709
0.0710391
0.0709232
0.0708398
0.070798
0.0707965
0.0708261
0.0708748
0.0709322
0.0709916
0.0710486
0.0710995
0.0711403
0.0711664
0.0711745
0.0711627
0.071132
0.0710858
0.0710299
0.0709715
0.0709178
0.0708752
0.0708474
0.0708357
0.0708381
0.070851
0.0708694
0.0708885
0.0709044
0.0709145
0.0709174
0.0709131
0.0709021
0.0708857
0.0708655
0.0708432
0.0708204
0.0707988
0.0707797
0.0707644
0.0707538
0.0707488
0.0707499
0.0707576
0.0707722
0.0707939
0.0708225
0.0708579
0.0708996
0.0709469
0.0709992
0.0710553
0.0711139
0.0711738
0.0712334
0.0712909
0.0713448
0.071393
0.0714336
0.0714648
0.0714845
0.0714906
0.0714811
0.0714538
0.0714058
0.0713335
0.0712322
0.0710965
0.0709225
0.0707127
0.070484
0.0702742
0.0701397
0.0701359
0.0702885
0.0705764
0.0709435
0.0713277
0.0716835
0.0719878
0.0722332
0.0724199
0.0725498
0.0726244
0.0726455
0.0726181
0.0725527
0.0724674
0.0723859
0.0723324
0.0723229
0.0723606
0.0724354
0.0725304
0.0726291
0.0727202
0.0727981
0.0728606
0.0729066
0.0729335
0.0729366
0.0729085
0.072839
0.0727143
0.0725173
0.07223
0.0718425
0.071373
0.0708976
0.0705635
0.0705399
0.0709041
0.0715716
0.0723569
0.0730938
0.0736954
0.0741431
0.0744538
0.0746545
0.0747702
0.0748198
0.0748154
0.0747631
0.074664
0.074515
0.0743111
0.0740471
0.0737219
0.0733434
0.0729341
0.0725343
0.0721987
0.0719826
0.0719208
0.0720086
0.0721981
0.0724135
0.0725783
0.0726397
0.0725823
0.0724327
0.0722538
0.072126
0.0721146
0.072239
0.0724679
0.0727413
0.0730001
0.0732
0.0733111
0.0733103
0.0731808
0.0729226
0.0725735
0.0722254
0.0720041
0.0720028
0.0722169
0.0725516
0.072892
0.0731611
0.0733308
0.0734045
0.0733968
0.0733224
0.0731905
0.0730033
0.0727565
0.0724421
0.0720575
0.0716226
0.0712
0.0708972
0.070827
0.0710377
0.071478
0.0720324
0.0725881
0.0730717
0.0734486
0.0737076
0.0738474
0.0738688
0.0737731
0.0735636
0.0732518
0.072866
0.0724579
0.0720997
0.0718648
0.0717993
0.0719038
0.0721385
0.072446
0.0727717
0.0730752
0.0733317
0.0735297
0.0736661
0.073743
0.0737647
0.0737355
0.0736595
0.0735408
0.073384
0.0731957
0.0729856
0.0727678
0.0725605
0.0723848
0.072261
0.0722034
0.0722149
0.072284
0.0723863
0.0724897
0.0725626
0.072582
0.0725409
0.0724531
0.0723504
0.0722721
0.0722468
0.0722821
0.0723675
0.0724892
0.0726419
0.072827
0.0730432
0.0732786
0.0735132
0.073726
0.0739026
0.0740384
0.0741367
0.0742058
0.0742559
0.074296
0.074333
0.0743707
0.0744103
0.074451
0.074491
0.0745278
0.0745594
0.0745842
0.0746016
0.0746112
0.0746137
0.07461
0.0746016
0.0745903
0.0745778
0.074566
0.0745564
0.0745502
0.0745484
0.0745516
0.0745603
0.074575
0.0745961
0.0746239
0.0746583
0.0746983
0.0747418
0.0747847
0.0748214
0.0748442
0.074844
0.0748108
0.0747347
0.074608
0.0744272
0.0741959
0.0739267
0.0736428
0.0733759
0.0731614
0.0730301
0.0730004
0.0730738
0.0732342
0.0734532
0.073698
0.0739385
0.0741528
0.0743283
0.0744604
0.0745499
0.0746
0.0746135
0.0745928
0.0745395
0.0744565
0.0743501
0.0742319
0.0741179
0.0740252
0.0739666
0.0739457
0.0739557
0.0739825
0.0740098
0.0740237
0.074015
0.0739793
0.0739157
0.0738266
0.0737171
0.0735954
0.0734727
0.0733627
0.0732795
0.0732341
0.0732315
0.0732689
0.0733363
0.0734196
0.0735046
0.0735792
0.0736356
0.07367
0.0736819
0.0736734
0.0736481
0.0736104
0.0735649
0.0735161
0.0734679
0.0734233
0.0733845
0.0733526
0.0733277
0.073309
0.0732955
0.0732856
0.0732779
0.073271
0.0732641
0.0732567
0.0732488
0.0732407
0.0732334
0.0732279
0.0732254
0.0732269
0.0732331
0.0732444
0.0732604
0.0732801
0.0733016
0.0733226
0.0733403
0.0733514
0.0733525
0.0733403
0.0733115
0.0732632
0.0731934
0.0731015
0.0729888
0.0728603
0.0727251
0.0725973
0.0724946
0.0724357
0.0724345
0.072496
0.0726134
0.0727696
0.0729419
0.0731063
0.0732415
0.0733301
0.0733598
0.0733255
0.0732316
0.0730966
0.0729539
0.0728462
0.0728105
0.0728602
0.0729777
0.0731225
0.07325
0.0733271
0.0733391
0.07329
0.0731982
0.0730902
0.0729922
0.0729205
0.0728758
0.0728443
0.072805
0.0727401
0.0726422
0.0725173
0.0723828
0.0722631
0.072183
0.0721621
0.0722105
0.0723268
0.0724989
0.0727069
0.0729279
0.0731397
0.0733246
0.07347
0.073568
0.0736135
0.0736028
0.0735317
0.0733949
0.0731862
0.0729024
0.0725486
0.0721479
0.0717494
0.0714257
0.0712522
0.0712749
0.0714863
0.0718319
0.0722371
0.0726361
0.0729847
0.0732618
0.0734636
0.0735966
0.0736726
0.0737048
0.0737063
0.0736885
0.0736613
0.073633
0.0736101
0.0735972
0.0735975
0.0736124
0.0736417
0.0736841
0.0737371
0.0737978
0.0738629
0.0739288
0.0739923
0.0740503
0.0741003
0.07414
0.0741678
0.0741819
0.0741805
0.0741611
0.0741194
0.0740498
0.0739446
0.073795
0.0735934
0.0733368
0.0730322
0.0727017
0.0723834
0.0721262
0.0719756
0.0719594
0.0720795
0.0723137
0.0726248
0.0729705
0.0733122
0.0736207
0.0738787
0.0740794
0.0742237
0.0743168
0.0743655
0.074377
0.0743577
0.074314
0.0742522
0.0741793
0.0741028
0.0740311
0.0739722
0.0739326
0.0739161
0.0739231
0.0739502
0.0739911
0.0740378
0.074082
0.0741157
0.0741321
0.0741253
0.0740907
0.0740248
0.0739263
0.0737964
0.0736404
0.073468
0.0732925
0.0731294
0.0729923
0.0728905
0.072827
0.0727996
0.0728029
0.0728312
0.0728795
0.0729438
0.0730203
0.0731052
0.0731939
0.0732817
0.0733643
0.0734377
0.0734994
0.0735479
0.0735833
0.0736068
0.0736205
0.0736274
0.0736309
0.0736343
0.0736404
0.0736512
0.0736677
0.0736893
0.073714
0.0737381
0.0737563
0.0737611
0.0737422
0.0736861
0.0735746
0.0733846
0.0730893
0.0726641
0.0721018
0.0714386
0.0707786
0.0702803
0.0700772
0.0701853
0.0704969
0.0708659
0.0711875
0.0714178
0.0715565
0.0716264
0.0716603
0.0716918
0.0717469
0.0718387
0.071966
0.0721173
0.0722769
0.0724308
0.0725685
0.072684
0.0727743
0.0728381
0.0728746
0.0728832
0.0728621
0.0728085
0.0727182
0.0725848
0.0724
0.072154
0.0718389
0.071454
0.0710173
0.0705769
0.070213
0.0700135
0.0700285
0.0702373
0.0705619
0.0709125
0.071225
0.0714698
0.0716425
0.071751
0.0718067
0.0718204
0.0718009
0.0717555
0.0716916
0.0716173
0.0715426
0.0714789
0.0714378
0.071428
0.0714528
0.0715087
0.0715857
0.0716701
0.0717472
0.0718041
0.0718316
0.0718245
0.0717819
0.0717073
0.0716082
0.0714949
0.0713793
0.0712714
0.0711775
0.0710977
0.0710271
0.0709576
0.0708821
0.0707978
0.0707084
0.0706249
0.0705632
0.0705407
0.07057
0.0706556
0.0707923
0.0709673
0.0711645
0.0713686
0.071567
0.0717511
0.0719156
0.0720576
0.0721765
0.0722724
0.0723469
0.0724021
0.0724405
0.0724652
0.0724795
0.0724867
0.07249
0.072492
0.0724947
0.0724986
0.0725029
0.0725049
0.0725004
0.0724834
0.0724467
0.072383
0.0722858
0.0721518
0.0719835
0.0717925
0.0716011
0.0714395
0.0713391
0.0713213
0.0713894
0.0715289
0.0717144
0.07192
0.0721252
0.0723171
0.0724887
0.0726366
0.0727594
0.0728554
0.072923
0.0729592
0.0729602
0.0729211
0.0728361
0.0726993
0.0725062
0.0722556
0.071953
0.0716142
0.0712666
0.0709469
0.070693
0.070532
0.0704706
0.0704951
0.0705799
0.0706983
0.0708317
0.0709713
0.0711161
0.0712689
0.0714315
0.0716021
0.0717755
0.0719438
0.0720991
0.0722347
0.072346
0.072431
0.0724889
0.0725204
0.0725265
0.0725083
0.0724669
0.0724033
0.0723192
0.0722171
0.0721014
0.0719784
0.0718565
0.0717449
0.071652
0.0715838
0.0715425
0.0715267
0.0715325
0.0715547
0.0715876
0.0716252
0.0716612
0.0716886
0.0717003
0.0716909
0.0716575
0.0716019
0.0715316
0.0714595
0.0714028
0.0713801
0.0714068
0.0714908
0.0716299
0.0718113
0.0720146
0.0722164
0.0723941
0.0725296
0.0726102
0.0726302
0.0725921
0.0725085
0.0724019
0.0723026
0.0722411
0.0722371
0.072293
0.0723943
0.0725175
0.0726402
0.0727463
0.072828
0.0728838
0.0729157
0.0729273
0.072923
0.0729068
0.0728827
0.0728544
0.0728248
0.0727955
0.0727658
0.0727312
0.0726838
0.0726132
0.0725121
0.072384
0.0722513
0.0721543
0.0721358
0.0722165
0.0723783
0.0725721
0.0727442
0.0728598
0.0729144
0.0729298
0.0729424
0.072988
0.0730877
0.0732417
0.0734329
0.0736368
0.0738308
0.0739993
0.0741337
0.0742309
0.0742909
0.0743152
0.0743064
0.0742684
0.0742066
0.0741287
0.0740444
0.0739647
0.073899
0.0738527
0.073825
0.0738082
0.0737901
0.0737567
0.0736955
0.0735984
0.0734624
0.0732901
0.0730891
0.0728697
0.0726422
0.0724137
0.0721871
0.071965
0.0717575
0.0715895
0.0714987
0.0715193
0.0716599
0.0718938
0.0721708
0.0724399
0.0726661
0.0728343
0.0729443
0.0730044
0.0730256
0.0730182
0.0729909
0.0729497
0.0728983
0.0728383
0.0727697
0.072691
0.0726003
0.0724949
0.0723724
0.0722312
0.0720714
0.071896
0.071712
0.0715312
0.0713689
0.0712412
0.0711604
0.071131
0.0711478
0.0711982
0.0712664
0.0713375
0.0714005
0.0714493
0.0714813
0.0714971
0.0714988
0.0714891
0.0714711
0.0714478
0.0714222
0.0713971
0.0713749
0.0713581
0.0713486
0.0713475
0.0713555
0.0713722
0.0713965
0.0714265
0.0714597
0.0714934
0.0715246
0.0715507
0.0715692
0.0715782
0.0715763
0.0715626
0.0715372
0.0715011
0.0714563
0.0714056
0.0713525
0.0713008
0.0712535
0.0712125
0.0711785
0.0711507
0.0711276
0.0711077
0.0710901
0.0710753
0.0710645
0.0710601
0.0710646
0.0710804
0.0711095
0.0711531
0.0712118
0.0712855
0.0713733
0.0714737
0.0715846
0.0717029
0.0718255
0.0719484
0.0720678
0.0721799
0.0722811
0.0723684
0.0724397
0.0724936
0.0725304
0.0725516
0.0725597
0.0725584
0.072551
0.0725396
0.0725244
0.0725029
0.0724706
0.0724231
0.0723574
0.0722746
0.0721817
0.0720907
0.0720172
0.0719757
0.0719758
0.0720194
0.072101
0.0722109
0.0723379
0.0724719
0.0726046
0.0727295
0.0728413
0.0729363
0.0730115
0.0730647
0.0730942
0.0730986
0.0730766
0.0730276
0.0729517
0.0728503
0.0727267
0.0725859
0.0724349
0.0722826
0.0721394
