1 123.538 123.538 0
2 139.684 131.611 5.70857
3 141.685 134.969 4.69051
4 141.646 136.638 3.80335
5 149.058 139.122 3.76756
6 138.142 138.959 3.14317
7 157.986 141.677 3.68669
8 150.132 142.734 3.37394
9 129.049 141.213 3.32407
10 145.767 141.669 3.0227
11 136.178 141.17 2.78881
12 165.842 143.226 3.2265
13 165.08 144.907 3.38807
14 152.14 145.423 3.18522
15 159.172 146.34 3.10195
16 177.891 148.312 3.47887
17 167.618 149.448 3.45463
18 134.4 148.612 3.36233
19 167.03 149.581 3.32217
20 154.898 149.847 3.16668
