1 0.87232 0.87232 0
2 0.887052 0.879686 0.00520855
3 0.93148 0.896951 0.0145179
4 0.924536 0.903847 0.0124188
5 0.945184 0.912114 0.0123849
6 0.953008 0.91893 0.0120511
7 0.905588 0.917024 0.0104791
8 0.974452 0.924202 0.011365
9 0.88942 0.920338 0.0107393
10 0.89898 0.918202 0.00987545
11 0.936348 0.919852 0.00911442
12 0.795812 0.909515 0.0129517
13 0.969476 0.914127 0.0127503
14 0.932308 0.915426 0.0119055
15 0.914608 0.915371 0.0111119
16 0.553156 0.892733 0.0242691
17 0.927668 0.894788 0.0229284
18 0.924144 0.896419 0.0217125
19 0.9297 0.898171 0.0206403
20 0.924724 0.899498 0.0196509
