1 0.661842 0.661842 0
2 0.687992 0.674917 0.00924542
3 0.680112 0.676649 0.00632371
4 0.664532 0.673619 0.00541995
5 0.673322 0.67356 0.00433629
6 0.673734 0.673589 0.00361367
7 0.678952 0.674355 0.00317761
8 0.655108 0.671949 0.00357707
9 0.644644 0.668915 0.0042769
10 0.682852 0.670309 0.00406995
11 0.663256 0.669668 0.00375012
12 0.679074 0.670452 0.00351858
13 0.680546 0.671228 0.0033325
14 0.661596 0.67054 0.00316469
15 0.679894 0.671164 0.00301452
16 0.660658 0.670507 0.00289674
17 0.697398 0.672089 0.00312856
18 0.676822 0.672352 0.00296578
19 0.680922 0.672803 0.00284378
20 0.6646 0.672393 0.00273101
