1 24.0061 0.480121 0
2 17.7282 0.417343 0.0443912
3 20.8195 0.417025 0.0295953
4 17.8271 0.401905 0.0257713
5 18.5463 0.395709 0.0213489
6 19.1489 0.393587 0.0178959
7 15.197 0.38078 0.0193875
8 18.2863 0.378898 0.0170552
9 19.6543 0.380475 0.0152328
10 18.4976 0.379422 0.0137458
11 20.2456 0.38174 0.01269
12 14.2545 0.373686 0.0139563
13 15.5986 0.368938 0.0136663
14 20.7021 0.37216 0.0130643
15 17.0008 0.370017 0.0123679
16 11.0865 0.360749 0.0146618
17 13.7212 0.355671 0.0146523
18 19.3359 0.357396 0.0139394
19 13.2557 0.352539 0.0140265
20 16.7065 0.351619 0.0133553
