1 -0.977536 -0.977536 0
2 -0.980864 -0.9792 0.00117663
3 -0.972856 -0.977085 0.00189645
4 -0.97652 -0.976944 0.00142759
5 -0.978464 -0.977248 0.001174
6 -0.971472 -0.976285 0.00131507
7 -0.971488 -0.9756 0.00129351
8 -0.976712 -0.975739 0.00113926
9 -0.977016 -0.975881 0.00102148
10 -0.974296 -0.975722 0.000931544
11 -0.968896 -0.975102 0.00103309
12 -0.976264 -0.975199 0.00095153
13 -0.974448 -0.975141 0.000880085
14 -0.9738 -0.975045 0.000822418
15 -0.961552 -0.974146 0.00115949
16 -0.977096 -0.97433 0.00110159
17 -0.978824 -0.974594 0.00106804
18 -0.975904 -0.974667 0.00101118
19 -0.988432 -0.975392 0.0011895
20 -0.970768 -0.97516 0.00115227
