1 166.546 166.546 0
2 170.709 168.628 1.4718
3 154.481 163.912 3.97324
4 160.502 163.06 3.07003
5 167.423 163.932 2.57706
6 153.519 162.197 2.66872
7 153.255 160.919 2.5751
8 162.128 161.071 2.25764
9 161.865 161.159 2.00852
10 162.524 161.295 1.8123
11 145.668 159.875 2.13287
12 161.828 160.038 1.96133
13 156.783 159.787 1.82636
14 159.14 159.741 1.69649
15 134.888 158.084 2.25153
16 162.273 158.346 2.12598
17 166.691 158.837 2.05682
18 160.802 158.946 1.94544
19 185.415 160.339 2.28811
20 152.408 159.943 2.20779
