1 9.91067 0.198213 0
2 9.90788 0.198185 1.97608e-05
3 9.7688 0.197249 0.000764778
4 9.8484 0.197179 0.000576801
5 9.83075 0.197066 0.000472332
6 9.93452 0.197337 0.000464778
7 9.77971 0.197088 0.000460234
8 9.84046 0.197053 0.00040402
9 9.61151 0.196517 0.000619846
10 10.0059 0.196877 0.00065414
11 9.68903 0.196596 0.000652438
12 9.61524 0.196238 0.000689124
13 10.0396 0.196588 0.000719644
14 9.94421 0.196752 0.000686671
15 9.66658 0.196524 0.000677704
16 9.61265 0.196257 0.000685916
17 9.7935 0.196235 0.000645946
18 10.1637 0.196626 0.000718742
19 9.77325 0.196565 0.000683504
20 9.71404 0.19645 0.000658798
