1 10.057 0.20114 0
2 10.0134 0.200704 0.000308474
3 10.0358 0.200708 0.000205681
4 10.0022 0.200542 0.000210742
5 10.0887 0.200789 0.000277434
6 9.6661 0.199544 0.0011593
7 9.58676 0.198429 0.00143323
8 9.75265 0.198007 0.00131472
9 9.76117 0.197697 0.00120446
10 9.63928 0.197206 0.00117993
11 9.81818 0.19713 0.00107515
12 10.1169 0.197564 0.00106955
13 9.95663 0.197684 0.000994068
14 9.52384 0.197169 0.00104793
15 9.96932 0.197317 0.000988436
16 10.0314 0.197524 0.000948082
17 9.95817 0.197621 0.000897203
18 9.95438 0.197702 0.000851051
19 9.91355 0.197732 0.000806785
20 9.98187 0.197827 0.00077205
