1 14.8577 0.297154 0
2 13.4261 0.282838 0.0101226
3 18.2256 0.310063 0.0232308
4 14.2693 0.303894 0.0182238
5 14.562 0.301363 0.0147537
6 17.4743 0.309384 0.0143098
7 17.8419 0.316163 0.013778
8 14.6151 0.31318 0.0123744
9 14.4486 0.31049 0.011288
10 16.8234 0.313088 0.0104539
11 18.1142 0.31756 0.0104164
12 15.1084 0.316278 0.00962701
13 15.7302 0.316149 0.00888733
14 17.0524 0.317927 0.00842859
15 20.3407 0.323853 0.00972927
16 15.2277 0.322647 0.00919566
17 13.3398 0.319362 0.00922298
18 15.3522 0.318677 0.00873594
19 8.70981 0.311073 0.011103
20 17.7461 0.313266 0.0107621
