1 0.686626 0.686626 0
2 0.681034 0.68383 0.00197707
3 0.681858 0.683173 0.00142313
4 0.66227 0.677947 0.00464972
5 0.651126 0.672583 0.00607095
6 0.649222 0.668689 0.00618283
7 0.682628 0.670681 0.00561106
8 0.706822 0.675198 0.0064779
9 0.717854 0.679938 0.00728857
10 0.683614 0.680305 0.00656898
11 0.691884 0.681358 0.00605555
12 0.649836 0.678731 0.00609409
13 0.715198 0.681536 0.0062376
14 0.663888 0.680276 0.00591807
15 0.668684 0.679503 0.00557376
16 0.68123 0.679611 0.00522644
17 0.657978 0.678338 0.00507155
18 0.65831 0.677226 0.00491034
19 0.696214 0.678225 0.00475252
20 0.679268 0.678277 0.00451518
