1 -0.955688 -0.955688 0
2 -0.965424 -0.960556 0.0034422
3 -0.964592 -0.961901 0.00254415
4 -0.965456 -0.96279 0.00205747
5 -0.968472 -0.963926 0.00193452
6 -0.964664 -0.964049 0.001616
7 -0.975584 -0.965697 0.00206058
8 -0.969424 -0.966163 0.00185492
9 -0.959192 -0.965388 0.0018033
10 -0.967144 -0.965564 0.00163149
11 -0.962608 -0.965295 0.00150514
12 -0.979112 -0.966447 0.00176603
13 -0.978808 -0.967398 0.00186871
14 -0.96844 -0.967472 0.00173672
15 -0.972384 -0.967799 0.00165152
16 -0.984288 -0.96883 0.00184197
17 -0.980208 -0.969499 0.00185123
18 -0.962624 -0.969117 0.00178735
19 -0.98044 -0.969713 0.00178987
20 -0.973136 -0.969884 0.00170854
