1 0.906532 0.906532 0
2 0.848304 0.877418 0.0205867
3 0.832584 0.862473 0.0183645
4 0.936956 0.881094 0.0212074
5 0.817344 0.868344 0.0204424
6 0.955028 0.882791 0.0215439
7 0.704756 0.857358 0.0299242
8 0.940492 0.867749 0.0279299
9 0.925024 0.874113 0.0255413
10 0.86518 0.87322 0.0230028
11 0.747548 0.861795 0.0235787
12 0.896512 0.864688 0.0217905
13 0.942264 0.870656 0.0209155
14 0.86338 0.870136 0.019428
15 0.923676 0.873705 0.0184577
16 0.979252 0.880302 0.0184453
17 0.78498 0.874695 0.0181926
18 0.925444 0.877514 0.017399
19 0.958112 0.881756 0.0169925
20 0.900556 0.882696 0.0161689
