1 -0.463232 -0.463232 0
2 -0.461928 -0.46258 0.000461034
3 -0.463488 -0.462883 0.000394384
4 -0.459432 -0.46202 0.000803515
5 -0.460288 -0.461674 0.000713583
6 -0.46296 -0.461888 0.000626034
7 -0.463016 -0.462049 0.000556954
8 -0.463824 -0.462271 0.000529682
9 -0.464096 -0.462474 0.000508163
10 -0.462968 -0.462523 0.000459744
11 -0.465792 -0.46282 0.000504935
12 -0.461104 -0.462677 0.00048269
13 -0.4622 -0.462641 0.000446954
14 -0.463344 -0.462691 0.000417843
15 -0.459832 -0.4625 0.000431269
16 -0.461856 -0.46246 0.00040619
17 -0.462 -0.462433 0.000383197
18 -0.45776 -0.462173 0.000441168
19 -0.460488 -0.462085 0.000426773
20 -0.46476 -0.462218 0.000425883
