-0.498433   -0.485958   0.491232
-0.341168   -0.32838   -0.490152
-0.497619   -0.322313   -0.332425
-0.328499   0.489661   -0.319247
-0.175193   0.479089   -0.47606
-0.0178777   -0.362818   0.486934
-0.179244   -0.339525   -0.325274
-0.00693553   0.494045   -0.326611
0.150762   0.498543   0.493219
0.323549   -0.343562   0.490666
0.16865   -0.326218   -0.345472
0.320342   -0.491708   -0.33931
0.49502   -0.153415   0.484299
-0.328886   -0.0151365   -0.498254
0.498888   -0.00715429   -0.333892
-0.322018   -0.160124   -0.304014
-0.171904   -0.177627   0.493435
0.00123476   0.000251431   -0.49799
-0.159164   0.00196313   -0.319319
0.0149284   -0.147402   -0.343867
0.169114   -0.158073   -0.499072
0.337279   -0.00213967   0.491216
0.165288   0.0139991   -0.333453
0.346188   -0.161868   -0.332569
-0.498961   0.158715   -0.491607
-0.340721   0.338952   -0.492221
0.497713   0.325875   -0.325766
-0.340188   0.165624   -0.335817
-0.189081   0.17082   -0.49652
-0.015706   0.321528   -0.477921
-0.187128   0.314278   -0.324445
-0.00139522   0.165649   -0.317335
0.171778   0.177134   0.495488
0.334305   0.342752   -0.498506
0.163977   0.335376   -0.334572
0.331277   0.177525   -0.346684
-0.495206   0.482932   -0.16506
-0.347254   -0.33757   -0.151119
0.499936   -0.334745   0.00731126
-0.311576   -0.491811   0.00165284
-0.167235   -0.476668   -0.156339
0.00505946   -0.311598   -0.178995
-0.161608   -0.325925   0.000500048
0.00143414   0.492268   -0.0157922
0.164886   -0.480946   -0.180833
0.327833   -0.326885   -0.162627
0.167906   -0.323543   -0.0115721
0.350513   -0.484242   -0.0020544
0.483849   -0.166032   -0.152519
-0.33371   -0.00489545   -0.147208
-0.499109   0.00365501   0.00907901
-0.325377   -0.167648   0.00484572
-0.163294   -0.16551   -0.151669
0.0168988   -0.00534984   -0.171562
-0.183515   0.00969506   0.0110284
0.00657153   -0.169448   -0.00689074
0.17101   -0.179406   -0.171722
0.334671   0.0196791   -0.185758
0.167279   0.00658122   -0.00770902
0.338785   -0.137005   -0.00391282
-0.498289   0.163365   -0.165843
-0.32864   0.357419   -0.140359
0.486384   0.324389   -0.013419
-0.334466   0.182199   0.000638899
-0.182535   0.157182   -0.166389
-0.0133138   0.331063   -0.176452
-0.147657   0.330413   0.000341448
-0.00549193   0.146166   -0.00114631
0.172992   0.166778   -0.174799
0.325999   0.352753   -0.176735
0.178647   0.304849   -0.00103769
0.340834   0.161402   0.00809496
-0.492083   0.487244   0.157159
-0.326415   -0.346228   0.169164
-0.493989   -0.332076   0.323838
-0.337671   -0.493578   0.337334
-0.161321   0.498962   0.160446
-0.00217829   -0.33725   0.158298
-0.178784   -0.333547   0.334158
-0.00388503   -0.493503   0.307556
0.160394   0.485133   0.140319
0.340973   -0.31767   0.159626
0.183091   -0.351512   0.322235
0.356881   0.493827   0.3286
0.498757   -0.160435   0.157175
-0.340434   0.00727272   0.171923
-0.488065   0.0242697   0.324089
-0.341598   -0.167747   0.31784
-0.160518   -0.16674   0.15229
0.014015   0.0120666   0.181797
-0.159688   -0.00881681   0.362566
-0.00382573   -0.197477   0.333409
0.167827   -0.183287   0.163439
0.323145   -0.00434519   0.167749
0.1823   -0.00311483   0.337104
0.337934   -0.179365   0.337672
0.49941   0.156059   0.158221
-0.326595   0.339678   0.153183
0.490736   0.33156   0.341692
-0.314469   0.16406   0.329829
-0.162245   0.157942   0.171565
-0.00354091   0.313638   0.160852
-0.174812   0.33589   0.317538
-0.0202117   0.165675   0.34662
0.167831   0.171716   0.19579
0.334695   0.339391   0.167059
0.157949   0.340976   0.336664
0.343011   0.159413   0.343119
