1.50311
1.49901
1.49171
1.48071
1.46523
1.44425
1.41644
1.38037
1.33468
1.27846
1.21174
1.13615
1.05542
0.975234
0.902279
0.842537
0.79971
0.774583
0.765413
0.768874
0.781004
0.797908
0.81619
0.833212
0.847255
0.857529
0.864112
0.867793
0.869694
0.870885
0.871977
0.872952
0.873212
0.871768
0.867503
0.859535
0.84766
0.832657
0.816222
0.800454
0.787076
0.776915
0.769951
0.765856
0.764483
0.765977
0.770458
0.777651
0.78675
0.796484
0.805419
0.812269
0.816109
0.816471
0.81345
0.807795
0.800842
0.794216
0.7892
0.786364
0.78558
0.78649
0.788781
0.792205
0.796422
0.80081
0.804555
0.806886
0.807454
0.806631
0.805468
0.805279
0.807036
0.810961
0.816464
0.822463
0.82779
0.831687
0.834057
0.8354
0.836401
0.837349
0.837917
0.837459
0.83568
0.833013
0.83036
0.828501
0.82784
0.82842
0.830065
0.832466
0.835203
0.837732
0.839447
0.839822
0.838471
0.835184
0.829928
0.822788
0.813937
0.803595
0.791979
0.779444
0.766714
0.754988
0.745794
0.740539
0.740127
0.744892
0.754508
0.767799
0.782776
0.797213
0.809286
0.817867
0.822537
0.82345
0.821232
0.816878
0.811618
0.806613
0.802535
0.799385
0.796644
0.79386
0.791184
0.789414
0.789548
0.792285
0.797771
0.805711
0.815576
0.826684
0.838195
0.849095
0.85832
0.864923
0.86846
0.869241
0.86839
0.867429
0.867453
0.868431
0.869292
0.868724
0.865973
0.861289
0.855969
0.851837
0.850211
0.851159
0.853536
0.85568
0.856115
0.853858
0.848514
0.840206
0.829652
0.818431
0.809202
0.804988
0.807163
0.813945
0.821599
0.827125
0.829843
0.831007
0.832523
0.835661
0.840616
0.846837
0.853534
0.860029
0.866053
0.871834
0.877703
0.883265
0.887107
0.887408
0.883003
0.87402
0.862154
0.850386
0.842034
0.839179
0.841684
0.847556
0.854387
0.860497
0.865241
0.868542
0.870353
0.870333
0.867833
0.862216
0.853267
0.841408
0.827554
0.812725
0.797683
0.783037
0.769698
0.759035
0.752374
0.750286
0.752581
0.75883
0.768769
0.782254
0.798912
0.817902
0.837918
0.857386
0.874777
0.88882
0.898691
0.904091
0.905233
0.902728
0.89739
0.890044
0.881396
0.872003
0.862365
0.852991
0.844456
0.837375
0.832342
0.829842
0.830223
0.833648
0.839976
0.848649
0.858725
0.868993
0.878182
0.88519
0.889291
0.890279
0.888368
0.884092
0.878217
0.871729
0.865939
0.862429
0.862522
0.866547
0.873616
0.882276
0.891164
0.899208
0.905394
0.908672
0.908164
0.903595
0.895651
0.885805
0.875584
0.865769
0.856289
0.84677
0.837094
0.827559
0.818684
0.810979
0.804834
0.800539
0.798288
0.79806
0.799478
0.80173
0.803729
0.804301
0.802503
0.797898
0.790742
0.782035
0.773488
0.767308
0.765695
0.770152
0.780864
0.796432
0.814175
0.830908
0.843804
0.851052
0.852068
0.847492
0.839036
0.829221
0.82091
0.816451
0.816891
0.821668
0.829099
0.837312
0.844885
0.850966
0.855007
0.856552
0.855255
0.851107
0.844676
0.837019
0.829212
0.821844
0.814894
0.808318
0.802846
0.800203
0.802352
0.810147
0.82251
0.836763
0.849792
0.859081
0.86318
0.86178
0.855597
0.846268
0.836069
0.827484
0.822501
0.821945
0.825201
0.830523
0.835701
0.838678
0.837946
0.832749
0.823273
0.810703
0.796944
0.7841
0.773956
0.767675
0.765768
0.76822
0.774616
0.784137
0.795537
0.807153
0.817137
0.823788
0.825987
0.823604
0.817787
0.810906
0.805819
0.804629
0.807574
0.813019
0.81864
0.822781
0.825085
0.82632
0.827731
0.830298
0.834325
0.839419
0.844752
0.849504
0.853165
0.855585
0.856905
0.857323
0.857039
0.856278
0.855395
0.854874
0.855138
0.856337
0.858232
0.860304
0.861964
0.862771
0.86256
0.86145
0.859753
0.857799
0.855877
0.854226
0.852967
0.852059
0.85125
0.850123
0.84828
0.845516
0.841931
0.837968
0.83431
0.831646
0.830333
0.83017
0.830392
0.830101
0.828982
0.827712
0.827614
0.829658
0.833739
0.838884
0.843986
0.848248
0.851265
0.852967
0.853676
0.854042
0.854928
0.857095
0.860906
0.866167
0.872211
0.878155
0.883101
0.886272
0.887055
0.885075
0.880269
0.872938
0.863754
0.853726
0.84404
0.835802
0.829896
0.826805
0.826538
0.828626
0.832195
0.836176
0.839592
0.841781
0.842558
0.842192
0.84133
0.840788
0.841265
0.843014
0.845615
0.847903
0.84824
0.845047
0.837557
0.82646
0.814112
0.803867
0.798636
0.799567
0.806005
0.816467
0.829594
0.844466
0.860399
0.876715
0.892597
0.907129
0.919464
0.928943
0.935148
0.937846
0.936875
0.932098
0.923489
0.911264
0.895999
0.878736
0.860938
0.844356
0.83063
0.820769
0.814773
0.811969
0.811772
0.814189
0.819725
0.828764
0.840869
0.854415
0.866768
0.875119
0.877537
0.873954
0.866769
0.860124
0.857765
0.861103
0.869062
0.879195
0.888705
0.895137
0.896936
0.893709
0.886089
0.875456
0.86362
0.85254
0.84399
0.839164
0.8384
0.84108
0.845861
0.851144
0.855462
0.8578
0.857697
0.854992
0.849472
0.840933
0.829655
0.816981
0.805378
0.797787
0.796457
0.802095
0.813875
0.830031
0.848383
0.866771
0.883471
0.897606
0.909154
0.918666
0.926781
0.933782
0.93936
0.942708
0.942862
0.939048
0.93094
0.9188
0.903389
0.885774
0.867129
0.848638
0.831474
0.816791
0.805596
0.798477
0.795325
0.795365
0.797492
0.800756
0.804674
0.80929
0.815027
0.822234
0.830615
0.839047
0.845816
0.849309
0.84855
0.843436
0.83473
0.823904
0.812746
0.802695
0.79428
0.787131
0.780606
0.774451
0.769177
0.766043
0.766691
0.772292
0.782798
0.796856
0.81242
0.827524
0.840581
0.850381
0.856004
0.857014
0.853749
0.847394
0.839728
0.832591
0.827307
0.824219
0.82272
0.821604
0.81965
0.816088
0.81072
0.803712
0.795335
0.785812
0.775563
0.765547
0.757535
0.753735
0.755761
0.763504
0.774968
0.787429
0.798803
0.808272
0.816169
0.823344
0.830504
0.837804
0.844818
0.850825
0.855188
0.857624
0.858204
0.857293
0.855343
0.852751
0.84972
0.846187
0.841871
0.836522
0.83018
0.823436
0.817394
0.813396
0.812566
0.815407
0.821495
0.829575
0.837787
0.844019
0.846266
0.843003
0.833563
0.818551
0.800129
0.78158
0.766151
0.755663
0.750074
0.74821
0.748908
0.751614
0.756394
0.763569
0.773321
0.785389
0.799036
0.81325
0.827008
0.839453
0.849793
0.857097
0.860187
0.858031
0.850376
0.838199
0.823832
0.810483
0.801368
0.798688
0.803106
0.813858
0.829178
0.846723
0.86394
0.87841
0.88823
0.892387
0.890888
0.884626
0.875154
0.864411
0.854574
0.84773
0.845208
0.846977
0.85157
0.856825
0.860949
0.863355
0.864708
0.866294
0.868838
0.871743
0.873254
0.87141
0.865033
0.854165
0.840077
0.824998
0.811583
0.802322
0.798822
0.801361
0.808896
0.819549
0.83117
0.841732
0.849552
0.853472
0.853007
0.848482
0.841029
0.832465
0.82492
0.820346
0.820029
0.824302
0.832565
0.843569
0.855779
0.86762
0.877673
0.884757
0.887974
0.8868
0.881155
0.871429
0.858374
0.842927
0.8261
0.809051
0.793162
0.779925
0.77066
0.765951
0.76531
0.767364
0.770467
0.773437
0.775909
0.778325
0.781592
0.786475
0.79284
0.799454
0.80476
0.808216
0.810925
0.815076
0.822525
0.833484
0.846299
0.858263
0.866685
0.869592
0.866039
0.856252
0.841719
0.825177
0.810293
0.800733
0.7989
0.80514
0.817798
0.834091
0.851164
0.866827
0.879797
0.889727
0.896999
0.902332
0.906317
0.909049
0.910092
0.908711
0.904149
0.895787
0.883188
0.866165
0.845048
0.820952
0.795889
0.772544
0.75366
0.741133
0.73525
0.734743
0.73756
0.741823
0.746375
0.750971
0.756067
0.762586
0.77157
0.783802
0.799366
0.817411
0.836322
0.854237
0.869549
0.88116
0.888485
0.891348
0.889827
0.8842
0.874962
0.863001
0.849722
0.836756
0.825361
0.815909
0.807913
0.800579
0.793473
0.786868
0.781604
0.778541
0.778017
0.779678
0.782703
0.786193
0.789355
0.791529
0.792294
0.791807
0.791168
0.792318
0.797209
0.806501
0.818909
0.832003
0.843653
0.852888
0.859757
0.864733
0.8683
0.870735
0.87221
0.872885
0.873006
0.872935
0.873117
0.873935
0.875513
0.877604
0.879706
0.881238
0.881754
0.881074
0.879419
0.877381
0.875767
0.875228
0.875959
0.877718
0.880039
0.882359
0.884061
0.884466
0.882902
0.878863
0.872233
0.863436
0.853373
0.843081
0.833201
0.823629
0.813852
0.803849
0.79505
0.790296
0.79205
0.80017
0.811835
0.823841
0.834443
0.843363
0.850804
0.85676
0.860925
0.862939
0.86261
0.859931
0.854918
0.847578
0.837991
0.826508
0.814065
0.80238
0.79374
0.790136
0.792068
0.798019
0.805082
0.810292
0.811653
0.808497
0.801447
0.792131
0.782613
0.774723
0.769488
0.767296
0.768481
0.77373
0.783727
0.798517
0.817137
0.837766
0.858191
0.876312
0.890619
0.900421
0.905801
0.907267
0.905225
0.899693
0.890482
0.877632
0.861814
0.844362
0.826982
0.811254
0.798265
0.788662
0.782848
0.78092
0.782405
0.786335
0.791649
0.797624
0.803921
0.810345
0.816718
0.822874
0.828774
0.834563
0.840409
0.846236
0.851438
0.854924
0.855614
0.853034
0.84791
0.842236
0.838696
0.839389
0.844565
0.852405
0.86004
0.86479
0.865084
0.860785
0.85288
0.842829
0.831908
0.821163
0.811856
0.805792
0.805003
0.810729
0.822386
0.837462
0.852561
0.864624
0.871692
0.873051
0.868973
0.86034
0.848194
0.833402
0.816535
0.798111
0.778942
0.760363
0.743997
0.731275
0.722831
0.718416
0.717402
0.719411
0.724364
0.731929
0.741034
0.750298
0.758914
0.766985
0.775008
0.783219
0.791401
0.799276
0.806803
0.814181
0.821396
0.827826
0.832201
0.833068
0.829439
0.821364
0.810191
0.798537
0.789671
0.786306
0.789265
0.797099
0.806955
0.81605
0.822821
0.8274
0.831126
0.835389
0.840657
0.84616
0.850412
0.851975
0.850014
0.844472
0.835963
0.825708
0.815348
0.806634
0.801028
0.799218
0.800934
0.805087
0.81019
0.814806
0.817827
0.818596
0.817002
0.813499
0.809068
0.804927
0.802096
0.801037
0.801532
0.802884
0.804316
0.805267
0.805643
0.805766
0.806271
0.807798
0.810484
0.813574
0.815499
0.814505
0.809423
0.800129
0.787585
0.773534
0.759973
0.748652
0.740728
0.736635
0.736214
0.73899
0.744365
0.751711
0.760346
0.769606
0.77897
0.788073
0.796645
0.804376
0.810975
0.816259
0.820285
0.823319
0.825606
0.827166
0.82782
0.827525
0.826751
0.826403
0.827342
0.829745
0.832856
0.835267
0.835374
0.831934
0.824455
0.813442
0.800424
0.787642
0.777383
0.771148
0.769043
0.769871
0.77185
0.77336
0.773368
0.771421
0.767404
0.761512
0.7544
0.747418
0.742349
0.740761
0.743399
0.749991
0.759419
0.77015
0.780636
0.789623
0.796305
0.800368
0.801992
0.801829
0.800894
0.800336
0.801069
0.803589
0.807948
0.813899
0.82107
0.828997
0.837191
0.845208
0.852702
0.8594
0.864928
0.868799
0.870553
0.869946
0.86714
0.862688
0.857314
0.851664
0.846117
0.840745
0.835378
0.829771
0.823746
0.817323
0.810839
0.804876
0.800221
0.797626
0.797534
0.799866
0.803995
0.809001
0.814038
0.818587
0.822514
0.825984
0.829343
0.832841
0.83644
0.839806
0.842625
0.844953
0.847225
0.849888
0.853088
0.856642
0.860343
0.864203
0.868393
0.872987
0.877604
0.881431
0.883433
0.882708
0.878716
0.871362
0.860964
0.848339
0.834862
0.822402
0.813
0.808387
0.809532
0.816394
0.827993
0.842728
0.85876
0.874317
0.887788
0.897733
0.902986
0.902808
0.897012
0.885946
0.870399
0.851509
0.830716
0.80979
0.790869
0.776228
0.767804
0.766596
0.772367
0.783886
0.799361
0.816761
0.834046
0.849479
0.861983
0.871271
0.877611
0.881422
0.882895
0.881957
0.878539
0.872793
0.865109
0.855866
0.845239
0.83326
0.820086
0.806261
0.792846
0.781318
0.773275
0.769947
0.771678
0.777741
0.786555
0.79626
0.805307
0.812812
0.8185
0.822433
0.824749
0.825569
0.825146
0.823952
0.822434
0.82066
0.818204
0.814477
0.809205
0.80261
0.795178
0.787359
0.779527
0.772441
0.767869
0.768501
0.776393
0.790993
0.80909
0.82672
0.84091
0.850185
0.854154
0.852967
0.846964
0.836498
0.821956
0.804041
0.784279
0.765522
0.751638
0.745867
0.748766
0.757642
0.768057
0.776129
0.779872
0.779263
0.775608
0.770781
0.766579
0.764402
0.765127
0.769007
0.775653
0.78413
0.793396
0.802801
0.812336
0.822378
0.833171
0.844469
0.855519
0.8653
0.872803
0.877292
0.878477
0.876536
0.872006
0.865661
0.858312
0.850643
0.843142
0.836075
0.82946
0.823133
0.816786
0.810094
0.802874
0.795285
0.787936
0.781795
0.777857
0.776735
0.778503
0.782818
0.789303
0.797892
0.808884
0.82272
0.839437
0.858178
0.87715
0.894128
0.907111
0.914849
0.917052
0.914279
0.90759
0.89821
0.887281
0.875831
0.864684
0.854315
0.844953
0.836823
0.830332
0.825917
0.823739
0.823521
0.824599
0.826222
0.827842
0.829341
0.831033
0.833429
0.836757
0.840566
0.843789
0.845287
0.84436
0.840953
0.835577
0.829006
0.821954
0.814827
0.807801
0.801193
0.795797
0.792555
0.791624
0.791869
0.791416
0.788615
0.782767
0.7743
0.764571
0.755324
0.748056
0.743736
0.74287
0.745783
0.752651
0.763346
0.777097
0.79244
0.807387
0.81985
0.828259
0.832196
0.832592
0.831002
0.8285
0.825214
0.821131
0.817038
0.814514
0.815082
0.819349
0.82682
0.836166
0.845847
0.854675
0.862041
0.867674
0.871348
0.872687
0.871281
0.866939
0.859865
0.850688
0.84025
0.829235
0.817887
0.806056
0.793857
0.782351
0.773533
0.769412
0.770753
0.776594
0.784771
0.79305
0.799925
0.804762
0.807621
0.809015
0.809814
0.811061
0.813552
0.817341
0.82167
0.825499
0.828258
0.830128
0.831613
0.832843
0.833227
0.831668
0.827162
0.819328
0.808703
0.79689
0.786468
0.780424
0.780923
0.788061
0.799675
0.812296
0.822489
0.82775
0.82696
0.820506
0.810112
0.798356
0.787862
0.780615
0.777616
0.779059
0.784698
0.794054
0.806328
0.820205
0.8339
0.845581
0.853975
0.858809
0.860833
0.861454
0.862155
0.864011
0.867406
0.872012
0.876997
0.881354
0.884246
0.885315
0.884888
0.883914
0.883637
0.885021
0.888307
0.892866
0.897478
0.900786
0.901661
0.89945
0.894117
0.886268
0.876899
0.866807
0.855987
0.843676
0.829264
0.813185
0.797123
0.783375
0.773836
0.769174
0.768671
0.770872
0.774407
0.778542
0.783227
0.788752
0.795403
0.803339
0.812639
0.8233
0.835145
0.847683
0.860091
0.871378
0.880605
0.887085
0.890483
0.890834
0.888449
0.883861
0.877759
0.870904
0.86406
0.857834
0.852631
0.848646
0.845927
0.844384
0.843786
0.843846
0.844398
0.845531
0.847492
0.850517
0.854629
0.859535
0.864693
0.869491
0.873434
0.876437
0.878724
0.880629
0.882192
0.883035
0.882589
0.880666
0.878012
0.876378
0.877642
0.882406
0.889302
0.895739
0.89942
0.899136
0.894686
0.886567
0.875736
0.863526
0.851697
0.842356
0.837619
0.838842
0.845814
0.856567
0.868027
0.877137
0.881773
0.881076
0.875303
0.865468
0.852826
0.838458
0.823151
0.80756
0.792544
0.779506
0.77042
0.767307
0.771278
0.781775
0.796447
0.811865
0.824617
0.832302
0.834033
0.830403
0.823054
0.814155
0.806017
0.800779
0.7999
0.803522
0.81024
0.817578
0.823139
0.825545
0.824771
0.821722
0.817529
0.812939
0.808214
0.803449
0.79908
0.796152
0.795974
0.799284
0.80567
0.813688
0.821629
0.828231
0.832957
0.835831
0.837068
0.836864
0.83536
0.832837
0.829856
0.827241
0.825911
0.826541
0.829248
0.833508
0.838306
0.842551
0.845461
0.846763
0.846634
0.845379
0.843057
0.839323
0.833595
0.825453
0.815005
0.803032
0.79088
0.780077
0.772032
0.767891
0.768447
0.773988
0.783992
0.796913
0.810444
0.822118
0.830011
0.833208
0.831867
0.826962
0.819799
0.811576
0.803169
0.79522
0.788387
0.783474
0.781383
0.782875
0.788245
0.797105
0.808304
0.820167
0.831147
0.840344
0.847672
0.853588
0.858832
0.864255
0.870683
0.878641
0.88805
0.898126
0.907602
0.915137
0.919661
0.920522
0.91737
0.910067
0.898654
0.883604
0.866159
0.848412
0.832607
0.82027
0.812127
0.808701
0.810247
0.816026
0.824365
0.833554
0.842446
0.85054
0.857781
0.864298
0.870209
0.875459
0.879848
0.88319
0.885552
0.887223
0.888323
0.88832
0.885905
0.879617
0.868634
0.853382
0.835677
0.818274
0.803943
0.794491
0.790176
0.790096
0.793045
0.79797
0.803787
0.809284
0.813458
0.816075
0.817836
0.819918
0.823204
0.827695
0.832517
0.836372
0.838121
0.837247
0.834061
0.829686
0.82561
0.822929
0.821729
0.821152
0.820098
0.817889
0.814547
0.810596
0.806768
0.80369
0.801778
0.801302
0.802466
0.805385
0.809952
0.815844
0.822716
0.830312
0.838442
0.846731
0.85447
0.860664
0.864395
0.865237
0.863466
0.859931
0.855761
0.852026
0.849424
0.848108
0.847639
0.84716
0.845658
0.842118
0.835798
0.826763
0.816682
0.809127
0.807901
0.813894
0.824082
0.834229
0.841754
0.846183
0.848149
0.848476
0.847807
0.846523
0.844714
0.842356
0.839508
0.836552
0.834302
0.833901
0.836448
0.8424
0.851218
0.861491
0.871509
0.879909
0.886136
0.890484
0.893843
0.897299
0.901672
0.907158
0.913191
0.918582
0.921831
0.921604
0.917118
0.908402
0.896346
0.882518
0.868713
0.856357
0.846082
0.837619
0.830118
0.822701
0.814983
0.807193
0.799808
0.793373
0.788743
0.787344
0.790406
0.797466
0.805639
0.810828
0.809905
0.802237
0.790085
0.777918
0.770536
0.770307
0.77587
0.783608
0.790182
0.793779
0.793939
0.790985
0.785652
0.778965
0.772207
0.766734
0.763638
0.763422
0.765919
0.770508
0.776301
0.782299
0.787531
0.791358
0.793731
0.795154
0.796193
0.797124
0.798037
0.79907
0.800381
0.802045
0.804117
0.806665
0.809554
0.812184
0.813512
0.812532
0.809075
0.804154
0.799563
0.796822
0.796493
0.798331
0.801854
0.806664
0.812319
0.818202
0.82359
0.827917
0.830919
0.8326
0.832963
0.831862
0.829015
0.824216
0.817674
0.810051
0.802205
0.794741
0.78783
0.781589
0.77682
0.775129
0.777874
0.784709
0.793413
0.801264
0.806388
0.807922
0.805541
0.799228
0.789562
0.778047
0.767163
0.760041
0.759465
0.766632
0.780657
0.799373
0.820456
0.841795
0.86143
0.87764
0.889256
0.895851
0.897606
0.894992
0.888526
0.878749
0.866345
0.852271
0.837831
0.824611
0.814175
0.807728
0.80579
0.808111
0.813777
0.821462
0.829689
0.837099
0.842668
0.845811
0.846305
0.844197
0.839815
0.833918
0.827818
0.823238
0.821898
0.824971
0.832763
0.844617
0.85911
0.87444
0.888847
0.900897
0.909593
0.914403
0.915189
0.912124
0.905621
0.896273
0.88486
0.872334
0.859775
0.848291
0.838905
0.83234
0.82888
0.828328
0.830094
0.833381
0.837346
0.841291
0.844768
0.847537
0.849466
0.850362
0.84987
0.847593
0.843321
0.837346
0.830528
0.824143
0.819507
0.817575
0.818672
0.822438
0.828014
0.834282
0.840071
0.844351
0.846518
0.846666
0.845617
0.844601
0.844594
0.845863
0.847922
0.849959
0.851177
0.851009
0.849141
0.845494
0.840254
0.833795
0.826654
0.819393
0.812425
0.805777
0.798936
0.791126
0.781946
0.772289
0.764848
0.763169
0.769133
0.781086
0.795003
0.807316
0.816397
0.822318
0.825947
0.828257
0.830059
0.831999
0.834643
0.838477
0.843814
0.850644
0.85853
0.866678
0.874098
0.879918
0.883556
0.884838
0.88397
0.88141
0.877721
0.873461
0.869125
0.865121
0.861783
0.859322
0.857621
0.856111
0.854007
0.851118
0.848647
0.848856
0.852879
0.859006
0.863842
0.86484
0.861272
0.85376
0.843607
0.83253
0.822508
0.815328
0.811923
0.811796
0.813149
0.81354
0.810871
0.804152
0.793622
0.780239
0.765279
0.750266
0.737013
0.727359
0.72277
0.724053
0.73126
0.743749
0.760166
0.778609
0.796956
0.813379
0.826721
0.836645
0.843506
0.84815
0.851711
0.855445
0.860575
0.86789
0.877117
0.886606
0.893977
0.897244
0.895578
0.88927
0.87924
0.86666
0.852791
0.838843
0.825829
0.814386
0.804868
0.797722
0.793782
0.793905
0.798035
0.804651
0.811289
0.815598
0.816046
0.812152
0.804464
0.794113
0.782257
0.769883
0.758159
0.748687
0.743137
0.742568
0.746961
0.755385
0.766472
0.778917
0.79186
0.805023
0.81847
0.832028
0.844899
0.85587
0.863802
0.86793
0.867959
0.864077
0.856927
0.847443
0.836514
0.824746
0.812385
0.799553
0.786479
0.773564
0.761221
0.749621
0.73867
0.728333
0.719083
0.712131
0.709048
0.710998
0.718217
0.730218
0.746344
0.765886
0.787664
0.809887
0.830379
0.847166
0.859007
0.865574
0.867372
0.865491
0.861182
0.855424
0.848713
0.841124
0.832673
0.823737
0.815142
0.807835
0.802436
0.799003
0.797065
0.795832
0.794447
0.792243
0.788881
0.784421
0.779232
0.773886
0.769091
0.765752
0.764989
0.76791
0.775132
0.786292
0.800022
0.814456
0.827807
0.838773
0.846724
0.85167
0.854084
0.854591
0.853721
0.851808
0.848914
0.844896
0.839581
0.832961
0.825283
0.817005
0.808782
0.801544
0.79649
0.794691
0.796513
0.801196
0.807038
0.812035
0.814686
0.814458
0.811664
0.807101
0.801746
0.796701
0.793136
0.792185
0.794608
0.800399
0.808624
0.817568
0.825109
0.829225
0.82842
0.822096
0.810751
0.796115
0.781014
0.768669
0.761438
0.759728
0.761972
0.765814
0.769406
0.771954
0.773533
0.774662
0.776118
0.778904
0.784134
0.792804
0.805354
0.82135
0.839481
0.857763
0.873939
0.885853
0.891776
0.890645
0.882164
0.866876
0.846228
0.822564
0.798923
0.778544
0.764072
0.756824
0.75636
0.760713
0.767205
0.773445
0.778042
0.780803
0.782583
0.784971
0.789797
0.79849
0.811451
0.827658
0.844797
0.85987
0.870007
0.87318
0.868562
0.856594
0.838895
0.817918
0.796469
0.776993
0.760997
0.748983
0.740763
0.735859
0.733589
0.732996
0.732894
0.732181
0.730299
0.727619
0.725443
0.72557
0.729395
0.73704
0.747035
0.756831
0.763865
0.766472
0.764369
0.758679
0.75154
0.745613
0.743481
0.747147
0.757618
0.774718
0.797121
0.822634
0.848672
0.872756
0.892839
0.907397
0.915438
0.916459
0.910528
0.898431
0.881846
0.863395
0.84631
0.8336
0.827053
0.826596
0.830468
0.836142
0.841367
0.844764
0.84591
0.845055
0.84282
0.840026
0.83763
0.836626
0.83782
0.841415
0.846865
0.853116
0.859019
0.863613
0.866282
0.866825
0.865551
0.863365
0.86162
0.861822
0.865118
0.871865
0.881356
0.892003
0.901727
0.908495
0.910738
0.907728
0.899735
0.888126
0.875022
0.862639
0.852486
0.844888
0.839133
0.834153
0.829222
0.824312
0.819938
0.816646
0.814512
0.813178
0.812174
0.811262
0.810598
0.810671
0.812071
0.815099
0.819523
0.824697
0.829925
0.83483
0.839446
0.844047
0.848763
0.85334
0.857106
0.859232
0.859017
0.856048
0.8502
0.841684
0.831168
0.820044
0.810448
0.804749
0.804625
0.810165
0.81971
0.830715
0.841002
0.849643
0.856952
0.863745
0.870599
0.877395
0.883309
0.887141
0.887735
0.884426
0.877375
0.867748
0.857351
0.847785
0.839617
0.832312
0.82529
0.81903
0.815148
0.815346
0.820477
0.830486
0.84495
0.862918
0.882423
0.900728
0.915331
0.924819
0.928886
0.927903
0.922559
0.913762
0.902634
0.890499
0.878777
0.868733
0.861232
0.856476
0.853958
0.852491
0.850432
0.846183
0.838818
0.82845
0.816061
0.803012
0.790668
0.780544
0.774466
0.774152
0.780231
0.791562
0.805524
0.819203
0.830546
0.838812
0.844257
0.847524
0.849208
0.849752
0.849411
0.848362
0.846725
0.844681
0.842653
0.841286
0.841188
0.842659
0.845586
0.849713
0.854838
0.860921
0.868027
0.876145
0.885043
0.894067
0.902056
0.9075
0.908971
0.905581
0.897216
0.884416
0.868245
0.850184
0.832077
0.815949
0.803654
0.796442
0.794596
0.797482
0.803853
0.812218
0.821205
0.829743
0.837259
0.84377
0.849668
0.855125
0.859737
0.862865
0.864615
0.866513
0.870866
0.879392
0.892134
0.907304
0.922233
0.93448
0.942528
0.945839
0.944684
0.939989
0.932964
0.924668
0.915551
0.905457
0.894239
0.882369
0.870762
0.859761
0.848555
0.835962
0.821729
0.806829
0.792637
0.779889
0.76834
0.757307
0.746528
0.736682
0.72926
0.725974
0.728009
0.735562
0.747981
0.764259
0.783401
0.804377
0.825916
0.846397
0.863992
0.877057
0.884559
0.886385
0.883413
0.877115
0.868805
0.858998
0.847441
0.833592
0.817193
0.798591
0.778818
0.759525
0.742681
0.7301
0.722797
0.720644
0.722693
0.727806
0.735058
0.74368
0.752893
0.761902
0.770137
0.777522
0.784465
0.791582
0.799301
0.807796
0.817104
0.827242
0.838049
0.848814
0.858075
0.863893
0.864305
0.857894
0.844355
0.825043
0.803212
0.783265
0.768963
0.761604
0.759858
0.761289
0.764098
0.767598
0.771799
0.776825
0.782688
0.78943
0.797234
0.806324
0.816663
0.827719
0.838469
0.847771
0.854768
0.859
0.860394
0.859252
0.856279
0.852491
0.848965
0.846411
0.844918
0.84395
0.842771
0.840962
0.838689
0.836411
0.834341
0.832135
0.829109
0.824818
0.819557
0.814407
0.81077
0.809762
0.81178
0.816499
0.823239
0.831385
0.840521
0.850401
0.860787
0.871375
0.881738
0.891321
0.899538
0.905857
0.909948
0.91175
0.911296
0.908466
0.90293
0.894302
0.882525
0.868071
0.852008
0.835874
0.821459
0.810444
0.804008
0.802422
0.80491
0.809878
0.815427
0.819934
0.822346
0.822335
0.820123
0.816164
0.810966
0.805033
0.79891
0.793256
0.788743
0.785884
0.784871
0.785462
0.786977
0.788514
0.789404
0.789617
0.789795
0.790845
0.793254
0.796671
0.799974
0.801752
0.800882
0.797009
0.790796
0.783836
0.778127
0.775327
0.776118
0.78006
0.786005
0.792757
0.799511
0.805852
0.81156
0.816379
0.820031
0.822522
0.824391
0.826759
0.830863
0.837479
0.846626
0.857717
0.869915
0.882281
0.893724
0.902918
0.908577
0.909767
0.906044
0.897413
0.884116
0.866576
0.845461
0.822008
0.798202
0.776768
0.760739
0.752777
0.754337
0.764811
0.781195
0.798908
0.813475
0.82208
0.824239
0.821638
0.817393
0.815033
0.817254
0.824906
0.83669
0.849817
0.861237
0.868698
0.871276
0.869215
0.863529
0.855532
0.846578
0.837845
0.830358
0.824938
0.822258
0.823082
0.828411
0.839242
0.855775
0.876402
0.897639
0.915315
0.926048
0.92817
0.922155
0.910797
0.898663
0.890055
0.886532
0.886623
0.887969
0.889154
0.889816
0.889901
0.889191
0.887248
0.883657
0.878249
0.871291
0.863529
0.856085
0.850164
0.846539
0.845132
0.845055
0.845053
0.844187
0.842325
0.840286
0.839487
0.841177
0.845794
0.852795
0.860956
0.86882
0.875049
0.878703
0.879474
0.877777
0.874699
0.87183
0.87091
0.87323
0.878966
0.886994
0.895362
0.902173
0.906262
0.907292
0.905411
0.900879
0.893822
0.884343
0.87289
0.86066
0.849434
0.840739
0.834869
0.830738
0.826631
0.821136
0.813716
0.804774
0.795345
0.786695
0.779931
0.775686
0.773987
0.774362
0.77633
0.779791
0.784992
0.792167
0.801127
0.81114
0.82108
0.829719
0.836041
0.839597
0.840544
0.839431
0.83683
0.833016
0.827963
0.821514
0.813695
0.805017
0.796591
0.790013
0.786954
0.788561
0.795006
0.80541
0.818259
0.831983
0.845183
0.856573
0.865026
0.869748
0.870445
0.867305
0.860765
0.851351
0.839683
0.826673
0.813669
0.80233
0.794144
0.789881
0.789373
0.791666
0.795431
0.799386
0.802546
0.804337
0.804596
0.803469
0.801373
0.799016
0.797524
0.798242
0.802076
0.8087
0.816469
0.823195
0.827122
0.827364
0.823836
0.817039
0.807848
0.797429
0.787109
0.77818
0.771503
0.767271
0.765078
0.764214
0.76406
0.764335
0.765088
0.766577
0.769019
0.772407
0.776509
0.780971
0.785575
0.790321
0.795445
0.801305
0.808175
0.816097
0.824862
0.834089
0.843274
0.851878
0.85949
0.865912
0.871229
0.875636
0.879224
0.881852
0.88311
0.882533
0.879918
0.875555
0.87027
0.86506
0.860711
0.857498
0.855322
0.854008
0.853504
0.853889
0.855253
0.857467
0.859907
0.861419
0.860571
0.856234
0.848136
0.837086
0.824824
0.813531
0.805242
0.801412
0.802668
0.808735
0.818446
0.829907
0.840771
0.848783
0.852427
0.851613
0.847808
0.843208
0.839245
0.83564
0.830954
0.823932
0.814206
0.802257
0.789115
0.776075
0.76453
0.75569
0.750356
0.748818
0.751092
0.757079
0.766521
0.778708
0.792157
0.80468
0.813946
0.818218
0.816948
0.811056
0.802671
0.794531
0.789269
0.788601
0.792394
0.798558
0.804195
0.807259
0.807327
0.805132
0.801559
0.796975
0.791137
0.783715
0.774794
0.76495
0.754836
0.744866
0.735109
0.725573
0.716448
0.708226
0.701597
0.697317
0.695985
0.697918
0.703191
0.711742
0.723347
0.737377
0.752539
0.767046
0.779234
0.788137
0.793706
0.79654
0.797536
0.797529
0.797254
0.797414
0.798635
0.801197
0.804805
0.808739
0.81227
0.815128
0.817629
0.820451
0.82429
0.829609
0.836497
0.844646
0.853383
0.861841
0.869152
0.874586
0.877531
0.877379
0.873455
0.865239
0.852652
0.836184
0.816725
0.795353
0.773182
0.751496
0.731944
0.716475
0.706846
0.704071
0.708167
0.718377
0.733417
0.751667
0.771326
0.79064
0.808138
0.822695
0.833543
0.840285
0.843037
0.842484
0.839698
0.835802
0.831655
0.827736
0.824288
0.821517
0.81965
0.818773
0.818698
0.818922
0.818751
0.817473
0.814573
0.809814
0.803381
0.796055
0.789131
0.784168
0.782665
0.785656
0.7934
0.805032
0.818612
0.831606
0.841644
0.847089
0.847222
0.842197
0.832937
0.820958
0.80808
0.795952
1.50311
1.49901
1.49171
1.48071
1.46523
1.44425
1.41644
1.38037
1.33468
1.27846
1.21174
1.13615
1.05542
0.975234
0.902279
0.842537
0.79971
0.774583
0.765413
0.768874
0.781004
0.797908
0.81619
0.833212
0.847255
0.857529
0.864112
0.867793
0.869694
0.870885
0.871977
0.872952
0.873212
0.871768
0.867503
0.859535
0.84766
0.832657
0.816222
0.800454
0.787076
0.776915
0.769951
0.765856
0.764483
0.765977
0.770458
0.777651
0.78675
0.796484
0.805419
0.812269
0.816109
0.816471
0.81345
0.807795
0.800842
0.794216
0.7892
0.786364
0.78558
0.78649
0.788781
0.792205
0.796422
0.80081
0.804555
0.806886
0.807454
0.806631
0.805468
0.805279
0.807036
0.810961
0.816464
0.822463
0.82779
0.831687
0.834057
0.8354
0.836401
0.837349
0.837917
0.837459
0.83568
0.833013
0.83036
0.828501
0.82784
0.82842
0.830065
0.832466
0.835203
0.837732
0.839447
0.839822
0.838471
0.835184
0.829928
0.822788
0.813937
0.803595
0.791979
0.779444
0.766714
0.754988
0.745794
0.740539
0.740127
0.744892
0.754508
0.767799
0.782776
0.797213
0.809286
0.817867
0.822537
0.82345
0.821232
0.816878
0.811618
0.806613
0.802535
0.799385
0.796644
0.79386
0.791184
0.789414
0.789548
0.792285
0.797771
0.805711
0.815576
0.826684
0.838195
0.849095
0.85832
0.864923
0.86846
0.869241
0.86839
0.867429
0.867453
0.868431
0.869292
0.868724
0.865973
0.861289
0.855969
0.851837
0.850211
0.851159
0.853536
0.85568
0.856115
0.853858
0.848514
0.840206
0.829652
0.818431
0.809202
0.804988
0.807163
0.813945
0.821599
0.827125
0.829843
0.831007
0.832523
0.835661
0.840616
0.846837
0.853534
0.860029
0.866053
0.871834
0.877703
0.883265
0.887107
0.887408
0.883003
0.87402
0.862154
0.850386
0.842034
0.839179
0.841684
0.847556
0.854387
0.860497
0.865241
0.868542
0.870353
0.870333
0.867833
0.862216
0.853267
0.841408
0.827554
0.812725
0.797683
0.783037
0.769698
0.759035
0.752374
0.750286
0.752581
0.75883
0.768769
0.782254
0.798912
0.817902
0.837918
0.857386
0.874777
0.88882
0.898691
0.904091
0.905233
0.902728
0.89739
0.890044
0.881396
0.872003
0.862365
0.852991
0.844456
0.837375
0.832342
0.829842
0.830223
0.833648
0.839976
0.848649
0.858725
0.868993
0.845988
0.821016
0.779747
0.723922
0.655922
0.579135
0.497968
0.417587
0.343552
0.281086
0.23427
0.205309
0.19423
0.198994
0.216081
0.241228
0.270135
0.299003
0.324863
0.345658
0.360266
0.368405
0.370475
0.367391
0.360461
0.351203
0.341253
0.332218
0.325604
0.322698
0.324517
0.331711
0.344486
0.362495
0.384852
0.410132
0.436612
0.462349
0.485516
0.504571
0.518438
0.526487
0.528655
0.525362
0.517433
0.506036
0.492413
0.477833
0.463409
0.449941
0.437947
0.427652
0.419092
0.412158
0.406753
0.402845
0.400434
0.399645
0.400608
0.403388
0.407936
0.414017
0.421234
0.429018
0.436703
0.443678
0.449489
0.453889
0.456775
0.458224
0.458393
0.457424
0.45551
0.452819
0.449511
0.44575
0.441765
0.437769
0.433931
0.430485
0.427637
0.425502
0.424233
0.423909
0.42458
0.426118
0.428201
0.430263
0.43162
0.431553
0.429494
0.425114
0.418478
0.410058
0.400628
0.39123
0.382918
0.376556
0.372687
0.371448
0.372632
0.375748
0.380108
0.384977
0.389596
0.393313
0.395596
0.396053
0.394599
0.391451
0.387119
0.382425
0.378385
0.37607
0.37645
0.380253
0.38777
0.398862
0.412957
0.429157
0.446368
0.4634
0.479142
0.492576
0.50294
0.509698
0.512508
0.511375
0.506533
0.498402
0.487674
0.475187
0.461942
0.448974
0.437342
0.427976
0.42155
0.418418
0.41835
0.420546
0.423865
0.427154
0.429594
0.430665
0.430194
0.428277
0.425072
0.420798
0.415694
0.410028
0.404124
0.398363
0.393177
0.389012
0.386261
0.385305
0.386415
0.389804
0.395465
0.403085
0.411949
0.420965
0.428913
0.434676
0.437555
0.437321
0.434332
0.429339
0.423278
0.417023
0.411178
0.406066
0.401817
0.398549
0.396521
0.396133
0.397831
0.401921
0.408367
0.416879
0.426922
0.437779
0.44872
0.459022
0.467956
0.474924
0.479424
0.481124
0.479906
0.475868
0.469346
0.460915
0.451332
0.441421
0.432103
0.424237
0.418495
0.41526
0.414591
0.416206
0.419581
0.423999
0.428742
0.433222
0.43696
0.439667
0.441218
0.441642
0.441051
0.43963
0.437665
0.435392
0.432927
0.430304
0.427419
0.424231
0.420712
0.41693
0.413068
0.409307
0.405834
0.402803
0.400337
0.398529
0.397423
0.397099
0.39764
0.399109
0.401569
0.405007
0.409254
0.414018
0.418875
0.423248
0.426543
0.428315
0.428276
0.426423
0.423051
0.418621
0.413725
0.408856
0.404395
0.400561
0.397378
0.394772
0.392662
0.391066
0.390045
0.38976
0.390322
0.391782
0.394071
0.396999
0.400367
0.403974
0.407684
0.411538
0.415684
0.420261
0.425344
0.430947
0.437004
0.443456
0.45028
0.457402
0.4647
0.471928
0.47871
0.484591
0.489114
0.491923
0.492721
0.491467
0.488195
0.483085
0.476428
0.468501
0.459569
0.449864
0.439706
0.429423
0.419408
0.41009
0.402011
0.395686
0.391628
0.390156
0.391334
0.394862
0.400059
0.405925
0.411326
0.415175
0.416655
0.415377
0.41149
0.40566
0.398993
0.392876
0.388673
0.387505
0.390017
0.396327
0.406025
0.418274
0.431916
0.445695
0.458334
0.468749
0.476066
0.479733
0.479473
0.4753
0.467434
0.45634
0.442737
0.427564
0.411976
0.397285
0.384733
0.375436
0.370159
0.369132
0.372081
0.378425
0.387307
0.397806
0.409063
0.420271
0.430711
0.439682
0.446628
0.451195
0.453297
0.45313
0.451108
0.447813
0.443797
0.439638
0.435798
0.432606
0.430267
0.428876
0.428419
0.428808
0.429979
0.431809
0.434176
0.436918
0.439822
0.442583
0.444864
0.446302
0.446627
0.445753
0.443727
0.440681
0.436798
0.432125
0.426632
0.420287
0.413131
0.405373
0.397434
0.389968
0.383765
0.379584
0.378037
0.379394
0.38355
0.390117
0.39845
0.40782
0.41752
0.426931
0.435504
0.442836
0.448537
0.45234
0.454097
0.453731
0.451312
0.447004
0.441181
0.434368
0.427208
0.420491
0.415055
0.411585
0.410548
0.412032
0.415692
0.42082
0.426519
0.431936
0.436422
0.439576
0.44135
0.441915
0.441571
0.440682
0.439547
0.438359
0.437238
0.43613
0.434817
0.433029
0.430486
0.426903
0.422154
0.416368
0.410029
0.403951
0.399215
0.397017
0.398238
0.403266
0.411776
0.422802
0.434987
0.446915
0.457421
0.465713
0.471325
0.474175
0.474317
0.471976
0.467441
0.461006
0.45297
0.443654
0.433339
0.422395
0.41123
0.400353
0.390425
0.382172
0.37635
0.373673
0.374663
0.379433
0.387633
0.398382
0.410418
0.422278
0.432621
0.440352
0.444854
0.446034
0.444284
0.440378
0.435348
0.430233
0.425884
0.422794
0.421183
0.421056
0.42237
0.425081
0.428992
0.433589
0.437965
0.440903
0.441375
0.438744
0.432936
0.424398
0.414113
0.403371
0.39359
0.386088
0.381793
0.381124
0.384013
0.389992
0.398336
0.408176
0.418666
0.428987
0.438401
0.446354
0.452482
0.45667
0.459049
0.459918
0.459721
0.458858
0.457703
0.456502
0.455446
0.454624
0.454023
0.453584
0.453127
0.452422
0.451262
0.449462
0.44697
0.443876
0.440256
0.436271
0.432138
0.428115
0.424564
0.421828
0.420211
0.419862
0.420614
0.42208
0.423643
0.424714
0.424845
0.423759
0.421376
0.41778
0.413087
0.407506
0.401315
0.394845
0.388487
0.382729
0.378101
0.375074
0.373992
0.374993
0.377957
0.382565
0.388298
0.394594
0.400876
0.40668
0.41163
0.4155
0.41826
0.420068
0.42122
0.422062
0.422936
0.423992
0.425192
0.426365
0.427277
0.42775
0.427726
0.427244
0.426409
0.425346
0.424239
0.423317
0.42291
0.423365
0.424944
0.427772
0.431668
0.436159
0.440622
0.444472
0.447406
0.449484
0.451172
0.452957
0.455158
0.457792
0.460601
0.463135
0.464872
0.465326
0.464124
0.461025
0.456045
0.449524
0.442175
0.43506
0.429289
0.425678
0.424521
0.425475
0.427777
0.430452
0.432517
0.433265
0.43225
0.429362
0.424722
0.418692
0.411819
0.404796
0.398426
0.393493
0.390629
0.390149
0.391949
0.395565
0.400364
0.405682
0.410938
0.415738
0.419824
0.423137
0.425734
0.427788
0.429533
0.431163
0.432783
0.434304
0.435584
0.436475
0.436829
0.4366
0.435867
0.434685
0.433155
0.431261
0.428981
0.426342
0.423442
0.420546
0.417989
0.416181
0.415489
0.416186
0.418278
0.421614
0.425818
0.43047
0.435162
0.43954
0.443284
0.446111
0.447832
0.448197
0.447095
0.444494
0.440574
0.435659
0.430276
0.425002
0.420385
0.416781
0.414342
0.413023
0.412615
0.412833
0.413456
0.414386
0.415704
0.417586
0.420262
0.423858
0.428292
0.433276
0.438452
0.443511
0.448227
0.452423
0.455949
0.458658
0.460414
0.461041
0.460369
0.458202
0.454297
0.448475
0.440658
0.430937
0.419679
0.40748
0.395233
0.383918
0.374544
0.367919
0.364453
0.364059
0.366195
0.370065
0.374791
0.379667
0.384277
0.388452
0.392182
0.395371
0.397794
0.399155
0.399298
0.398364
0.396915
0.395788
0.395947
0.398225
0.403169
0.410903
0.421138
0.433279
0.446493
0.459884
0.472607
0.483929
0.49326
0.500149
0.50427
0.505403
0.503411
0.498209
0.489882
0.478722
0.465314
0.450456
0.43525
0.420899
0.408641
0.399501
0.394118
0.392665
0.394954
0.400372
0.408053
0.416971
0.426012
0.434108
0.440305
0.443973
0.444832
0.443002
0.438923
0.433257
0.426755
0.420107
0.414004
0.409041
0.405751
0.404535
0.405548
0.408597
0.413033
0.417882
0.422133
0.425008
0.426062
0.42539
0.423461
0.420927
0.418465
0.416541
0.415384
0.414854
0.414616
0.414241
0.413419
0.412083
0.410476
0.409115
0.40858
0.409418
0.411937
0.416108
0.421527
0.427462
0.433015
0.43729
0.439566
0.439445
0.436871
0.43222
0.426202
0.419653
0.413431
0.40824
0.40454
0.402549
0.402367
0.403991
0.407396
0.412597
0.419499
0.427883
0.437272
0.446914
0.455951
0.463475
0.46876
0.471266
0.470772
0.467301
0.461107
0.452648
0.442586
0.431765
0.421132
0.411685
0.404355
0.399805
0.398286
0.399606
0.40311
0.407903
0.412874
0.417023
0.419464
0.419684
0.41759
0.413491
0.408073
0.402181
0.396737
0.392583
0.390376
0.390528
0.393271
0.398543
0.406003
0.415109
0.425125
0.43526
0.444708
0.452778
0.45892
0.462803
0.464335
0.463598
0.460906
0.456733
0.451593
0.445995
0.440258
0.434541
0.428835
0.422954
0.416745
0.410223
0.403561
0.397132
0.391453
0.387056
0.38446
0.384007
0.385814
0.389756
0.395492
0.40252
0.410273
0.418292
0.426282
0.434094
0.44171
0.449136
0.456228
0.462611
0.46766
0.470716
0.471219
0.46892
0.463937
0.456719
0.447846
0.438031
0.42799
0.418379
0.409681
0.402232
0.396289
0.392002
0.389409
0.388524
0.38925
0.391453
0.394931
0.399366
0.404339
0.409382
0.413976
0.417673
0.4201
0.421116
0.420889
0.419892
0.418744
0.418182
0.418871
0.42132
0.425769
0.432145
0.439955
0.448457
0.456864
0.46444
0.470701
0.475338
0.478248
0.479353
0.478644
0.476093
0.471736
0.465654
0.458076
0.449393
0.440122
0.430846
0.421984
0.41384
0.406479
0.399792
0.393582
0.38766
0.381952
0.376553
0.371651
0.367521
0.364484
0.362821
0.362762
0.364364
0.367669
0.372614
0.379059
0.386834
0.395676
0.405213
0.415038
0.424684
0.43364
0.441526
0.448085
0.453214
0.456896
0.45922
0.460283
0.460222
0.459239
0.457678
0.456127
0.455271
0.455793
0.458092
0.462106
0.467267
0.472584
0.476948
0.479349
0.479086
0.475911
0.470098
0.462316
0.453475
0.444582
0.436534
0.429996
0.425211
0.421988
0.419765
0.417784
0.415247
0.411589
0.406704
0.401033
0.395466
0.391048
0.388681
0.388858
0.391518
0.396149
0.402012
0.40836
0.414538
0.420135
0.424878
0.428669
0.431448
0.433177
0.433752
0.433056
0.431041
0.427824
0.423738
0.419269
0.414975
0.411418
0.408971
0.407764
0.407696
0.408456
0.4097
0.411171
0.41271
0.414388
0.416329
0.418702
0.421661
0.4252
0.429172
0.433289
0.437242
0.44069
0.44341
0.445244
0.446185
0.446247
0.445541
0.444247
0.442575
0.440857
0.439536
0.439068
0.439781
0.441758
0.444736
0.448174
0.451373
0.453693
0.45461
0.453788
0.451034
0.446285
0.439593
0.431022
0.420861
0.409621
0.398118
0.387475
0.379015
0.373921
0.372936
0.376086
0.382696
0.391608
0.401459
0.410954
0.419047
0.425061
0.428671
0.429886
0.429023
0.426611
0.42339
0.420033
0.41715
0.41521
0.414467
0.415048
0.4169
0.419912
0.423875
0.428491
0.4334
0.438186
0.442513
0.446143
0.448905
0.450747
0.451609
0.451459
0.450278
0.448133
0.445153
0.441639
0.437961
0.434482
0.431424
0.428949
0.427142
0.426022
0.425603
0.42587
0.426748
0.427996
0.429315
0.430291
0.430596
0.429969
0.42831
0.425642
0.422141
0.418165
0.414134
0.410476
0.407489
0.405287
0.40389
0.403197
0.403067
0.403426
0.404275
0.405683
0.407718
0.410451
0.413871
0.417858
0.422201
0.426687
0.431066
0.435179
0.438926
0.442237
0.445061
0.44728
0.44877
0.44935
0.448897
0.447357
0.444808
0.441437
0.437597
0.433625
0.429794
0.426341
0.423443
0.421252
0.41984
0.419201
0.419224
0.41967
0.420249
0.4207
0.42084
0.420679
0.42047
0.420525
0.421143
0.422586
0.42495
0.428173
0.43204
0.436177
0.440088
0.443206
0.444952
0.444793
0.442359
0.43753
0.430537
0.42204
0.41296
0.404338
0.397198
0.392303
0.390001
0.390261
0.392774
0.397064
0.402603
0.408928
0.415621
0.422255
0.42839
0.433544
0.437203
0.438909
0.43839
0.435652
0.431001
0.425071
0.418737
0.412926
0.408572
0.406398
0.406837
0.410038
0.415768
0.423523
0.432523
0.44193
0.450876
0.458638
0.464619
0.468331
0.469466
0.467896
0.463705
0.457194
0.448887
0.439434
0.42957
0.41994
0.411116
0.403563
0.397693
0.393872
0.392438
0.393639
0.397593
0.404139
0.412842
0.422929
0.433404
0.443112
0.450942
0.456043
0.457886
0.456388
0.451755
0.444518
0.4354
0.425204
0.414667
0.404566
0.395675
0.38871
0.384355
0.383048
0.384921
0.389666
0.396458
0.40426
0.411993
0.418854
0.424384
0.428527
0.431453
0.433495
0.435002
0.43623
0.437257
0.438053
0.43841
0.438063
0.43676
0.434321
0.430784
0.426496
0.422033
0.418192
0.415911
0.416021
0.419124
0.425322
0.434262
0.445007
0.456412
0.467241
0.47631
0.48264
0.48553
0.484544
0.479559
0.470807
0.458852
0.444599
0.429216
0.413998
0.400118
0.388507
0.379794
0.374293
0.372053
0.372944
0.376736
0.38301
0.391178
0.400494
0.410218
0.41959
0.427984
0.434928
0.440085
0.443291
0.444517
0.443829
0.441346
0.437307
0.432058
0.426038
0.419813
0.414027
0.409352
0.406382
0.405629
0.407349
0.411522
0.417875
0.425749
0.434292
0.442509
0.44945
0.454332
0.456615
0.456139
0.453088
0.44793
0.441343
0.434032
0.426691
0.419951
0.414355
0.410236
0.407814
0.407161
0.408245
0.410954
0.415101
0.420331
0.426179
0.432026
0.437127
0.440776
0.442438
0.441893
0.439277
0.43505
0.429829
0.424264
0.418907
0.414017
0.409701
0.405884
0.402457
0.399439
0.397087
0.395921
0.396677
0.40011
0.406681
0.416342
0.428415
0.44171
0.454783
0.46618
0.474634
0.47938
0.480154
0.47714
0.470999
0.462661
0.453172
0.443564
0.43469
0.427187
0.421463
0.417666
0.415695
0.41522
0.415724
0.416515
0.417054
0.416903
0.415946
0.414294
0.412234
0.410117
0.408252
0.406875
0.406152
0.406267
0.407322
0.40934
0.412251
0.415879
0.419959
0.424189
0.428261
0.431845
0.434702
0.436641
0.437511
0.437291
0.436024
0.433935
0.431313
0.428521
0.425919
0.423784
0.422268
0.42135
0.420874
0.42055
0.420042
0.419105
0.417593
0.415597
0.413394
0.411469
0.410321
0.410386
0.411916
0.414943
0.419247
0.424367
0.429671
0.434523
0.438326
0.440697
0.441432
0.440582
0.43838
0.435208
0.431454
0.427499
0.423598
0.419888
0.416505
0.413568
0.411311
0.410059
0.410136
0.411846
0.415262
0.420211
0.426318
0.433137
0.440194
0.446966
0.452869
0.457291
0.459627
0.459478
0.456748
0.451698
0.444983
0.437495
0.430115
0.423636
0.41853
0.415011
0.412962
0.412111
0.412184
0.412921
0.414169
0.41585
0.417915
0.420335
0.423102
0.426178
0.429498
0.4329
0.436049
0.438538
0.439943
0.439983
0.438536
0.435718
0.431822
0.427327
0.422811
0.418875
0.416087
0.414868
0.415476
0.417833
0.421605
0.426217
0.430961
0.435078
0.437959
0.439234
0.438821
0.436894
0.433866
0.430227
0.426528
0.423205
0.420519
0.418484
0.416909
0.415428
0.413575
0.411006
0.407584
0.403454
0.399116
0.395238
0.392546
0.391617
0.39281
0.396248
0.401824
0.409196
0.417823
0.426996
0.435837
0.443399
0.448899
0.451787
0.451998
0.449825
0.445867
0.440924
0.435829
0.431352
0.428075
0.426362
0.42634
0.42792
0.430895
0.434806
0.439209
0.443574
0.447392
0.45029
0.452005
0.452463
0.451775
0.450202
0.448107
0.445825
0.443677
0.441825
0.440334
0.439084
0.437841
0.436275
0.434135
0.431123
0.427086
0.421919
0.415646
0.408404
0.400466
0.39227
0.384324
0.377311
0.372066
0.36949
0.370327
0.375076
0.383856
0.396334
0.411814
0.429233
0.447297
0.464569
0.479582
0.490981
0.497637
0.498719
0.493929
0.483509
0.468351
0.449877
0.429897
0.410383
0.393155
0.379647
0.370735
0.36668
0.367168
0.371386
0.378245
0.386449
0.394793
0.402274
0.408123
0.411996
0.413962
0.414508
0.414438
0.414719
0.416333
0.42003
0.426044
0.434084
0.44333
0.452599
0.460603
0.466239
0.468678
0.467649
0.463428
0.456835
0.449072
0.441554
0.435637
0.43234
0.432177
0.435025
0.440275
0.447087
0.454517
0.46164
0.467747
0.472223
0.474611
0.474552
0.471891
0.466672
0.459061
0.449234
0.437401
0.423832
0.408991
0.393506
0.37825
0.364368
0.353022
0.345295
0.341945
0.343323
0.349306
0.359371
0.372593
0.387821
0.403802
0.41931
0.433239
0.444678
0.452994
0.457825
0.459103
0.45708
0.452257
0.445293
0.43698
0.428152
0.419627
0.412084
0.406107
0.402144
0.400383
0.400857
0.403446
0.407907
0.413933
0.421198
0.429287
0.43774
0.446051
0.453706
0.4602
0.465039
0.467873
0.468486
0.466829
0.463024
0.457406
0.450368
0.442386
0.434077
0.426067
0.419009
0.413543
0.410126
0.408915
0.409729
0.412047
0.415147
0.418312
0.421008
0.422941
0.424136
0.424873
0.425582
0.42662
0.428215
0.430309
0.432592
0.434499
0.435439
0.434832
0.432361
0.427971
0.421919
0.414703
0.406978
0.399439
0.392638
0.38702
0.382833
0.380191
0.379138
0.379751
0.382132
0.386424
0.392717
0.400907
0.410654
0.421364
0.432244
0.442398
0.450892
0.456882
0.459773
0.459207
0.455195
0.448098
0.438598
0.427631
0.41626
0.405563
0.396502
0.389795
0.385872
0.384926
0.386995
0.391955
0.399565
0.409524
0.421405
0.434667
0.448673
0.462717
0.476089
0.488063
0.498049
0.505587
0.510336
0.512165
0.511033
0.506986
0.50015
0.490714
0.47902
0.465488
0.450655
0.435153
0.419714
0.405097
0.39207
0.381313
0.373345
0.368412
0.36645
0.367021
0.369418
0.372752
0.376046
0.378529
0.379708
0.379439
0.377971
0.375784
0.373593
0.372143
0.372012
0.373489
0.376611
0.381136
0.386748
0.393155
0.400204
0.407931
0.416463
0.425942
0.43636
0.447482
0.458874
0.46988
0.479757
0.487671
0.492829
0.494607
0.492636
0.486889
0.477589
0.465339
0.451016
0.435751
0.420796
0.407405
0.396711
0.389495
0.386095
0.386421
0.389935
0.395736
0.402723
0.409742
0.415784
0.420162
0.422576
0.423104
0.422188
0.420477
0.41866
0.417383
0.417104
0.418158
0.420708
0.424787
0.430201
0.436639
0.443553
0.450262
0.456006
0.460091
0.462006
0.461505
0.458692
0.453983
0.448003
0.441492
0.43522
0.429946
0.426165
0.424154
0.423892
0.42511
0.427281
0.429732
0.431683
0.432327
0.431069
0.427584
0.421974
0.414726
0.406691
0.398914
0.392382
0.387927
0.386092
0.387043
0.390582
0.396264
0.403392
0.411173
0.418748
0.425424
0.430728
0.434474
0.436815
0.438145
0.438909
0.439334
0.439404
0.438894
0.437577
0.435349
0.432338
0.428791
0.425153
0.421831
0.41919
0.417556
0.417076
0.417772
0.419453
0.421823
0.424474
0.427018
0.429104
0.430562
0.431462
0.432076
0.432745
0.433764
0.435205
0.436819
0.438112
0.43845
0.437256
0.434153
0.42898
0.421844
0.413166
0.403502
0.393539
0.384049
0.375776
0.36943
0.36564
0.364882
0.367547
0.37386
0.383807
0.397151
0.413319
0.43147
0.450574
0.469512
0.487106
0.502237
0.513895
0.521303
0.523867
0.521225
0.513318
0.500333
0.482837
0.461797
0.438554
0.414685
0.391834
0.371454
0.354676
0.342284
0.334708
0.332119
0.334242
0.340461
0.349885
0.361443
0.374118
0.387075
0.399755
0.411846
0.423151
0.433603
0.443214
0.451979
0.459839
0.466672
0.472321
0.476604
0.479432
0.480719
0.480486
0.478852
0.476042
0.472383
0.468336
0.464304
0.460525
0.456982
0.453419
0.449449
0.44471
0.439068
0.432664
0.425948
0.419621
0.414415
0.411003
0.409742
0.410693
0.413602
0.417901
0.422849
0.42764
0.431363
0.433214
0.432547
0.429008
0.422569
0.413552
0.402639
0.390786
0.379076
0.368604
0.360398
0.355303
0.353907
0.356521
0.363131
0.373379
0.386539
0.401639
0.417618
0.433433
0.448146
0.46103
0.471557
0.479316
0.484081
0.485776
0.484581
0.480757
0.474715
0.466984
0.458115
0.448657
0.439132
0.430035
0.421849
0.415019
0.409889
0.406744
0.40576
0.406967
0.410211
0.41516
0.421245
0.42789
0.434367
0.439999
0.444273
0.446796
0.447365
0.445928
0.442641
0.437781
0.431739
0.425029
0.418142
0.411539
0.405622
0.400712
0.397032
0.394755
0.394009
0.394737
0.396811
0.399866
0.403497
0.407242
0.410712
0.413603
0.415806
0.417295
0.41814
0.41838
0.417978
0.41686
0.414967
0.41232
0.409126
0.405752
0.402648
0.400315
0.399113
0.39931
0.400972
0.404015
0.408216
0.413283
0.418912
0.424846
0.430881
0.436937
0.443025
0.44923
0.455697
0.462478
0.469445
0.476253
0.482316
0.486934
0.489416
0.489209
0.486026
0.479895
0.471088
0.460055
0.44734
0.433576
0.419373
0.405406
0.392539
0.381696
0.373781
0.369528
0.369308
0.373031
0.380124
0.389562
0.40011
0.410498
0.419563
0.426379
0.430506
0.431968
0.431224
0.429067
0.426397
0.424023
0.42254
0.422331
0.423512
0.426064
0.429768
0.434156
0.438689
0.4428
0.446024
0.448059
0.448871
0.44862
0.447568
0.445958
0.444082
0.442046
0.439882
0.437482
0.434699
0.431408
0.427656
0.423582
0.419577
0.416115
0.413727
0.412837
0.413694
0.416327
0.420451
0.425519
0.43086
0.43573
0.439471
0.441594
0.441924
0.440491
0.437547
0.433447
0.428561
0.423223
0.417681
0.412116
0.406763
0.401887
0.397727
0.394586
0.392689
0.392167
0.393066
0.395409
0.399169
0.404307
0.41075
0.41839
0.427026
0.436327
0.445769
0.454671
0.462205
0.467545
0.470012
0.469269
0.465397
0.458826
0.450344
0.440903
0.43147
0.422902
0.415782
0.410416
0.406822
0.404784
0.40395
0.403901
0.404296
0.404871
0.405542
0.406339
0.407428
0.409072
0.411493
0.414913
0.419485
0.42525
0.432111
0.43979
0.44787
0.455823
0.463176
0.469469
0.47428
0.477169
0.477761
0.475646
0.4705
0.462184
0.450836
0.436882
0.421121
0.40468
0.388938
0.375324
0.365147
0.359376
0.358411
0.362006
0.369424
0.379552
0.391162
0.40306
0.414246
0.423938
0.431725
0.437485
0.441461
0.444074
0.445785
0.447019
0.447912
0.44847
0.448509
0.44776
0.445923
0.442777
0.438207
0.432288
0.425406
0.418187
0.411436
0.405979
0.40245
0.401092
0.401755
0.403953
0.406994
0.410132
0.412838
0.414849
0.416248
0.41734
0.418575
0.420337
0.42287
0.426145
0.429852
0.433694
0.437404
0.440841
0.443944
0.446664
0.448908
0.450447
0.451055
0.450521
0.448681
0.445495
0.440982
0.435352
0.428998
0.422473
0.416442
0.411628
0.408598
0.407709
0.408974
0.412126
0.416707
0.422222
0.428184
0.434193
0.439866
0.444883
0.448878
0.451501
0.452458
0.451565
0.448805
0.444425
0.438834
0.432674
0.426634
0.421413
0.417556
0.415331
0.414692
0.415248
0.416476
0.417762
0.418651
0.418849
0.418221
0.416879
0.414983
0.412721
0.410312
0.407925
0.405752
0.403892
0.402365
0.40118
0.400375
0.400088
0.400627
0.402444
0.405911
0.411253
0.41834
0.426769
0.43584
0.444754
0.452702
0.459053
0.463402
0.465622
0.465801
0.464148
0.460966
0.456567
0.451259
0.445328
0.439025
0.432586
0.426282
0.420375
0.415171
0.410944
0.407919
0.406148
0.405592
0.406046
0.407205
0.408704
0.410333
0.411894
0.413376
0.414865
0.416498
0.418487
0.421024
0.424192
0.427934
0.431999
0.436028
0.439647
0.44251
0.444323
0.444805
0.443695
0.440876
0.43634
0.430394
0.423647
0.416954
0.411257
0.407367
0.405711
0.406331
0.408866
0.412671
0.417023
0.421301
0.425045
0.428036
0.430291
0.431938
0.43308
0.433761
0.433931
0.433446
0.432184
0.430144
0.427587
0.424921
0.422649
0.421268
0.421136
0.422365
0.424848
0.428296
0.432281
0.436297
0.439828
0.442348
0.443432
0.442848
0.440561
0.436832
0.43217
0.427262
0.422933
0.41988
0.418562
0.419137
0.421421
0.425011
0.429411
0.434091
0.438468
0.442002
0.444223
0.444785
0.443586
0.44077
0.436634
0.431668
0.426382
0.42133
0.417078
0.414152
0.412969
0.41366
0.415823
0.418589
0.420851
0.421583
0.420204
0.416833
0.41215
0.407216
0.40317
0.401013
0.401421
0.404816
0.411319
0.420654
0.432215
0.444991
0.457702
0.468981
0.47763
0.4827
0.483733
0.480759
0.4742
0.464813
0.453483
0.441182
0.428814
0.417118
0.406617
0.397647
0.390325
0.384549
0.380107
0.376757
0.374308
0.372747
0.372251
0.373165
0.375912
0.380834
0.388037
0.397369
0.40838
0.420478
0.43302
0.445406
0.457082
0.467582
0.476551
0.48367
0.488742
0.491507
0.491772
0.489364
0.484184
0.476199
0.46553
0.452559
0.437855
0.422214
0.406692
0.392562
0.381245
0.374143
0.372311
0.376118
0.384947
0.397185
0.410697
0.423431
0.433803
0.440885
0.444357
0.444376
0.441384
0.435995
0.428989
0.421181
0.413503
0.406881
0.402131
0.399852
0.400348
0.403496
0.408725
0.415258
0.42205
0.428168
0.4328
0.435394
0.435797
0.434217
0.431227
0.427685
0.424592
0.422894
0.423218
0.425738
0.430145
0.435737
0.44171
0.44724
0.451629
0.454378
0.455145
0.45377
0.450321
0.445118
0.438672
0.431701
0.425008
0.419412
0.415672
0.414435
0.416023
0.420247
0.426372
0.43329
0.439834
0.445108
0.448562
0.450028
0.449724
0.448057
0.445494
0.442427
0.439166
0.43585
0.432582
0.429319
0.426083
0.422843
0.419618
0.416466
0.413464
0.410775
0.408544
0.406939
0.406072
0.406001
0.406563
0.407505
0.408521
0.409248
0.409368
0.40869
0.407212
0.405081
0.402665
0.40041
0.398832
0.398422
0.399536
0.402305
0.406592
0.412027
0.418156
0.424482
0.430493
0.435765
0.439971
0.442851
0.444225
0.444001
0.442247
0.439218
0.435417
0.431485
0.428116
0.425926
0.425227
0.425945
0.427669
0.429798
0.431684
0.432765
0.4327
0.431387
0.428998
0.425874
0.422465
0.419193
0.416433
0.41448
0.413569
0.41375
0.414989
0.417166
0.420044
0.423291
0.426529
0.429371
0.431531
0.43285
0.433213
0.432635
0.431218
0.429182
0.426859
0.424525
0.422323
0.420094
0.417533
0.414334
0.410468
0.406262
0.402346
0.399521
0.398499
0.399805
0.403651
0.409802
0.417599
0.426064
0.434165
0.441151
0.446711
0.450999
0.454514
0.457848
0.46135
0.464971
0.468211
0.470285
0.470357
0.467772
0.462242
0.453917
0.443424
0.431731
0.420095
0.409828
0.40216
0.397964
0.397621
0.400937
0.407173
0.415135
0.423482
0.430897
0.436294
0.438986
0.438725
0.435749
0.430636
0.42437
0.418101
0.412929
0.409686
0.408704
0.409917
0.41293
0.417136
0.421831
0.426348
0.430051
0.432458
0.433317
0.432606
0.43066
0.42812
0.425869
0.424827
0.42557
0.428129
0.431804
0.43547
0.437907
0.438185
0.435937
0.431225
0.42451
0.416592
0.40835
0.400657
0.39425
0.389659
0.387035
0.386268
0.387042
0.389018
0.391936
0.395663
0.400224
0.405711
0.412144
0.419378
0.427096
0.4348
0.441926
0.447966
0.452504
0.455326
0.456372
0.455722
0.453439
0.449742
0.444894
0.439196
0.432938
0.426371
0.419804
0.413494
0.407743
0.402853
0.399149
0.396981
0.396622
0.398279
0.402039
0.407816
0.415304
0.424037
0.433294
0.442226
0.449982
0.4558
0.459133
0.459646
0.457243
0.452129
0.444708
0.435566
0.425427
0.41506
0.405259
0.396776
0.390332
0.386471
0.385584
0.387725
0.392703
0.400027
0.408956
0.418573
0.427951
0.436174
0.442464
0.446321
0.447473
0.446009
0.442363
0.437185
0.431335
0.425693
0.421015
0.417862
0.416508
0.416918
0.418794
0.421592
0.424693
0.427429
0.429239
0.429782
0.428963
0.42702
0.424393
0.421745
0.419768
0.418926
0.41935
0.420844
0.422988
0.425247
0.427153
0.428396
0.428932
0.428993
0.429074
0.429717
0.431388
0.434365
0.438695
0.444145
0.450224
0.456246
0.461425
0.464983
0.466313
0.464936
0.460768
0.454031
0.445221
0.435067
0.424442
0.414209
0.405155
0.397842
0.392571
0.389387
0.388117
0.388487
0.390161
0.392848
0.396347
0.400481
0.405097
0.410038
0.415164
0.420316
0.425358
0.430154
0.434504
0.438219
0.441088
0.442915
0.443609
0.443221
0.441976
0.440183
0.438092
0.435805
0.433273
0.430214
0.426286
0.421349
0.415681
0.410004
0.405376
0.402902
0.403332
0.406849
0.41307
0.421189
0.430171
0.439018
0.446788
0.452716
0.456251
0.457072
0.455084
0.450498
0.443781
0.435723
0.427251
0.419336
0.412864
0.408526
0.40661
0.407176
0.410036
0.414813
0.420938
0.427771
0.434599
0.440755
0.445609
0.448609
0.449364
0.447745
0.443908
0.43821
0.431229
0.423663
0.416296
0.409874
0.405042
0.402285
0.401852
0.403692
0.407523
0.412844
0.418992
0.425198
0.430558
0.434165
0.435262
0.433464
0.428877
0.422126
0.414238
0.406389
0.399722
0.395187
0.393388
0.394544
0.398497
0.404813
0.412846
0.421873
0.431114
0.439859
0.447419
0.453257
0.456948
0.458267
0.457184
0.453881
0.448832
0.44271
0.436379
0.430705
0.426334
0.423603
0.42244
0.422446
0.423013
0.42361
0.424031
0.424452
0.42533
0.427074
0.429624
0.43241
0.434666
0.435844
0.435838
0.435109
0.434414
0.434458
0.435665
0.437942
0.440827
0.443668
0.445792
0.446768
0.446455
0.444969
0.44258
0.439602
0.436272
0.432735
0.429086
0.425362
0.421697
0.418374
0.415682
0.413947
0.413384
0.413962
0.415493
0.417591
0.419795
0.421613
0.422628
0.422424
0.420664
0.417128
0.411763
0.404796
0.396764
0.388571
0.381317
0.376081
0.373673
0.374418
0.378129
0.384132
0.391525
0.399317
0.406762
0.413322
0.418806
0.423256
0.426802
0.429643
0.431928
0.433737
0.435074
0.435942
0.436289
0.43615
0.435644
0.434913
0.434165
0.433689
0.433804
0.434766
0.436745
0.439751
0.443661
0.448239
0.453154
0.458088
0.462684
0.46657
0.469423
0.470888
0.470732
0.468788
0.465016
0.459458
0.452269
0.44374
0.434337
0.424635
0.415314
0.40702
0.400343
0.395688
0.393292
0.393204
0.395257
0.399078
0.404078
0.409538
0.414638
0.418564
0.420719
0.420785
0.418817
0.415186
0.410547
0.405705
0.401421
0.398359
0.397018
0.397654
0.400344
0.404975
0.4113
0.418949
0.427483
0.436393
0.445056
0.45278
0.458782
0.462315
0.462677
0.459464
0.452651
0.442621
0.430268
0.416912
0.404122
0.393478
0.386249
0.383083
0.384008
0.388454
0.395486
0.404053
0.413154
0.421961
0.429904
0.436638
0.442077
0.446311
0.449623
0.452289
0.454569
0.456725
0.458923
0.461229
0.46363
0.465985
