-6.36244
-6.35548
-6.3435
-6.32505
-6.2982
-6.26101
-6.215
-6.15841
-6.08917
-6.00446
-5.90761
-5.79659
-5.67506
-5.55258
-5.43388
-5.32993
-5.24676
-5.188
-5.15442
-5.14258
-5.14885
-5.16699
-5.19343
-5.22142
-5.24829
-5.27162
-5.29002
-5.30281
-5.31094
-5.31541
-5.31902
-5.32134
-5.32239
-5.32274
-5.32099
-5.31778
-5.30992
-5.29658
-5.27691
-5.25416
-5.22887
-5.20393
-5.18065
-5.16218
-5.14922
-5.14217
-5.13972
-5.14271
-5.15024
-5.16134
-5.17496
-5.18874
-5.20354
-5.21494
-5.22269
-5.2265
-5.22555
-5.22085
-5.21394
-5.20508
-5.19713
-5.19208
-5.18919
-5.18954
-5.19219
-5.19863
-5.20611
-5.21592
-5.22503
-5.2346
-5.24043
-5.24442
-5.24576
-5.24609
-5.2482
-5.25093
-5.25519
-5.26233
-5.27022
-5.27652
-5.27952
-5.27921
-5.27574
-5.26958
-5.26343
-5.25764
-5.25352
-5.25138
-5.25281
-5.25684
-5.26422
-5.27136
-5.27971
-5.28614
-5.29263
-5.29536
-5.29498
-5.29132
-5.28511
-5.27648
-5.26612
-5.25265
-5.23808
-5.22243
-5.20433
-5.1852
-5.16413
-5.14168
-5.12164
-5.10384
-5.09204
-5.08827
-5.09349
-5.10638
-5.12397
-5.14243
-5.16003
-5.17254
-5.1818
-5.18377
-5.17894
-5.1687
-5.15353
-5.13582
-5.11998
-5.10695
-5.09919
-5.09793
-5.10175
-5.10871
-5.11777
-5.12759
-5.13655
-5.14426
-5.14975
-5.15582
-5.16119
-5.16662
-5.17262
-5.17716
-5.18034
-5.18097
-5.1805
-5.1775
-5.1743
-5.17204
-5.17251
-5.17749
-5.18835
-5.20677
-5.23059
-5.25727
-5.28285
-5.29994
-5.31031
-5.31356
-5.31117
-5.30811
-5.30342
-5.29753
-5.29201
-5.28681
-5.27882
-5.27079
-5.26384
-5.25912
-5.25535
-5.2539
-5.25352
-5.25371
-5.25326
-5.25222
-5.25036
-5.24809
-5.24732
-5.24882
-5.25219
-5.25816
-5.26639
-5.27488
-5.28085
-5.28242
-5.28011
-5.27346
-5.26225
-5.24946
-5.23464
-5.21971
-5.20585
-5.19513
-5.18743
-5.18424
-5.18727
-5.19849
-5.2174
-5.2406
-5.26764
-5.2955
-5.32087
-5.34336
-5.3623
-5.37514
-5.37789
-5.37142
-5.35476
-5.32763
-5.29094
-5.24936
-5.20531
-5.16613
-5.13495
-5.11295
-5.098
-5.08975
-5.08788
-5.09184
-5.10396
-5.12016
-5.13805
-5.15461
-5.16853
-5.18151
-5.19224
-5.20237
-5.20677
-5.20758
-5.20485
-5.19579
-5.1813
-5.16293
-5.141
-5.11667
-5.09392
-5.0762
-5.06725
-5.07149
-5.08635
-5.1076
-5.13063
-5.14997
-5.16338
-5.17184
-5.17536
-5.17872
-5.18517
-5.1949
-5.20661
-5.22108
-5.2336
-5.24355
-5.24563
-5.24051
-5.22761
-5.20874
-5.18243
-5.15301
-5.12393
-5.09838
-5.07976
-5.06799
-5.06305
-5.0641
-5.06955
-5.07887
-5.09079
-5.10335
-5.11795
-5.13004
-5.13945
-5.14401
-5.14186
-5.1366
-5.1321
-5.13334
-5.13932
-5.14422
-5.14646
-5.14078
-5.12752
-5.10891
-5.08954
-5.07279
-5.06163
-5.05997
-5.06757
-5.08246
-5.09875
-5.11515
-5.12782
-5.13544
-5.13552
-5.12819
-5.11446
-5.09759
-5.07868
-5.06075
-5.04667
-5.03768
-5.03342
-5.03427
-5.03832
-5.0443
-5.05308
-5.06317
-5.07484
-5.08758
-5.10151
-5.11529
-5.12745
-5.13718
-5.14597
-5.1512
-5.15307
-5.15314
-5.15172
-5.15189
-5.1518
-5.15558
-5.16312
-5.17269
-5.18363
-5.19646
-5.20611
-5.2142
-5.218
-5.21358
-5.20116
-5.17623
-5.14379
-5.10961
-5.08059
-5.0601
-5.04685
-5.04077
-5.04373
-5.05383
-5.06995
-5.08859
-5.10814
-5.12729
-5.14719
-5.16682
-5.18541
-5.20294
-5.21925
-5.2326
-5.24039
-5.24367
-5.24144
-5.23635
-5.22769
-5.22095
-5.21817
-5.21817
-5.22353
-5.23059
-5.23927
-5.24716
-5.253
-5.25315
-5.25142
-5.24792
-5.24457
-5.24023
-5.23554
-5.22714
-5.21685
-5.20288
-5.18687
-5.16925
-5.15077
-5.13425
-5.12126
-5.1145
-5.11412
-5.11918
-5.13062
-5.14515
-5.16183
-5.17808
-5.18979
-5.19737
-5.20069
-5.19701
-5.18735
-5.17366
-5.15808
-5.14059
-5.12512
-5.11288
-5.10569
-5.10297
-5.1022
-5.10617
-5.11363
-5.12027
-5.12682
-5.13276
-5.1418
-5.15154
-5.16531
-5.17995
-5.19417
-5.20848
-5.22167
-5.23177
-5.23685
-5.23491
-5.22894
-5.21854
-5.20365
-5.18548
-5.16489
-5.14236
-5.12237
-5.10394
-5.08863
-5.07664
-5.06682
-5.06003
-5.05666
-5.05845
-5.06598
-5.07854
-5.09301
-5.10643
-5.11609
-5.12198
-5.12415
-5.1232
-5.11941
-5.1165
-5.11225
-5.11091
-5.11329
-5.11664
-5.1224
-5.12807
-5.13352
-5.13392
-5.13163
-5.12179
-5.10798
-5.08988
-5.07161
-5.05571
-5.04347
-5.03643
-5.03156
-5.02625
-5.01896
-5.00633
-4.98817
-4.96831
-4.9532
-4.94683
-4.95485
-4.9782
-5.01385
-5.05868
-5.10574
-5.14798
-5.17933
-5.19817
-5.20252
-5.19137
-5.16886
-5.14111
-5.10963
-5.08017
-5.05421
-5.03549
-5.02437
-5.02109
-5.02514
-5.03505
-5.04616
-5.05674
-5.06675
-5.0713
-5.07167
-5.06761
-5.06253
-5.05408
-5.04431
-5.0292
-5.00909
-4.98764
-4.97041
-4.96626
-4.97759
-5.00131
-5.03172
-5.06351
-5.09385
-5.12049
-5.1435
-5.15981
-5.16973
-5.17287
-5.16739
-5.15425
-5.13354
-5.10689
-5.07372
-5.03411
-4.98947
-4.94202
-4.8986
-4.86546
-4.84936
-4.85535
-4.88336
-4.92519
-4.97273
-5.01819
-5.05746
-5.085
-5.09948
-5.10335
-5.09803
-5.08945
-5.08192
-5.07718
-5.07688
-5.07741
-5.07791
-5.0765
-5.06878
-5.05329
-5.02782
-4.99541
-4.96724
-4.95485
-4.96581
-4.99471
-5.03033
-5.06351
-5.08894
-5.10651
-5.11558
-5.11526
-5.10714
-5.09138
-5.06865
-5.04448
-5.02387
-5.00988
-5.00786
-5.01612
-5.03415
-5.05707
-5.08064
-5.10048
-5.11991
-5.13485
-5.14802
-5.16071
-5.17184
-5.17951
-5.18181
-5.1805
-5.17169
-5.15826
-5.14117
-5.12235
-5.10228
-5.08184
-5.06319
-5.0442
-5.02626
-5.01157
-4.99826
-4.98726
-4.98064
-4.9802
-4.98594
-4.99616
-5.0068
-5.01547
-5.02115
-5.02831
-5.03776
-5.0524
-5.07016
-5.08918
-5.10596
-5.11842
-5.12686
-5.13053
-5.12712
-5.11607
-5.09798
-5.07188
-5.04023
-5.00918
-4.979
-4.95048
-4.9271
-4.91317
-4.906
-4.90476
-4.90598
-4.91099
-4.91842
-4.92781
-4.93946
-4.95499
-4.97409
-4.99476
-5.01599
-5.03893
-5.05986
-5.07704
-5.08992
-5.09961
-5.10252
-5.09772
-5.08444
-5.06421
-5.03745
-5.00467
-4.96733
-4.93034
-4.89855
-4.86943
-4.84942
-4.83927
-4.84258
-4.85812
-4.8867
-4.92347
-4.96405
-5.00006
-5.03024
-5.05184
-5.06399
-5.06712
-5.06111
-5.04874
-5.03166
-5.01285
-4.99881
-4.98973
-4.98972
-4.99797
-5.01199
-5.02855
-5.04769
-5.06841
-5.09278
-5.11854
-5.14645
-5.17173
-5.19021
-5.20115
-5.20198
-5.19396
-5.18214
-5.16535
-5.14475
-5.12581
-5.10903
-5.09517
-5.08472
-5.07746
-5.07591
-5.07976
-5.08516
-5.09298
-5.09895
-5.10293
-5.10197
-5.09269
-5.07608
-5.05236
-5.02752
-5.0052
-4.98748
-4.9763
-4.96805
-4.96159
-4.95412
-4.94212
-4.92615
-4.90489
-4.88068
-4.85679
-4.83816
-4.83074
-4.83668
-4.85209
-4.87208
-4.89033
-4.89918
-4.89561
-4.88028
-4.85555
-4.82582
-4.79226
-4.76236
-4.73994
-4.72823
-4.72643
-4.73589
-4.75453
-4.78009
-4.81216
-4.847
-4.88052
-4.90841
-4.92541
-4.93308
-4.92878
-4.9182
-4.90237
-4.88219
-4.86038
-4.83986
-4.8222
-4.81002
-4.80396
-4.80777
-4.8223
-4.84298
-4.86911
-4.89793
-4.92916
-4.96065
-4.99202
-5.02131
-5.04702
-5.06546
-5.078
-5.0822
-5.07985
-5.0741
-5.06689
-5.0594
-5.05428
-5.04993
-5.04546
-5.04085
-5.03498
-5.03063
-5.02871
-5.03007
-5.03354
-5.03599
-5.03713
-5.03492
-5.0306
-5.02348
-5.0134
-5.00237
-4.99008
-4.97722
-4.96405
-4.94977
-4.93678
-4.92713
-4.92123
-4.91858
-4.91908
-4.92046
-4.92192
-4.92442
-4.92671
-4.92667
-4.92373
-4.91797
-4.90969
-4.90294
-4.89919
-4.90272
-4.91117
-4.92274
-4.93609
-4.94983
-4.9655
-4.98051
-4.99574
-5.01194
-5.02404
-5.03324
-5.03751
-5.03651
-5.0308
-5.02067
-5.00836
-4.99862
-4.99242
-4.99042
-4.99063
-4.99064
-4.98578
-4.97764
-4.96238
-4.94429
-4.92695
-4.91074
-4.89541
-4.88159
-4.86932
-4.85783
-4.8464
-4.84062
-4.84433
-4.86236
-4.89634
-4.94398
-5.00081
-5.059
-5.11469
-5.15985
-5.19611
-5.22022
-5.23188
-5.23022
-5.21499
-5.18864
-5.15007
-5.10189
-5.04429
-4.98084
-4.91809
-4.85943
-4.81224
-4.78223
-4.77246
-4.78245
-4.8091
-4.84693
-4.88853
-4.92831
-4.96115
-4.98755
-5.00392
-5.01055
-5.00722
-4.99588
-4.97928
-4.96311
-4.95178
-4.94848
-4.95757
-4.97374
-4.99451
-5.01416
-5.02772
-5.03467
-5.03323
-5.02452
-5.00991
-4.99166
-4.97373
-4.96052
-4.9553
-4.95812
-4.96758
-4.98008
-4.9938
-5.00563
-5.01262
-5.01391
-5.01167
-5.00841
-5.00574
-5.00509
-5.00751
-5.01232
-5.01878
-5.02546
-5.03273
-5.04117
-5.05093
-5.06179
-5.0724
-5.07632
-5.07152
-5.05706
-5.03137
-5.00028
-4.97122
-4.95091
-4.9427
-4.9476
-4.96092
-4.97489
-4.98452
-4.98516
-4.98215
-4.97547
-4.97023
-4.96787
-4.96579
-4.96322
-4.95885
-4.95239
-4.94773
-4.94839
-4.95747
-4.97214
-4.99133
-5.00869
-5.0225
-5.02851
-5.03137
-5.03315
-5.03939
-5.05185
-5.06811
-5.085
-5.09968
-5.10729
-5.10672
-5.0956
-5.07445
-5.04163
-5.00228
-4.95818
-4.91983
-4.8974
-4.89876
-4.92101
-4.95647
-4.99747
-5.03536
-5.06227
-5.0815
-5.08942
-5.08896
-5.08385
-5.0744
-5.06582
-5.05725
-5.04855
-5.0391
-5.02939
-5.01804
-5.00793
-4.99886
-4.99122
-4.98662
-4.98134
-4.97323
-4.96135
-4.94256
-4.91839
-4.89205
-4.86862
-4.85131
-4.84187
-4.84466
-4.85695
-4.87672
-4.90319
-4.93305
-4.96483
-4.99741
-5.02898
-5.05871
-5.08296
-5.0982
-5.10317
-5.09559
-5.07721
-5.05018
-5.01658
-4.97884
-4.94183
-4.90766
-4.88088
-4.86104
-4.84895
-4.84446
-4.84656
-4.85505
-4.8664
-4.87998
-4.89576
-4.9116
-4.92686
-4.94162
-4.95679
-4.97246
-4.98833
-5.00506
-5.02342
-5.04238
-5.06274
-5.08339
-5.09856
-5.10869
-5.10862
-5.09832
-5.08101
-5.05543
-5.02409
-4.99242
-4.96422
-4.94457
-4.93143
-4.92756
-4.93005
-4.93932
-4.95296
-4.97074
-4.99135
-5.01192
-5.03137
-5.04873
-5.06316
-5.0722
-5.07616
-5.0722
-5.06275
-5.04999
-5.03558
-5.02371
-5.01515
-5.01034
-5.00805
-5.00717
-5.00457
-4.99834
-4.99085
-4.98485
-4.9845
-4.99124
-5.00592
-5.02836
-5.05428
-5.07937
-5.09786
-5.10776
-5.11126
-5.10816
-5.10304
-5.09895
-5.09372
-5.08684
-5.077
-5.06625
-5.05169
-5.03603
-5.02057
-5.00749
-4.99823
-4.99125
-4.99116
-4.99483
-5.00472
-5.0225
-5.04529
-5.07139
-5.09502
-5.11214
-5.12158
-5.12236
-5.11264
-5.0997
-5.08592
-5.07662
-5.07513
-5.08147
-5.09224
-5.10405
-5.11416
-5.1191
-5.11987
-5.11682
-5.1089
-5.09554
-5.07765
-5.05641
-5.0336
-5.00991
-4.99201
-4.98136
-4.97846
-4.98248
-4.9917
-5.00646
-5.02488
-5.04578
-5.06395
-5.07747
-5.08574
-5.08662
-5.08104
-5.0721
-5.062
-5.0537
-5.04995
-5.05299
-5.06238
-5.07761
-5.09512
-5.11113
-5.12039
-5.12204
-5.11434
-5.09998
-5.07997
-5.0561
-5.03031
-5.00215
-4.97294
-4.94255
-4.91301
-4.88795
-4.87122
-4.86636
-4.87541
-4.89528
-4.921
-4.94866
-4.973
-4.99208
-5.0036
-5.00744
-5.00512
-4.99801
-4.98834
-4.98116
-4.97835
-4.98313
-4.99574
-5.01399
-5.03977
-5.06879
-5.09671
-5.11854
-5.13223
-5.13857
-5.13945
-5.13647
-5.13355
-5.12891
-5.12525
-5.12112
-5.11517
-5.11062
-5.10826
-5.10799
-5.11071
-5.11283
-5.11171
-5.10645
-5.09809
-5.08644
-5.07549
-5.06757
-5.06677
-5.07474
-5.09085
-5.1102
-5.12194
-5.12082
-5.10753
-5.08817
-5.06829
-5.05539
-5.05117
-5.0548
-5.06387
-5.07278
-5.07935
-5.08262
-5.0815
-5.0783
-5.07407
-5.07154
-5.06778
-5.06252
-5.05309
-5.03598
-5.01477
-4.98822
-4.95915
-4.9322
-4.90994
-4.8947
-4.88612
-4.88704
-4.89555
-4.90868
-4.92267
-4.93682
-4.94767
-4.95689
-4.9645
-4.96749
-4.96893
-4.97024
-4.97083
-4.97142
-4.97235
-4.97343
-4.9724
-4.96719
-4.95622
-4.94146
-4.924
-4.91201
-4.90431
-4.9049
-4.91235
-4.92148
-4.931
-4.93541
-4.93581
-4.93622
-4.9392
-4.9485
-4.96481
-4.98528
-5.00734
-5.02755
-5.04383
-5.05493
-5.05869
-5.0542
-5.03931
-5.01943
-4.9985
-4.98139
-4.97096
-4.96933
-4.97685
-4.99033
-5.00805
-5.02544
-5.03892
-5.0444
-5.0399
-5.02881
-5.01377
-5.00224
-4.99495
-4.99186
-4.99276
-4.99251
-4.98995
-4.98664
-4.98244
-4.97958
-4.9804
-4.98745
-5.00048
-5.01927
-5.04199
-5.06566
-5.08754
-5.10524
-5.11749
-5.12003
-5.11358
-5.09824
-5.07543
-5.04727
-5.01711
-4.99228
-4.975
-4.96871
-4.97216
-4.98198
-4.99449
-5.00845
-5.01852
-5.02152
-5.01855
-5.01365
-5.00756
-5.00627
-5.00754
-5.01169
-5.01718
-5.02073
-5.02123
-5.01891
-5.01119
-5.00313
-4.99356
-4.98552
-4.97867
-4.97241
-4.96744
-4.96415
-4.96072
-4.95846
-4.95826
-4.96032
-4.96204
-4.96312
-4.96208
-4.96008
-4.9589
-4.96034
-4.9647
-4.97316
-4.98666
-5.00208
-5.01941
-5.03625
-5.05089
-5.06087
-5.06591
-5.06301
-5.05179
-5.03231
-5.00686
-4.97973
-4.9549
-4.93797
-4.93302
-4.93994
-4.95663
-4.98114
-5.01097
-5.04203
-5.07258
-5.10183
-5.12879
-5.15215
-5.17263
-5.18593
-5.19455
-5.19564
-5.19229
-5.18377
-5.17374
-5.16318
-5.15513
-5.14961
-5.14643
-5.14447
-5.14392
-5.14169
-5.13739
-5.13186
-5.12155
-5.11032
-5.09693
-5.08488
-5.07675
-5.07193
-5.07007
-5.06952
-5.0698
-5.07094
-5.07589
-5.08282
-5.09114
-5.09673
-5.09803
-5.09324
-5.08357
-5.07269
-5.06289
-5.05672
-5.05491
-5.05612
-5.06007
-5.06298
-5.06495
-5.06523
-5.06393
-5.05891
-5.049
-5.03688
-5.02064
-5.0021
-4.98317
-4.97028
-4.96589
-4.97133
-4.98392
-4.99877
-5.0126
-5.02124
-5.0254
-5.02087
-5.01335
-5.0039
-4.99431
-4.98804
-4.98515
-4.98601
-4.9902
-4.99711
-5.00723
-5.02096
-5.03533
-5.04955
-5.06077
-5.06767
-5.06918
-5.06458
-5.05839
-5.04931
-5.03898
-5.02833
-5.01826
-5.0101
-5.0046
-5.00033
-4.99632
-4.99531
-4.99725
-5.00109
-5.00491
-5.01151
-5.01878
-5.02907
-5.03994
-5.05059
-5.05902
-5.06106
-5.05692
-5.04576
-5.03211
-5.01673
-5.00535
-4.99796
-4.99598
-5.00181
-5.01192
-5.02671
-5.04327
-5.06181
-5.0772
-5.08808
-5.09255
-5.0934
-5.0882
-5.07973
-5.0719
-5.06691
-5.06425
-5.06718
-5.07032
-5.07232
-5.07189
-5.06659
-5.06121
-5.05756
-5.05963
-5.07063
-5.09106
-5.11826
-5.14794
-5.17129
-5.18469
-5.18498
-5.17183
-5.14917
-5.12244
-5.09482
-5.07085
-5.05232
-5.03834
-5.02627
-5.01557
-5.00638
-4.99754
-4.99003
-4.98648
-4.98979
-5.00059
-5.01844
-5.04134
-5.06539
-5.08865
-5.10698
-5.12279
-5.13256
-5.13685
-5.13537
-5.12909
-5.11927
-5.10739
-5.09751
-5.08971
-5.08502
-5.08493
-5.08583
-5.08813
-5.08884
-5.08926
-5.08792
-5.08211
-5.07144
-5.05339
-5.0296
-4.99737
-4.96071
-4.92246
-4.88852
-4.86426
-4.85349
-4.85801
-4.87727
-4.90899
-4.94875
-4.99042
-5.02998
-5.06131
-5.08223
-5.09137
-5.08402
-5.06387
-5.03548
-5.00446
-4.98213
-4.9715
-4.97162
-4.98248
-5.0007
-5.01713
-5.03264
-5.04238
-5.04542
-5.04065
-5.0299
-5.01397
-4.99648
-4.97942
-4.96607
-4.96005
-4.96138
-4.96841
-4.97905
-4.9906
-5.00135
-5.00962
-5.01608
-5.02256
-5.02957
-5.03836
-5.04687
-5.05711
-5.06898
-5.08232
-5.09653
-5.10911
-5.11893
-5.12269
-5.12045
-5.113
-5.1013
-5.08633
-5.07093
-5.05771
-5.04716
-5.04306
-5.04369
-5.04739
-5.05194
-5.05369
-5.04481
-5.02452
-4.99482
-4.95996
-4.92623
-4.89559
-4.87438
-4.86428
-4.86266
-4.86665
-4.87642
-4.88898
-4.90481
-4.92253
-4.94232
-4.96355
-4.98784
-5.01323
-5.03758
-5.05815
-5.07273
-5.0786
-5.07516
-5.06152
-5.04286
-5.02366
-5.0062
-4.99344
-4.98432
-4.97678
-4.97083
-4.96514
-4.9591
-4.95351
-4.94815
-4.94678
-4.95059
-4.96061
-4.97564
-4.99481
-5.01004
-5.02031
-5.02568
-5.02896
-5.03207
-5.03548
-5.04057
-5.04907
-5.06047
-5.07164
-5.08221
-5.09135
-5.09564
-5.097
-5.08925
-5.07503
-5.05425
-5.03046
-5.00711
-4.98822
-4.97649
-4.97126
-4.96926
-4.96737
-4.9676
-4.96833
-4.97079
-4.97727
-4.98975
-5.00707
-5.02771
-5.04513
-5.05584
-5.0581
-5.05506
-5.04841
-5.0431
-5.03933
-5.03652
-5.03375
-5.03069
-5.03238
-5.03793
-5.04992
-5.06681
-5.08727
-5.10608
-5.12161
-5.13332
-5.13853
-5.13647
-5.12754
-5.11261
-5.09396
-5.07422
-5.05806
-5.04935
-5.04931
-5.05866
-5.07239
-5.0884
-5.10095
-5.1084
-5.10835
-5.09702
-5.07411
-5.04133
-5.00411
-4.96671
-4.93666
-4.91584
-4.90992
-4.91769
-4.93997
-4.97378
-5.01256
-5.05174
-5.08328
-5.1027
-5.1076
-5.0998
-5.08003
-5.05714
-5.03561
-5.02035
-5.0124
-5.0094
-5.00628
-5.00165
-4.99471
-4.98418
-4.97211
-4.9589
-4.947
-4.93798
-4.93216
-4.93025
-4.93259
-4.93705
-4.94206
-4.9471
-4.95198
-4.96049
-4.97349
-4.98835
-5.00406
-5.01615
-5.024
-5.02591
-5.02186
-5.01621
-5.00984
-5.00526
-5.00367
-5.00297
-5.00612
-5.00969
-5.01346
-5.01426
-5.0139
-5.0096
-5.00438
-4.99747
-4.98809
-4.97701
-4.96374
-4.95011
-4.93878
-4.93403
-4.93961
-4.95466
-4.97757
-5.00437
-5.03244
-5.05915
-5.0792
-5.09052
-5.0924
-5.08547
-5.07356
-5.0575
-5.04045
-5.02561
-5.01606
-5.01227
-5.01186
-5.01327
-5.0128
-5.00844
-4.99875
-4.98455
-4.96954
-4.95431
-4.94273
-4.93512
-4.93112
-4.93106
-4.93366
-4.93666
-4.94324
-4.9521
-4.96517
-4.98432
-5.00716
-5.03224
-5.05505
-5.07269
-5.08307
-5.08697
-5.08229
-5.07357
-5.06245
-5.04903
-5.03809
-5.02626
-5.01316
-4.99975
-4.98436
-4.96712
-4.95115
-4.93881
-4.93142
-4.93182
-4.93821
-4.95028
-4.96472
-4.9795
-4.99398
-5.00768
-5.01851
-5.02521
-5.02586
-5.01974
-5.00673
-4.98941
-4.97096
-4.95824
-4.95833
-4.97229
-4.99691
-5.02275
-5.04323
-5.05442
-5.05812
-5.05789
-5.05679
-5.05527
-5.054
-5.05003
-5.03997
-5.02166
-5.00001
-4.97766
-4.9619
-4.95379
-4.95248
-4.95525
-4.96158
-4.9687
-4.97769
-4.99033
-5.00508
-5.02239
-5.04357
-5.06186
-5.07854
-5.0924
-5.10454
-5.11549
-5.1282
-5.14212
-5.15722
-5.17005
-5.17721
-5.17762
-5.1719
-5.16003
-5.14457
-5.12846
-5.11325
-5.10059
-5.09057
-5.08471
-5.08171
-5.07912
-5.07838
-5.07809
-5.07555
-5.07074
-5.06082
-5.04606
-5.02632
-5.00132
-4.97502
-4.94713
-4.91931
-4.89247
-4.86688
-4.84297
-4.82279
-4.8095
-4.80667
-4.81272
-4.8314
-4.86092
-4.89767
-4.94045
-4.98058
-5.01574
-5.04283
-5.06544
-5.08121
-5.09278
-5.09848
-5.09842
-5.09316
-5.08462
-5.07142
-5.05928
-5.04699
-5.03802
-5.03015
-5.02395
-5.02024
-5.02098
-5.02491
-5.03148
-5.03854
-5.04654
-5.05414
-5.06336
-5.07443
-5.08593
-5.09238
-5.09039
-5.07634
-5.05269
-5.02487
-4.99812
-4.97858
-4.96756
-4.96416
-4.96745
-4.9767
-4.99049
-5.01097
-5.03343
-5.05261
-5.06294
-5.06182
-5.04794
-5.02411
-4.99467
-4.9654
-4.94127
-4.92885
-4.9271
-4.93219
-4.93877
-4.94309
-4.94316
-4.93904
-4.9336
-4.92977
-4.92918
-4.9333
-4.94099
-4.95257
-4.9656
-4.9768
-4.98338
-4.98694
-4.98412
-4.97954
-4.97276
-4.96663
-4.96318
-4.96347
-4.96751
-4.97214
-4.97439
-4.97402
-4.9722
-4.96963
-4.96839
-4.96754
-4.96699
-4.96568
-4.96419
-4.96098
-4.95969
-4.96076
-4.97003
-4.98574
-5.00658
-5.03045
-5.05272
-5.07184
-5.082
-5.0837
-5.07615
-5.06219
-5.04209
-5.02107
-5.00233
-4.98697
-4.97649
-4.97015
-4.96589
-4.96512
-4.96767
-4.97083
-4.97491
-4.97845
-4.98182
-4.9884
-4.99897
-5.01387
-5.03046
-5.04974
-5.06599
-5.07979
-5.08746
-5.0911
-5.08682
-5.0784
-5.06299
-5.04436
-5.02199
-4.99656
-4.97252
-4.95146
-4.93406
-4.92009
-4.90998
-4.90267
-4.90375
-4.91031
-4.92252
-6.36201
-6.35371
-6.33932
-6.3166
-6.28301
-6.23715
-6.17985
-6.10701
-6.01673
-5.90864
-5.78047
-5.63582
-5.4839
-5.33471
-5.20008
-5.09127
-5.01504
-4.97185
-4.9582
-4.96716
-4.9926
-5.02498
-5.05892
-5.09115
-5.11708
-5.13555
-5.14747
-5.15306
-5.15687
-5.15891
-5.15991
-5.16122
-5.16148
-5.15817
-5.14965
-5.13435
-5.11114
-5.08259
-5.05203
-5.02235
-4.99833
-4.97951
-4.96711
-4.96083
-4.95968
-4.96245
-4.97113
-4.98498
-5.00175
-5.01945
-5.03584
-5.04748
-5.05408
-5.05379
-5.04828
-5.03649
-5.02316
-5.01044
-5.00168
-4.9966
-4.99578
-4.99854
-5.00248
-5.00881
-5.01625
-5.02401
-5.02994
-5.0334
-5.03476
-5.0335
-5.03047
-5.02966
-5.03262
-5.03963
-5.0505
-5.06222
-5.07219
-5.07846
-5.08344
-5.08676
-5.08847
-5.08826
-5.09026
-5.08854
-5.08466
-5.08046
-5.07526
-5.07181
-5.07232
-5.07333
-5.0769
-5.08077
-5.08579
-5.0903
-5.09347
-5.09311
-5.09037
-5.08335
-5.07369
-5.05929
-5.04277
-5.02257
-4.99987
-4.97675
-4.95285
-4.93125
-4.91457
-4.90523
-4.90557
-4.91643
-4.93537
-4.96107
-4.99012
-5.01731
-5.0384
-5.05399
-5.06251
-5.06448
-5.05934
-5.05056
-5.04136
-5.03116
-5.02459
-5.01894
-5.0144
-5.0099
-5.00525
-5.00219
-5.00167
-5.0066
-5.01789
-5.03371
-5.05168
-5.07276
-5.09503
-5.11624
-5.13229
-5.14432
-5.15055
-5.15266
-5.15106
-5.14967
-5.1507
-5.15202
-5.15288
-5.15082
-5.14491
-5.13568
-5.12618
-5.11833
-5.1158
-5.11692
-5.12195
-5.12684
-5.12768
-5.12453
-5.11372
-5.09756
-5.07632
-5.05545
-5.03953
-5.03247
-5.03769
-5.05173
-5.06564
-5.0755
-5.07957
-5.08136
-5.08445
-5.09011
-5.0999
-5.11086
-5.12289
-5.13549
-5.14692
-5.15856
-5.16963
-5.18069
-5.1868
-5.18684
-5.1758
-5.1586
-5.13658
-5.11479
-5.09907
-5.09509
-5.10066
-5.11286
-5.12585
-5.1388
-5.14731
-5.15325
-5.15697
-5.15591
-5.1499
-5.139
-5.12229
-5.09933
-5.07266
-5.04478
-5.01586
-4.98843
-4.96398
-4.94607
-4.93422
-4.93176
-4.93686
-4.94889
-4.96784
-4.99359
-5.02656
-5.06204
-5.09933
-5.13528
-5.16629
-5.19231
-5.21022
-5.21894
-5.22095
-5.21547
-5.20527
-5.19067
-5.17374
-5.15687
-5.13796
-5.12041
-5.10395
-5.09064
-5.08145
-5.07666
-5.07824
-5.08451
-5.09678
-5.11363
-5.132
-5.1514
-5.16853
-5.18062
-5.18807
-5.18935
-5.18525
-5.17742
-5.16554
-5.15302
-5.1418
-5.13745
-5.13914
-5.14725
-5.16236
-5.17867
-5.19686
-5.21114
-5.22082
-5.22695
-5.22522
-5.21573
-5.19875
-5.18001
-5.16186
-5.14346
-5.12639
-5.10842
-5.09064
-5.07276
-5.05577
-5.04152
-5.03012
-5.02256
-5.01871
-5.01849
-5.02094
-5.02493
-5.02731
-5.0274
-5.02305
-5.01369
-5.00027
-4.98357
-4.96803
-4.95646
-4.95387
-4.96318
-4.98414
-5.01383
-5.04765
-5.07866
-5.10291
-5.11509
-5.11373
-5.1045
-5.08914
-5.07267
-5.05803
-5.05188
-5.05287
-5.06329
-5.0788
-5.0938
-5.10784
-5.11926
-5.12628
-5.12838
-5.12553
-5.11707
-5.10508
-5.09069
-5.07634
-5.06332
-5.05013
-5.03877
-5.02898
-5.02505
-5.0303
-5.04661
-5.06992
-5.09664
-5.12051
-5.13681
-5.14364
-5.1397
-5.1279
-5.1098
-5.09144
-5.0755
-5.06647
-5.06548
-5.07127
-5.08131
-5.09081
-5.09674
-5.09531
-5.08436
-5.06564
-5.04171
-5.01472
-4.98999
-4.97138
-4.96051
-4.95806
-4.96438
-4.9765
-4.9946
-5.01597
-5.03801
-5.05556
-5.06793
-5.07011
-5.06514
-5.05329
-5.04012
-5.03007
-5.0279
-5.03381
-5.04445
-5.05577
-5.0623
-5.0665
-5.06951
-5.07201
-5.07697
-5.08527
-5.09514
-5.1059
-5.11437
-5.12134
-5.12658
-5.12843
-5.12982
-5.12887
-5.12707
-5.12559
-5.12381
-5.12464
-5.12721
-5.13056
-5.13444
-5.13713
-5.13785
-5.13742
-5.13519
-5.13131
-5.12791
-5.12448
-5.12295
-5.12142
-5.11991
-5.1176
-5.1137
-5.11082
-5.10408
-5.0966
-5.09064
-5.0845
-5.07926
-5.0775
-5.07841
-5.0788
-5.07824
-5.07632
-5.07297
-5.07344
-5.07817
-5.0854
-5.09593
-5.10574
-5.11386
-5.11929
-5.12348
-5.1259
-5.12616
-5.12771
-5.13193
-5.13942
-5.14864
-5.15917
-5.16965
-5.1796
-5.18456
-5.18615
-5.18142
-5.17125
-5.15717
-5.13946
-5.12068
-5.10217
-5.08733
-5.07732
-5.07219
-5.07204
-5.07558
-5.08247
-5.09055
-5.09725
-5.10081
-5.10111
-5.09996
-5.09832
-5.09714
-5.09919
-5.10361
-5.10797
-5.1116
-5.11124
-5.10429
-5.08893
-5.06723
-5.04361
-5.02536
-5.01694
-5.01984
-5.03347
-5.05408
-5.07906
-5.10718
-5.13687
-5.16714
-5.19719
-5.22482
-5.24848
-5.26604
-5.27617
-5.27967
-5.27682
-5.26649
-5.24971
-5.22605
-5.19651
-5.1636
-5.13091
-5.09978
-5.07429
-5.05633
-5.04631
-5.04156
-5.04227
-5.04812
-5.05919
-5.07687
-5.1018
-5.12612
-5.14932
-5.16435
-5.16725
-5.16105
-5.14754
-5.13541
-5.13217
-5.13964
-5.15512
-5.17418
-5.19231
-5.20425
-5.20669
-5.19939
-5.18478
-5.16543
-5.14417
-5.12378
-5.10754
-5.09938
-5.09837
-5.10409
-5.11288
-5.12383
-5.13151
-5.13517
-5.13465
-5.12859
-5.11717
-5.09961
-5.07825
-5.05297
-5.03162
-5.01775
-5.0161
-5.0289
-5.05239
-5.08177
-5.11698
-5.15021
-5.18153
-5.2075
-5.22896
-5.24641
-5.26163
-5.27429
-5.28506
-5.2913
-5.28983
-5.28093
-5.26364
-5.24069
-5.21205
-5.17979
-5.14444
-5.10961
-5.07825
-5.05148
-5.03113
-5.01805
-5.0131
-5.01458
-5.01872
-5.02502
-5.0313
-5.0394
-5.05062
-5.06417
-5.081
-5.09505
-5.1067
-5.11238
-5.10965
-5.0997
-5.08306
-5.0623
-5.04033
-5.0223
-5.00644
-4.99269
-4.98046
-4.96821
-4.95794
-4.95276
-4.95516
-4.96775
-4.98851
-5.0144
-5.04409
-5.07319
-5.09802
-5.11561
-5.12595
-5.1276
-5.12089
-5.10865
-5.09356
-5.07992
-5.07023
-5.06556
-5.06292
-5.06014
-5.05712
-5.05037
-5.04008
-5.02675
-5.01104
-4.99352
-4.97354
-4.95533
-4.94039
-4.93363
-4.93906
-4.95502
-4.97674
-4.99954
-5.01957
-5.03736
-5.0511
-5.06336
-5.07612
-5.08986
-5.10341
-5.11446
-5.12309
-5.12685
-5.12641
-5.12521
-5.12169
-5.11611
-5.11002
-5.10309
-5.09615
-5.08541
-5.07377
-5.0614
-5.04983
-5.04266
-5.04132
-5.04736
-5.05949
-5.07597
-5.09048
-5.10164
-5.10509
-5.0981
-5.0781
-5.0491
-5.01346
-4.9784
-4.95063
-4.93216
-4.9223
-4.91921
-4.92169
-4.92777
-4.93765
-4.9521
-4.9705
-4.9933
-5.01921
-5.04674
-5.07263
-5.0968
-5.1164
-5.12962
-5.13392
-5.12895
-5.11355
-5.09041
-5.06295
-5.03819
-5.02225
-5.01929
-5.02937
-5.05036
-5.07955
-5.11201
-5.14457
-5.16988
-5.18705
-5.19348
-5.18996
-5.17816
-5.15944
-5.13828
-5.12045
-5.10951
-5.10592
-5.11041
-5.11938
-5.12858
-5.13816
-5.1424
-5.14534
-5.14863
-5.15404
-5.15912
-5.16043
-5.15632
-5.14387
-5.12249
-5.09524
-5.06601
-5.04178
-5.02502
-5.02005
-5.0259
-5.04102
-5.06191
-5.08483
-5.10373
-5.11886
-5.12513
-5.12328
-5.11469
-5.10042
-5.08369
-5.06988
-5.06214
-5.06226
-5.06993
-5.08598
-5.10753
-5.12984
-5.15146
-5.16902
-5.182
-5.18696
-5.18435
-5.17275
-5.15342
-5.1286
-5.09854
-5.0667
-5.03498
-5.00587
-4.98083
-4.96468
-4.95651
-4.9564
-4.95969
-4.9662
-4.97231
-4.97781
-4.9832
-4.98946
-4.99792
-5.01115
-5.02242
-5.03252
-5.03874
-5.0427
-5.05193
-5.06622
-5.08741
-5.11209
-5.13478
-5.15004
-5.15404
-5.14626
-5.12676
-5.09843
-5.06679
-5.03932
-5.02216
-5.02119
-5.03526
-5.06021
-5.09037
-5.12212
-5.15165
-5.1749
-5.1929
-5.20647
-5.21546
-5.22198
-5.22656
-5.22889
-5.22575
-5.21664
-5.19951
-5.17418
-5.14175
-5.10189
-5.05657
-5.00883
-4.96533
-4.93175
-4.90807
-4.89815
-4.89817
-4.90359
-4.91068
-4.91956
-4.92795
-4.93758
-4.95009
-4.96712
-4.9902
-5.01933
-5.05289
-5.08909
-5.12292
-5.15251
-5.17482
-5.18793
-5.19218
-5.18927
-5.17823
-5.15931
-5.13625
-5.1107
-5.08724
-5.06615
-5.04974
-5.03502
-5.02142
-5.00793
-4.99505
-4.98731
-4.98201
-4.98104
-4.98405
-4.98991
-4.99618
-5.00109
-5.0051
-5.00565
-5.00458
-5.00353
-5.00793
-5.01934
-5.03791
-5.06133
-5.08617
-5.10847
-5.12539
-5.13762
-5.14684
-5.15257
-5.15666
-5.15836
-5.15874
-5.15966
-5.15968
-5.16027
-5.16287
-5.16612
-5.17041
-5.17416
-5.17673
-5.17718
-5.17584
-5.17349
-5.16936
-5.16678
-5.16601
-5.16776
-5.17077
-5.17474
-5.17844
-5.18191
-5.18251
-5.17883
-5.17042
-5.1561
-5.13844
-5.11936
-5.10047
-5.08164
-5.06468
-5.04695
-5.02725
-5.01071
-5.00268
-5.00852
-5.02508
-5.04798
-5.06966
-5.08961
-5.10551
-5.11926
-5.13077
-5.1387
-5.1413
-5.14099
-5.13611
-5.12607
-5.11241
-5.09395
-5.07204
-5.04872
-5.02769
-5.01283
-5.00787
-5.01216
-5.0237
-5.03598
-5.04489
-5.0454
-5.03802
-5.0246
-5.00593
-4.98801
-4.9742
-4.96505
-4.96167
-4.96399
-4.97549
-4.99616
-5.02517
-5.06004
-5.09845
-5.1362
-5.16911
-5.196
-5.21406
-5.22295
-5.22609
-5.22189
-5.20958
-5.19167
-5.16728
-5.13689
-5.10297
-5.07057
-5.04138
-5.01872
-5.00102
-4.99066
-4.98728
-4.99139
-4.99868
-5.00978
-5.02051
-5.03332
-5.04482
-5.05664
-5.06804
-5.07896
-5.09032
-5.10135
-5.11228
-5.12095
-5.12707
-5.12715
-5.1214
-5.11129
-5.10122
-5.09567
-5.09833
-5.10804
-5.12257
-5.13768
-5.14602
-5.14613
-5.13724
-5.12227
-5.10429
-5.08457
-5.06463
-5.04724
-5.0371
-5.03754
-5.04911
-5.07168
-5.1022
-5.13091
-5.15176
-5.16417
-5.16565
-5.15717
-5.13848
-5.11443
-5.08613
-5.05341
-5.01893
-4.98341
-4.94778
-4.9186
-4.89572
-4.88017
-4.87194
-4.87153
-4.87618
-4.88757
-4.90207
-4.91982
-4.93674
-4.95329
-4.96753
-4.98267
-4.99831
-5.0146
-5.0289
-5.04364
-5.05661
-5.07013
-5.08213
-5.08937
-5.09007
-5.0828
-5.06624
-5.04393
-5.02176
-5.00637
-5.00168
-5.00776
-5.02271
-5.0412
-5.05721
-5.06949
-5.07797
-5.08575
-5.09412
-5.10404
-5.11385
-5.12162
-5.12348
