1.89852
1.89337
1.88421
1.87038
1.85093
1.82456
1.78963
1.74432
1.68693
1.61631
1.53251
1.43759
1.3362
1.23551
1.1439
1.06889
1.01512
0.983574
0.97207
0.976423
0.991664
1.01289
1.03585
1.05723
1.07486
1.08776
1.09603
1.10065
1.10303
1.10453
1.1059
1.10712
1.10745
1.10563
1.10027
1.09027
1.07535
1.05651
1.03587
1.01607
0.999271
0.986512
0.977769
0.972631
0.970912
0.972788
0.978415
0.98745
0.998875
1.0111
1.02232
1.03091
1.03573
1.03619
1.03239
1.02529
1.01656
1.00823
1.00194
0.998377
0.997395
0.99854
1.00142
1.00572
1.01101
1.01652
1.02122
1.02414
1.02486
1.02382
1.02236
1.02212
1.02433
1.02926
1.03617
1.0437
1.05039
1.05528
1.05826
1.05995
1.06121
1.06239
1.06311
1.06253
1.06029
1.05695
1.05361
1.05128
1.05046
1.05118
1.05325
1.05626
1.0597
1.06288
1.06503
1.0655
1.0638
1.05967
1.05307
1.0441
1.03299
1.02
1.00541
0.989666
0.973678
0.958955
0.94741
0.940813
0.9403
0.946289
0.958368
0.975061
0.993872
1.012
1.02716
1.03793
1.0438
1.04494
1.04216
1.03669
1.03008
1.02379
1.01868
1.01472
1.01128
1.00779
1.00443
1.00221
1.00237
1.00581
1.0127
1.02268
1.03506
1.04901
1.06347
1.07716
1.08874
1.09703
1.10147
1.10245
1.10139
1.10018
1.10021
1.10144
1.10252
1.1018
1.09835
1.09246
1.08578
1.08059
1.07855
1.07974
1.08273
1.08542
1.08597
1.08314
1.07643
1.06599
1.05273
1.03864
1.02706
1.02177
1.0245
1.03302
1.04263
1.04957
1.05298
1.05444
1.05635
1.06029
1.06651
1.07432
1.08273
1.09089
1.09845
1.10571
1.11308
1.12007
1.12489
1.12527
1.11973
1.10845
1.09355
1.07877
1.06828
1.0647
1.06785
1.07523
1.0838
1.09148
1.09744
1.10158
1.10386
1.10383
1.10069
1.09363
1.08239
1.0675
1.0501
1.03148
