-3.51423
-3.51366
-3.51301
-3.51103
-3.50662
-3.50032
-3.49541
-3.49054
-3.48635
-3.48418
-3.4817
-3.47944
-3.47961
-3.48145
-3.48423
-3.48795
-3.49236
-3.49649
-3.50009
-3.50252
-3.50511
-3.50564
-3.50515
-3.50531
-3.50479
-3.50391
-3.50343
-3.50209
-3.50232
-3.50212
-3.50106
-3.50054
-3.50031
-3.49973
-3.49924
-3.49895
-3.49811
-3.49782
-3.49822
-3.49825
-3.49942
-3.49974
-3.50046
-3.50188
-3.50331
-3.50326
-3.50351
-3.50381
-3.50344
-3.50281
-3.50237
-3.50111
-3.50048
-3.49951
-3.49969
-3.49856
-3.49833
-3.49809
-3.49878
-3.49904
-3.49969
-3.50073
-3.50036
-3.50024
-3.49973
-3.49923
-3.49812
-3.49719
-3.49748
-3.49776
-3.49693
-3.49647
-3.49613
-3.49575
-3.49625
-3.49667
-3.4966
-3.49554
-3.49604
-3.49683
-3.49666
-3.49468
-3.49559
-3.49475
-3.49422
-3.49504
-3.49483
-3.49489
-3.49664
-3.49655
-3.49703
-3.49638
-3.49623
-3.49598
-3.49592
-3.49487
-3.49467
-3.49384
-3.49408
-3.49314
-3.49329
-3.49258
-3.49176
-3.49226
-3.49233
-3.49282
-3.49345
-3.49401
-3.49512
-3.497
-3.49782
-3.49847
-3.49931
-3.49931
-3.49767
-3.4971
-3.49681
-3.49706
-3.49611
-3.49553
-3.49624
-3.49547
-3.49657
-3.49685
-3.49748
-3.49821
-3.4986
-3.49888
-3.49812
-3.49788
-3.49883
-3.4997
-3.49909
-3.49924
-3.49982
-3.50051
-3.49918
-3.49877
-3.49835
-3.49898
-3.49898
-3.4994
-3.50038
-3.49986
-3.4991
-3.49812
-3.4974
-3.49699
-3.4975
-3.49744
-3.49796
-3.4973
-3.49786
-3.49871
-3.49872
-3.49982
-3.49908
-3.49857
-3.49722
-3.49749
-3.49895
-3.49982
-3.50094
-3.5022
-3.50169
-3.50114
-3.5001
-3.4997
-3.49993
-3.49968
-3.50013
-3.49938
-3.49879
-3.49916
-3.49924
-3.49999
-3.5
-3.50058
-3.49946
-3.49894
-3.49621
-3.49592
-3.49626
-3.49664
-3.49665
-3.49804
-3.49889
-3.50002
-3.50014
-3.50158
-3.50115
-3.50088
-3.50118
-3.50017
-3.49887
-3.49855
-3.4987
-3.49808
-3.49751
-3.49757
