0.906296
0.918576
0.929129
0.936439
0.93936
0.937355
0.930642
0.920236
0.907652
0.8947
0.883197
0.874716
0.870612
0.871885
0.878814
0.890771
0.906067
0.922491
0.937752
0.949994
0.958092
0.96187
0.962009
0.959667
0.955906
0.951319
0.946118
0.940481
0.934809
0.929476
0.924621
0.919921
0.914688
0.908297
0.90037
0.891117
0.881679
0.874098
0.871004
0.874319
0.88377
0.896666
0.90921
0.918503
0.923051
0.922688
0.918098
0.910407
0.901156
0.891943
0.88406
0.87809
0.873803
0.870528
0.867459
0.864256
0.861251
0.859715
0.861462
0.868136
0.879976
0.895512
0.912233
0.927809
0.940897
0.951141
0.958842
0.964548
0.968733
0.971651
0.973347
0.973654
0.972062
0.967685
0.959628
0.947624
0.932549
0.916686
0.902801
0.89291
0.887661
0.886675
0.889171
0.894324
0.901313
0.909242
0.917138
0.924134
0.929364
0.932108
0.93187
0.9286
0.922984
0.916321
0.910297
0.906394
0.905465
0.907617
0.912387
0.919008
0.926671
0.934535
0.941729
0.94739
0.950734
0.951017
0.947738
0.940521
0.929453
0.915011
0.898226
0.880479
0.86335
0.848418
0.837059
0.830311
0.828719
0.832149
0.839987
0.851194
0.864627
0.87905
0.893243
0.90594
0.916087
0.923143
0.927183
0.928815
0.928731
0.927458
0.925159
0.921696
0.91683
0.910422
0.902465
0.893123
0.882773
0.872031
0.861731
0.852849
0.846168
0.842125
0.840918
0.842686
0.847672
0.856126
0.868083
0.882995
0.899702
0.916478
0.931773
0.944644
0.95494
0.962915
0.968638
0.971669
0.97134
0.967261
0.959719
0.949775
0.939067
0.92917
0.921313
0.915961
0.912878
0.911295
0.910308
0.909044
0.906908
0.903611
0.899125
0.893736
0.887892
0.882147
0.877171
0.873536
0.87148
0.870889
0.871262
0.872079
0.872964
0.873894
0.874903
0.875839
0.876339
0.876001
0.874898
0.873604
0.87316
0.874453
0.877954
0.883621
0.890983
0.89917
0.906852
0.912536
0.914979
0.913787
0.909778
0.904919
0.901498
0.901122
0.903988
0.909128
0.914789
0.919077
0.920502
0.91816
0.911919
0.902445
0.890978
0.878993
0.867716
0.857805
0.849188
0.841345
0.833571
0.825512
0.817398
0.810151
0.805221
0.804265
0.80842
0.817971
0.831979
0.848525
0.865329
0.880379
0.892408
0.901109
0.907198
0.9122
0.917701
0.924683
0.932885
0.940979
0.947447
0.951459
0.953236
0.953614
0.953283
0.952135
0.949086
0.942488
0.930987
0.914451
0.894495
0.874164
0.856749
0.844417
0.837552
0.835368
0.836614
0.839936
0.844011
0.847734
0.850488
0.852404
0.854136
0.856414
0.859393
0.862323
0.863736
0.862013
0.856255
0.846953
0.836138
0.826704
0.821105
0.820139
0.822823
0.827625
0.833416
0.839673
0.846372
0.853567
0.861263
0.869306
0.877399
0.885108
0.892224
0.899121
0.906879
0.916349
0.927167
0.937635
0.945834
0.950685
0.952186
0.950961
0.947824
0.943426
0.938167
0.932182
0.925479
0.918106
0.910266
0.902376
0.895276
0.89018
0.888497
0.891069
0.897452
0.906209
0.915663
0.924569
0.93195
0.936982
0.938666
0.936339
0.930078
0.920906
0.910572
0.900672
0.892195
0.885459
0.880531
0.877529
0.876757
0.878596
0.883273
0.890542
0.899395
0.908266
0.915302
0.91898
0.918541
0.914177
0.906737
0.897426
0.88736
0.877301
0.86772
0.859124
0.852109
0.847505
0.846068
0.848239
0.853651
0.861243
0.869737
0.878034
0.884978
0.88918
0.889145
0.884061
0.874733
0.863672
0.854382
0.850016
0.852141
0.860375
0.872702
0.886237
0.898112
0.906186
0.909519
0.908414
0.904287
0.899306
0.895585
0.89432
0.89537
0.897606
0.899498
0.899738
0.897389
0.891963
0.883543
0.873309
0.863743
0.857961
0.858371
0.865433
0.877586
0.892238
0.906852
0.919537
0.929152
0.935469
0.93922
0.941907
0.94462
0.947169
0.948238
0.946516
0.941316
0.932208
0.919187
0.903031
0.885591
0.869085
0.855181
0.844569
0.837156
0.832412
0.829746
0.828798
0.829536
0.832016
0.836041
0.840873
0.845659
0.849727
0.852774
0.854851
0.856328
0.857769
0.859583
0.86165
0.86355
0.864909
0.865999
0.867803
0.871585
0.878144
0.887516
0.898917
0.911094
0.922749
0.932786
0.940447
0.945561
0.948444
0.949602
0.949473
0.948332
0.946285
0.943319
0.939254
0.933812
0.926596
0.917372
0.9062
0.893528
0.880256
0.867627
0.857076
0.84978
0.846267
0.846432
0.849769
0.855567
0.863185
0.872354
0.882985
0.894952
0.907677
0.92012
0.931092
0.939642
0.945106
0.947162
0.94566
0.940786
0.933202
0.92411
0.915281
0.90839
0.904267
0.902484
0.90157
0.900174
0.897988
0.895776
0.894708
0.895331
0.897012
0.898456
0.898711
0.898053
0.897527
0.897833
0.898331
0.897662
0.89525
0.892045
0.889889
0.889933
0.891895
0.894558
0.896736
0.897676
0.897112
0.895092
0.892012
0.88861
0.885675
0.883657
0.882347
0.881039
0.879143
0.876742
0.874625
0.873897
0.875273
0.87884
0.884239
0.891165
0.899461
0.908665
0.917529
0.924385
0.927988
0.928105
0.925449
0.921129
0.916113
0.910947
0.905833
0.900938
0.89639
0.892547
0.889798
0.888281
0.887541
0.886371
0.883208
0.876829
0.867037
0.85496
0.842791
0.83307
0.827782
0.827635
0.831917
0.838975
0.846872
0.853904
0.858782
0.860865
0.860176
0.857528
0.854248
0.851821
0.851266
0.852943
0.856674
0.861877
0.867692
0.872974
0.876684
0.878296
0.878229
0.877732
0.878302
0.880937
0.885589
0.891334
0.897
0.901718
0.905081
0.907145
0.90829
0.909134
0.910238
0.911647
0.91291
0.913276
0.912424
0.910646
0.908683
0.907223
0.906483
0.906214
0.905895
0.905098
0.903505
0.901044
0.897882
0.89436
0.891045
0.888448
0.88689
0.886419
0.886919
0.888323
0.890609
0.893599
0.896853
0.899622
0.901339
0.902401
0.904937
0.911499
0.921873
0.931817
0.936355
0.933146
0.922936
0.908344
0.8922
0.876633
0.862878
0.851636
0.843535
0.839121
0.838892
0.842864
0.85028
0.859441
0.868313
0.875273
0.879582
0.881369
0.881275
0.879959
0.877858
0.875403
0.873066
0.871477
0.871095
0.872148
0.874513
0.877939
0.882017
0.886262
0.890237
0.893705
0.896673
0.89942
0.902307
0.905624
0.909475
0.913702
0.91805
0.922189
0.925641
0.927931
0.92864
0.927528
0.924506
0.919802
0.913695
0.906666
0.899282
0.891976
0.884902
0.877973
0.870974
0.86389
0.857013
0.851105
0.847051
0.845529
0.846776
0.850427
0.855579
0.861015
0.865342
0.867497
0.866918
0.86386
0.859261
0.854323
0.850043
0.846889
0.844954
0.844071
0.844166
0.845194
0.847233
0.85049
0.855179
0.861271
0.868534
0.87661
0.885361
0.894921
0.905644
0.917584
0.930053
0.941556
0.950212
0.954585
0.954113
0.949405
0.942034
0.933849
0.926358
0.920347
0.915889
0.912664
0.910259
0.908381
0.906897
0.905671
0.904639
0.903861
0.903388
0.903263
0.903379
0.903632
0.904151
0.905429
0.907884
0.91154
0.915578
0.918741
0.919842
0.918313
0.914166
0.907916
0.900323
0.892484
0.885979
0.882704
0.884193
0.890627
0.900348
0.910437
0.91816
0.922023
0.922129
0.919824
0.917023
0.91545
0.916186
0.919447
0.924652
0.930747
0.936276
0.939689
0.939548
0.934995
0.926199
0.914601
0.902637
0.89302
0.887854
0.887684
0.891167
0.89593
0.899785
0.901655
0.901811
0.901385
0.901736
0.903517
0.906118
0.907884
0.907197
0.903257
0.896223
0.887083
0.877555
0.86967
0.86485
0.863359
0.864634
0.867784
0.871863
0.875978
0.879429
0.881729
0.882524
0.881442
0.878176
0.872971
0.866756
0.861115
0.857912
0.85836
0.862649
0.869738
0.877898
0.885337
0.890769
0.893747
0.89461
0.894333
0.894
0.894562
0.896467
0.899542
0.903344
0.907084
0.910097
0.911919
0.91235
0.911482
0.90974
0.907903
0.906836
0.907229
0.909244
0.91237
0.915826
0.918986
0.921647
0.923974
0.926283
0.928834
0.931787
0.935197
0.93883
0.942164
0.944367
0.944561
0.942125
0.936826
0.9287
0.91789
0.904598
0.889369
0.873196
0.857722
0.845032
0.837379
0.836565
0.842976
0.855105
0.869977
0.884221
0.894826
0.899568
0.897051
0.887244
0.871511
0.852434
0.833315
0.817467
0.807351
0.804078
0.807449
0.816445
0.829406
0.844233
0.858869
0.871725
0.882149
0.890096
0.895709
0.898804
0.898879
0.895274
0.887607
0.876089
0.861826
0.846469
0.831921
0.819771
0.810987
0.805984
0.805095
0.808754
0.81741
0.830897
0.848012
0.866747
0.884756
0.900108
0.911453
0.918238
0.92061
0.919385
0.915892
0.911801
0.908714
0.907736
0.909192
0.912487
0.916442
0.919653
0.920959
0.919842
0.916746
0.913109
0.910872
0.911756
0.916333
0.923742
0.932246
0.940092
0.946178
0.950134
0.951961
0.951541
0.948347
0.941831
0.931732
0.918613
0.903845
0.889279
0.876948
0.868455
0.864643
0.865538
0.870958
0.880748
0.894518
0.911354
0.929979
0.948983
0.96724
0.983886
0.998121
1.00911
1.01598
1.0182
1.01569
1.00909
0.999559
0.988642
0.977719
0.967647
0.958792
0.95102
0.943709
0.935708
0.925509
0.911951
0.894877
0.875529
0.856804
0.842877
0.837645
0.842707
0.856171
0.873701
0.890838
0.904556
0.91343
0.91726
0.916573
0.912298
0.905622
0.897815
0.890155
0.883702
0.878978
0.875934
0.874203
0.873343
0.873112
0.873699
0.875551
0.879109
0.884372
0.890908
0.898011
0.905131
0.911978
0.91857
0.925027
0.93138
0.937452
0.942736
0.946637
0.948566
0.94812
0.945148
0.939817
0.93255
0.924154
0.915678
0.908178
0.902405
0.898648
0.896811
0.896666
0.898061
0.900822
0.904796
0.90978
0.915492
0.921288
0.926074
0.928218
0.926151
0.919124
0.907771
0.894022
0.879968
0.866606
0.853682
0.841149
0.830761
0.825505
0.826799
0.832529
0.838629
0.842353
0.843828
0.845069
0.848025
0.852985
0.858674
0.863218
0.865463
0.865983
0.866535
0.868459
0.871375
0.873756
0.874323
0.872705
0.869377
0.865572
0.86301
0.863262
0.867119
0.874399
0.884243
0.89532
0.905871
0.913994
0.918102
0.917403
0.912117
0.903495
0.893592
0.884852
0.879418
0.87884
0.883832
0.894054
0.908085
0.923729
0.938374
0.949747
0.956169
0.957053
0.952912
0.945183
0.935722
0.926431
0.919027
0.91505
0.915555
0.920796
0.930167
0.942213
0.954773
0.965327
0.971589
0.972201
0.96706
0.957362
0.945054
0.932284
0.920713
0.911295
0.90423
0.899277
0.896137
0.894773
0.895377
0.897983
0.901944
0.905819
0.907828
0.906553
0.901264
0.891958
0.879147
0.863726
0.84696
0.830783
0.817887
0.811199
0.812543
0.821768
0.837357
0.857512
0.880614
0.905048
0.928901
0.949948
0.965873
0.974735
0.975637
0.969338
0.958721
0.947968
0.940166
0.93533
0.931016
0.924629
0.914978
0.902669
0.889964
0.880305
0.876833
0.880733
0.890482
0.9031
0.915717
0.926212
0.933264
0.936318
0.935495
0.931784
0.927283
0.924828
0.926716
0.933473
0.943674
0.954798
0.964387
0.970579
0.972315
0.969345
0.962099
0.951365
0.938063
0.923087
0.907343
0.89198
0.878379
0.867765
0.860898
0.857859
0.858321
0.861637
0.867158
0.874298
0.882444
0.890928
0.898945
0.906044
0.912392
0.918684
0.925559
0.933014
0.940156
0.945602
0.948226
0.947859
0.945638
0.94356
0.943425
0.945801
0.94978
0.953684
0.955978
0.955853
0.953205
0.94844
0.942422
0.936068
0.929897
0.923779
0.917095
0.90925
0.900053
0.889816
0.879137
0.868713
0.859046
0.850304
0.84224
0.834255
0.825839
0.81776
0.81317
0.81666
0.829988
0.849593
0.869676
0.886087
0.896948
0.901617
0.899939
0.892543
0.881397
0.869941
0.862118
0.86055
0.865862
0.877126
0.892485
0.909537
0.925618
0.93824
0.945628
0.946955
0.942368
0.932912
0.920287
0.906458
0.893434
0.883087
0.876999
0.876263
0.881053
0.890247
0.901517
0.912392
0.921252
0.927709
0.932268
0.935697
0.938536
0.9406
0.941104
0.939067
0.933726
0.92481
0.91291
0.899503
0.886864
0.877508
0.873461
0.875364
0.882252
0.892048
0.902556
0.912325
0.920482
0.926568
0.930244
0.931328
0.929921
0.926698
0.922849
0.920169
0.920464
0.925038
0.934154
0.946814
0.961054
0.974417
0.984749
0.990693
0.992081
0.98966
0.98459
0.977772
0.969716
0.961113
0.953514
0.94889
0.948032
0.94957
0.95103
0.950437
0.947048
0.941133
0.933645
0.925807
0.919004
0.914568
0.913364
0.915523
0.920434
0.926918
0.933598
0.939145
0.942526
0.943203
0.940988
0.936099
0.929062
0.920666
0.911913
0.904111
0.898782
0.897353
0.900473
0.907355
0.915812
0.923043
0.926544
0.924951
0.918026
0.90661
0.892072
0.875971
0.859823
0.845054
0.833296
0.826515
0.826367
0.832961
0.844259
0.856974
0.868149
0.876101
0.88035
0.8813
0.879815
0.87687
0.873305
0.869801
0.866914
0.865307
0.865808
0.869077
0.875194
0.883514
0.892814
0.901777
0.909292
0.914744
0.91795
0.919149
0.918842
0.917747
0.916486
0.915319
0.91379
0.91094
0.905857
0.898159
0.888212
0.877129
0.866971
0.860314
0.859142
0.863582
0.871944
0.882084
0.892468
0.902403
0.911944
0.921803
0.932953
0.945537
0.95784
0.966904
0.97014
0.966589
0.957264
0.944591
0.931525
0.920523
0.912777
0.908335
0.906491
0.906651
0.908596
0.912456
0.918331
0.92596
0.934629
0.943603
0.952319
0.960282
0.96683
0.971179
0.972571
0.970612
0.965271
0.956883
0.946031
0.933513
0.920345
0.907748
0.897228
0.890172
0.887361
0.888608
0.892744
0.897975
0.902744
0.906441
0.909912
0.91544
0.925406
0.939945
0.956348
0.970999
0.981481
0.987024
0.987797
0.984201
0.976443
0.964914
0.950757
0.936458
0.925127
0.918651
0.916204
0.915121
0.91299
0.908839
0.903033
0.896754
0.891328
0.887635
0.885862
0.885694
0.886892
0.88943
0.893469
0.89899
0.905528
0.912322
0.918581
0.923619
0.926677
0.926603
0.922276
0.913368
0.901047
0.888055
0.877668
0.872157
0.871544
0.873865
0.876656
0.87807
0.877381
0.874811
0.871493
0.868721
0.866891
0.865178
0.862108
0.857214
0.852136
0.850152
0.8541
0.863686
0.875792
0.886996
0.895561
0.901664
0.906473
0.911177
0.916582
0.922906
0.93005
0.937612
0.944971
0.951445
0.956542
0.960128
0.962399
0.96366
0.964008
0.96311
0.960331
0.955058
0.947298
0.937982
0.928635
0.920513
0.913861
0.908119
0.902864
0.89831
0.895184
0.89393
0.894603
0.896803
0.899907
0.903347
0.906603
0.909291
0.911154
0.912227
0.912657
0.912336
0.910718
0.907008
0.900633
0.891524
0.88023
0.867632
0.854724
0.842771
0.833545
0.828772
0.829341
0.834851
0.843939
0.855159
0.867484
0.880353
0.893336
0.905857
0.917151
0.926522
0.93349
0.937828
0.939726
0.939386
0.93708
0.932887
0.926782
0.918805
0.909107
0.897875
0.885258
0.871171
0.855643
0.839308
0.82335
0.809485
0.799516
0.794916
0.796139
0.802352
0.811781
0.82276
0.834249
0.84607
0.858608
0.872267
0.886865
0.901488
0.91478
0.925504
0.932877
0.936949
0.938538
0.938999
0.939651
0.941215
0.94363
0.946429
0.948979
0.950731
0.951077
0.949446
0.945431
0.939037
0.930845
0.921986
0.913768
0.907168
0.902611
0.900127
0.899452
0.899812
0.900252
0.899827
0.898379
0.896802
0.896662
0.899444
0.905724
0.914812
0.924937
0.933822
0.939349
0.940205
0.936326
0.928824
0.919684
0.911089
0.904567
0.900472
0.898134
0.896209
0.893416
0.888912
0.882456
0.87462
0.866631
0.860051
0.856348
0.856258
0.859478
0.864701
0.870061
0.873654
0.874217
0.871453
0.86623
0.860209
0.855372
0.853073
0.853837
0.857409
0.86304
0.86987
0.876989
0.883544
0.888915
0.892854
0.89569
0.898437
0.902439
0.908852
0.918063
0.929809
0.943383
0.957929
0.972723
0.986868
0.999504
1.00972
1.01669
1.01986
1.01904
1.01448
1.00675
0.996647
0.985116
0.973035
0.961051
0.949642
0.939041
0.929287
0.920188
0.911496
0.903033
0.894953
0.887487
0.880878
0.875384
0.871629
0.871198
0.876253
0.887826
0.904225
0.921776
0.936879
0.947324
0.952159
0.951379
0.945949
0.937796
0.929521
0.923567
0.921425
0.923289
0.928198
0.934519
0.940257
0.9432
0.941231
0.933295
0.921142
0.910017
0.905808
0.910522
0.921816
0.935738
0.948591
0.957556
0.961381
0.960678
0.957505
0.954664
0.954662
0.958516
0.965384
0.973182
0.979665
0.983079
0.982489
0.97777
0.969517
0.958884
0.947242
0.93595
0.926185
0.91878
0.914029
0.911411
0.909604
0.907218
0.903999
0.901394
0.901569
0.9057
0.913262
0.922676
0.932285
0.940809
0.94729
0.950956
0.950796
0.945598
0.934415
0.917148
0.89506
0.871014
0.849
0.832847
0.82454
0.823296
0.826145
0.829959
0.833218
0.836508
0.841593
0.84955
0.859868
0.870882
0.881093
0.889804
0.897041
0.903266
0.909057
0.914842
0.920689
0.926377
0.931308
0.934597
0.934922
0.930641
0.920078
0.903241
0.885259
0.877409
0.887855
0.911621
0.937266
0.958211
0.973676
0.985249
0.994917
1.00448
1.015
1.0263
1.03678
1.04399
1.04566
1.04049
1.02839
1.01066
0.989773
0.969227
0.95293
0.944022
0.943616
0.950401
0.961234
0.972534
0.981418
0.986084
0.985654
0.98
0.969414
0.954549
0.936418
0.916508
0.896725
0.879046
0.8651
0.855632
0.85054
0.849017
0.850146
0.853118
0.85744
0.862737
0.868562
0.874273
0.879107
0.882429
0.883767
0.88294
0.880079
0.875686
0.870597
0.865849
0.862564
0.861711
0.863838
0.869021
0.876867
0.886574
0.897126
0.90743
0.916584
0.923975
0.929261
0.932261
0.932981
0.931482
0.928076
0.923287
0.917724
0.911653
0.905019
0.897616
0.88928
0.879921
0.86957
0.858639
0.847901
0.838265
0.830472
0.824857
0.821395
0.819799
0.819853
0.821401
0.824193
0.827723
0.831294
0.834299
0.836448
0.837803
0.838903
0.840537
0.843541
0.848553
0.855641
0.864344
0.87393
0.88381
0.893971
0.904869
0.916953
0.929995
0.942942
0.954342
0.96293
0.968022
0.969631
0.96818
0.964344
0.958731
0.951484
0.942137
0.929975
0.914649
0.896592
0.877407
0.859518
0.845536
0.837338
0.835357
0.838665
0.845521
0.85394
0.862196
0.868852
0.873096
0.874781
0.87446
0.873235
0.872406
0.873022
0.875366
0.878752
0.881878
0.883243
0.881518
0.876142
0.867746
0.858539
0.851737
0.849838
0.852764
0.85816
0.863515
0.867756
0.871109
0.874363
0.877916
0.881721
0.885369
0.888595
0.891404
0.893996
0.896516
0.898801
0.900404
0.900545
0.898481
0.893747
0.886387
0.876883
0.8662
0.855755
0.847054
0.841118
0.838241
0.838469
0.842415
0.851046
0.864442
0.881203
0.899092
0.915958
0.930385
0.941785
0.95018
0.95592
0.959506
0.961458
0.962273
0.962466
0.962524
0.962627
0.962453
0.961214
0.957916
0.951758
0.942366
0.929979
0.915482
0.900051
0.885017
0.87116
0.858841
0.848475
0.841242
0.83892
0.842716
0.852197
0.865462
0.879914
0.89319
0.903458
0.909829
0.912201
0.911242
0.907917
0.903246
0.897979
0.892634
0.887553
0.883024
0.879305
0.876483
0.874517
0.873172
0.872139
0.871149
0.870443
0.871161
0.87502
0.883257
0.895483
0.909702
0.923308
0.934114
0.940679
0.94243
0.93951
0.932869
0.924164
0.915509
0.908738
0.904664
0.902942
0.902442
0.901899
0.900428
0.897396
0.892523
0.886312
0.880754
0.878983
0.882715
0.890532
0.899756
0.908904
0.917863
0.926767
0.935118
0.942015
0.946451
0.947737
0.945748
0.940919
0.934186
0.926651
0.919548
0.913824
0.909958
0.907839
0.907069
0.907154
0.907752
0.908692
0.910051
0.91222
0.915917
0.921736
0.929505
0.938012
0.945551
0.950544
0.95203
0.949736
0.944078
0.936106
0.927369
0.919599
0.914432
0.913048
0.915958
0.922659
0.931821
0.941608
0.950079
0.955542
0.956828
0.953543
0.946042
0.935321
0.922514
0.908714
0.894779
0.881544
0.870001
0.861466
0.857422
0.859032
0.866603
0.879138
0.89446
0.909784
0.922463
0.930592
0.933157
0.929885
0.920986
0.907274
0.889996
0.870899
0.852156
0.835958
0.824093
0.817366
0.81545
0.816911
0.820082
0.823822
0.82851
0.836147
0.848513
0.864925
0.882189
0.896924
0.907277
0.91287
0.914287
0.912657
0.909301
0.905518
0.90213
0.899348
0.8969
0.894455
0.891917
0.889668
0.888417
0.889013
0.891856
0.896606
0.902265
0.907662
0.911975
0.915007
0.916833
0.9177
0.917592
0.916468
0.914501
0.912326
0.911038
0.91162
0.914332
0.918506
0.923084
0.927175
0.930518
0.933144
0.93493
0.935494
0.934455
0.931779
0.927831
0.923082
0.917767
0.911802
0.904819
0.896421
0.886573
0.875892
0.865759
0.85831
0.855907
0.860218
0.871106
0.8865
0.903485
0.919459
0.93285
0.942982
0.949854
0.953942
0.955859
0.95619
0.955277
0.953136
0.9494
0.943443
0.934577
0.922483
0.907504
0.890871
0.874353
0.859524
0.847107
0.837171
0.829918
0.826075
0.826548
0.831737
0.841022
0.853058
0.866164
0.878688
0.889183
0.896375
0.899403
0.898187
0.89388
0.888774
0.885225
0.88444
0.88592
0.888135
0.889597
0.889317
0.887032
0.883256
0.879001
0.875427
0.873338
0.872974
0.874011
0.87616
0.879204
0.88323
0.888267
0.8943
0.901225
0.908749
0.916351
0.923306
0.92895
0.932933
0.935274
0.936271
0.936245
0.935427
0.933928
0.931649
0.928366
0.92368
0.917121
0.908245
0.897012
0.884039
0.870968
0.859939
0.852429
0.848416
0.847004
0.847518
0.849836
0.85363
0.85793
0.861235
0.862127
0.86002
0.855465
0.850202
0.846694
0.84727
0.85321
0.864006
0.877747
0.892054
0.905008
0.915458
0.922835
0.92679
0.927248
0.924406
0.918946
0.911879
0.904441
0.897654
0.892058
0.887538
0.883565
0.879612
0.875497
0.871733
0.869427
0.869561
0.871926
0.875111
0.877464
0.878209
0.877681
0.876725
0.876257
0.876983
0.87933
0.883371
0.888804
0.894942
0.900829
0.905491
0.908186
0.908653
0.907095
0.904213
0.901023
0.898638
0.897813
0.898809
0.901122
0.903556
0.904507
0.902449
0.896437
0.886595
0.874086
0.861024
0.850204
0.844589
0.846516
0.856087
0.870718
0.886463
0.899838
0.908961
0.913329
0.91333
0.909834
0.904123
0.897723
0.892029
0.888086
0.886487
0.887447
0.890719
0.895535
0.900967
0.906404
0.911796
0.917344
0.923278
0.92956
0.935853
0.941462
0.945427
0.946956
0.945741
0.942333
0.938009
0.934422
0.933064
0.934603
0.938822
0.944741
0.951076
0.956564
0.960299
0.961931
0.961655
0.960153
0.958229
0.956633
0.955752
0.955546
0.955718
0.955819
0.955428
0.954055
0.951249
0.946632
0.940115
0.932026
0.923184
0.914656
0.90732
0.901455
0.896821
0.892823
0.888667
0.883834
0.878525
0.873803
0.87142
0.872811
0.878156
0.886106
0.894524
0.901296
0.905008
0.90503
0.901723
0.89639
0.891009
0.887721
0.887924
0.89175
0.89845
0.906931
0.916127
0.925063
0.933092
0.94004
0.946043
0.951226
0.955408
0.958163
0.95898
0.957358
0.952883
0.945444
0.935416
0.923834
0.912026
0.901206
0.892252
0.885916
0.883224
0.885286
0.892399
0.903095
0.914618
0.924322
0.930616
0.933172
0.932424
0.929089
0.92387
0.917432
0.910513
0.903702
0.897555
0.892522
0.888916
0.886932
0.886438
0.886913
0.887444
0.886976
0.884634
0.880071
0.873797
0.867423
0.86326
0.863522
0.869221
0.879882
0.893805
0.908884
0.92328
0.935869
0.946236
0.954448
0.960685
0.964928
0.967071
0.966984
0.964726
0.960666
0.955468
0.949818
0.944489
0.940219
0.937663
0.937049
0.937979
0.93951
0.940742
0.940946
0.939829
0.937587
0.934872
0.932457
0.930954
0.930694
0.931729
0.933897
0.936704
0.939498
0.941343
0.941435
0.939289
0.935117
0.929763
0.924552
0.920619
0.918455
0.917816
0.918003
0.91796
0.91652
0.912885
0.907043
0.90016
0.8943
0.891278
0.891742
0.894707
0.898219
0.900123
0.898626
0.892623
0.881709
0.866174
0.847208
0.826921
0.80817
0.794038
0.787087
0.788521
0.797644
0.811977
0.828228
0.843391
0.855569
0.864289
0.870198
0.874509
0.878456
0.882858
0.887961
0.893438
0.898287
0.901042
0.899972
0.893657
0.881893
0.866178
0.849423
0.834979
0.825326
0.821706
0.82413
0.831637
0.842852
0.856296
0.870654
0.884821
0.897698
0.908279
0.915729
0.919599
0.920166
0.918398
0.915635
0.912884
0.910358
0.907694
0.904437
0.900409
0.895519
0.889699
0.883017
0.87579
0.868705
0.862691
0.858583
0.85688
0.857591
0.860211
0.863924
0.867767
0.870808
0.872459
0.872642
0.87177
0.870494
0.869219
0.86793
0.866182
0.86337
0.859024
0.853113
0.846279
0.839872
0.835663
0.835314
0.839657
0.848261
0.85971
0.872103
0.883706
0.893278
0.900176
0.904307
0.905986
0.905807
0.904514
0.90281
0.90122
0.900059
0.899476
0.899339
0.899232
0.898345
0.8956
0.890128
0.88177
0.871646
0.861999
0.855367
0.853296
0.855726
0.861389
0.868763
0.876505
0.88357
0.889196
0.892793
0.894031
0.892947
0.890105
0.886343
0.882524
0.878833
0.874534
0.868542
0.860265
0.850239
0.840142
0.832242
0.82814
0.827819
0.82978
0.832429
0.835306
0.839255
0.845634
0.855376
0.868457
0.883874
0.900001
0.91521
0.928232
0.938184
0.944794
0.948218
0.948937
0.947457
0.944149
0.939243
0.93283
0.924996
0.915878
0.905722
0.894813
0.88359
0.872878
0.864046
0.858949
0.859364
0.866231
0.879002
0.895509
0.912619
0.927087
0.936638
0.940404
0.938824
0.933305
0.925358
0.916411
0.907566
0.899797
0.893985
0.890776
0.890415
0.892709
0.896956
0.902175
0.907375
0.911749
0.914531
0.91481
0.911501
0.903884
0.891948
0.876536
0.859228
0.841925
0.826607
0.815187
0.809262
0.809649
0.81587
0.826001
0.837462
0.84808
0.856724
0.863284
0.868082
0.871428
0.873559
0.874735
0.875384
0.876004
0.876951
0.878266
0.879758
0.881163
0.88236
0.883463
0.885057
0.888346
0.894576
0.903806
0.914489
0.924221
0.930762
0.93248
0.928472
0.918701
0.904306
0.88762
0.871653
0.859209
0.85196
0.849924
0.852044
0.856931
0.86337
0.870363
0.877045
0.883018
0.888249
0.893183
0.898481
0.904743
0.912163
0.92039
0.928531
0.935608
0.940732
0.943302
0.942955
0.93965
0.933642
0.925407
0.915716
0.905491
0.895933
0.888355
0.884191
0.884496
0.889595
0.898706
0.910046
0.921221
0.929961
0.934463
0.933729
0.927615
0.916872
0.903234
0.889198
0.877597
0.870695
0.869388
0.873046
0.879889
0.887854
0.895307
0.901153
0.905143
0.907609
0.909255
0.910741
0.912212
0.913176
0.912752
0.910146
0.905149
0.898432
0.891273
0.885132
0.880965
0.879137
0.879615
0.88231
0.887229
0.894444
0.903884
0.915115
0.927174
0.938484
0.947137
0.951447
0.9507
0.945209
0.936159
0.924948
0.912775
0.900587
0.889106
0.878842
0.869941
0.862137
0.855267
0.849732
0.846667
0.847442
0.852961
0.863127
0.87691
0.892854
0.909529
0.925838
0.940828
0.953382
0.962277
0.966462
0.965668
0.960523
0.952106
0.94132
0.928577
0.914077
0.898216
0.881787
0.86542
0.849479
0.834122
0.8202
0.809508
0.804328
0.806462
0.816426
0.833143
0.854316
0.877101
0.898799
0.917373
0.931498
0.940415
0.943851
0.94215
0.936292
0.927847
0.918859
0.911401
0.907028
0.906255
0.908489
0.912485
0.916715
0.919911
0.921596
0.921965
0.921738
0.921612
0.921828
0.922068
0.921542
0.919381
0.915151
0.90918
0.9025
0.896634
0.892963
0.892219
0.894312
0.898833
0.905411
0.913819
0.923762
0.93451
0.944859
0.953368
0.958626
0.959646
0.95603
0.948171
0.93746
0.926185
0.91689
0.911214
0.90948
0.910833
0.913834
0.916961
0.919028
0.919537
0.91911
0.919232
0.921206
0.924908
0.928797
0.930972
0.930243
0.926294
0.919834
0.912193
0.90508
0.899878
0.897251
0.896978
0.898274
0.900225
0.901932
0.902539
0.901085
0.896715
0.889072
0.878671
0.866851
0.85544
0.846172
0.840145
0.837654
0.838371
0.841591
0.846646
0.853045
0.860371
0.868202
0.875977
0.883094
0.888875
0.892782
0.894595
0.894543
0.89325
0.891537
0.890051
0.888909
0.887751
0.886108
0.884088
0.882618
0.883045
0.88631
0.892428
0.900708
0.910156
0.919854
0.929063
0.937084
0.94333
0.947381
0.948912
0.947806
0.944161
0.938324
0.93093
0.922959
0.915591
0.909994
0.907049
0.907162
0.909975
0.914601
0.919891
0.924864
0.928979
0.932256
0.935022
0.937766
0.940753
0.943879
0.946558
0.94781
0.946726
0.942912
0.936807
0.929618
0.92297
0.91817
0.915748
0.915488
0.916947
0.919779
0.923801
0.928459
0.93244
0.934034
0.931948
0.925807
0.91623
0.904498
0.892032
0.879983
0.869266
0.860651
0.854813
0.851911
0.851509
0.852544
0.853806
0.854404
0.854118
0.853347
0.852961
0.854089
0.857775
0.864696
0.874735
0.886835
0.899493
0.911232
0.921155
0.928899
0.934592
0.938508
0.941005
0.942362
0.942765
0.942299
0.940907
0.938542
0.935505
0.932767
0.931583
0.932466
0.934544
0.936173
0.935807
0.932616
0.926326
0.917053
0.905301
0.892097
0.878903
0.86746
0.859531
0.856369
0.858257
0.864291
0.872676
0.881372
0.888751
0.894155
0.897729
0.899793
0.900325
0.898988
0.895793
0.891069
0.885143
0.877613
0.867561
0.854346
0.838569
0.822762
0.811027
0.807161
0.811937
0.82219
0.833157
0.841365
0.845755
0.847074
0.846859
0.846577
0.847286
0.849508
0.853375
0.858824
0.865813
0.874254
0.883991
0.894642
0.905641
0.91609
0.925146
0.932143
0.936871
0.939658
0.941099
0.941741
0.941804
0.941103
0.939168
0.93554
0.92986
0.922101
0.912459
0.90134
0.88925
0.876905
0.865171
0.85504
0.847483
0.843347
0.84324
0.847247
0.85459
0.863773
0.872939
0.880711
0.886621
0.891204
0.895534
0.900566
0.906258
0.911381
0.914392
0.914298
0.911009
0.905258
0.898139
0.890547
0.882869
0.875187
