1.67367
1.69837
1.71962
1.73436
1.74027
1.7363
1.72293
1.70214
1.67701
1.65119
1.62829
1.6115
1.60354
1.60637
1.62058
1.64478
1.67567
1.70875
1.73945
1.76405
1.78032
1.78786
1.78804
1.7832
1.77548
1.76607
1.7554
1.74387
1.73225
1.72136
1.71143
1.70182
1.69122
1.67829
1.66234
1.64381
1.62496
1.60996
1.60397
1.61078
1.62986
1.65575
1.68096
1.69955
1.70864
1.70793
1.69871
1.68329
1.66473
1.64627
1.63045
1.61843
1.60981
1.60316
1.59696
1.5905
1.58448
1.58142
1.58502
1.59848
1.62231
1.65353
1.68711
1.71844
1.7448
1.76547
1.78106
1.79265
1.80118
1.80715
1.81062
1.81126
1.80805
1.79926
1.78305
1.75883
1.72854
1.69666
1.66874
1.64884
1.63823
1.63613
1.64098
1.65118
1.66505
1.68079
1.6965
1.7104
1.72075
1.72613
1.72549
1.71881
1.70743
1.69402
1.68191
1.6741
1.67226
1.67664
1.68629
1.69967
1.71512
1.73096
1.74544
1.75684
1.76352
1.76404
1.75732
1.74269
1.72025
1.69105
1.65714
1.62134
1.58684
1.55679
1.53399
1.52052
1.51742
1.52449
1.54041
1.56317
1.59042
1.6197
1.64849
1.67424
1.69484
1.7092
1.71745
1.7208
1.72069
1.71813
1.71343
1.70632
1.69638
1.68329
1.66709
1.64816
1.62719
1.60545
1.58468
1.5668
1.55339
1.54532
1.54298
1.54666
1.55684
1.574
1.59817
1.62829
1.66197
1.69581
1.72663
1.75256
1.77336
1.78947
1.80099
1.80706
1.80636
1.79809
1.78286
1.76285
1.74128
1.72141
1.7056
1.69478
1.6885
1.68522
1.68309
1.68042
1.67601
1.66928
1.66023
1.6494
1.63763
1.6261
1.61616
1.60893
1.60491
1.6038
1.60464
1.60633
1.60822
1.61016
1.61222
1.61412
1.61508
1.61437
1.61205
1.60942
1.60851
1.61108
1.61804
1.62936
1.64411
1.66051
1.67585
1.68716
1.69194
1.68944
1.6813
1.67144
1.66446
1.66353
1.66912
1.67918
1.69021
1.69849
1.70099
1.69594
1.68314
1.66392
1.64075
1.61658
1.59387
1.57393
1.55662
1.54088
1.52533
1.50924
1.4931
1.47878
1.46923
1.46765
1.47642
1.49606
1.52465
1.55835
1.59255
1.62325
1.6479
1.66592
1.67877
1.68935
1.70095
1.7155
1.73243
1.74906
1.76236
1.77073
1.77456
1.77552
1.77502
1.77279
1.76665
1.75332
1.73013
1.69684
1.6567
1.61586
1.58092
1.55614
1.54234
1.53791
1.54033
1.54691
1.55497
1.56229
1.56769
1.57138
1.57471
1.57906
1.58478
1.59038
1.59285
1.58899
1.57707
1.5581
1.53615
1.517
1.5056
1.50345
1.50867
1.51817
1.52965
1.54217
1.55558
1.57001
1.5855
1.60175
1.61807
1.63361
1.64796
1.66193
1.67761
1.6967
1.71846
1.73946
1.75587
1.76558
1.76857
1.76608
1.75976
1.75089
1.74025
1.72813
1.71461
1.69979
1.68407
1.66832
1.65414
1.64406
1.64091
1.6463
1.65933
1.6771
1.69626
1.71427
1.72925
1.7394
1.7428
1.73814
1.72554
1.70712
1.68633
1.66643
1.64938
1.63584
1.62593
1.61989
1.61833
1.62203
1.63144
1.64602
1.66377
1.68147
1.69545
1.70268
1.70167
1.69274
1.67768
1.65888
1.63855
1.61823
1.59895
1.58168
1.56766
1.55852
1.55584
1.56042
1.57153
1.58705
1.6044
1.62132
1.63556
1.64426
1.64441
1.63448
1.61602
1.59409
1.57571
1.56713
1.5715
1.588
1.61261
1.63956
1.6631
1.679
1.68533
1.68272
1.67408
1.66377
1.65601
1.65319
1.65505
1.65927
1.66282
1.66305
1.65814
1.64708
1.6301
1.60954
1.59034
1.57881
1.57975
1.59399
1.6184
1.64781
1.6772
1.70273
1.72214
1.73495
1.74265
1.74819
1.75379
1.759
1.76119
1.75774
1.74724
1.72894
1.70277
1.67034
1.63536
1.60229
1.57444
1.5532
1.53838
1.52893
1.52367
1.52187
1.52346
1.52862
1.53685
1.54673
1.55654
1.56494
1.57131
1.57573
1.57896
1.58213
1.58601
1.59044
1.59449
1.59745
1.59988
1.60374
1.6115
1.62484
1.64376
1.66667
1.69108
1.71437
1.73435
1.74955
1.75963
1.76518
1.76725
1.76675
1.76424
1.75992
1.75377
1.74543
1.73432
1.7197
1.70108
1.67859
1.65315
1.62656
1.60133
1.5803
1.56579
1.55891
1.55948
1.56637
1.57818
1.59368
1.61224
1.63375
1.65792
1.68354
1.7085
1.73046
1.74747
1.75829
1.76217
1.7589
1.74885
1.73333
1.71486
1.69689
1.6828
1.67429
1.67042
1.66831
1.66527
1.66066
1.65605
1.6538
1.65496
1.65829
1.66116
1.66171
1.66045
1.65953
1.66027
1.66139
1.66019
1.65548
1.64923
1.64509
1.64533
1.64937
1.65478
1.65917
1.66106
1.6599
1.65583
1.64962
1.64276
1.63683
1.63273
1.63003
1.62733
1.62348
1.61861
1.61438
1.61293
1.61571
1.6229
1.63381
1.64782
1.6646
1.68319
1.70111
1.71494
1.72218
1.72242
1.71707
1.70836
1.69818
1.68768
1.67728
1.66723
1.65787
1.64992
1.64417
1.6409
1.63914
1.63651
1.62988
1.61682
1.59696
1.57253
1.54796
1.52838
1.51773
1.51739
1.52594
1.54006
1.55585
1.56989
1.57968
1.58385
1.5825
1.57719
1.57064
1.56579
1.56469
1.56804
1.57549
1.5859
1.59747
1.60796
1.61527
1.61839
1.61815
1.617
1.61802
1.62319
1.63239
1.64372
1.65485
1.66409
1.67067
1.67465
1.67684
1.67851
1.68069
1.68352
1.68604
1.68682
1.68519
1.68172
1.67793
1.67516
1.67384
1.67345
1.673
1.67156
1.66852
1.66371
1.65746
1.65055
1.64401
1.63892
1.63593
1.63511
1.63626
1.63922
1.64394
1.6501
1.65678
1.66249
1.66607
1.66839
1.67368
1.687
1.70782
1.7277
1.73671
1.73014
1.70958
1.68024
1.6478
1.61654
1.5889
1.56635
1.5501
1.54129
1.54089
1.54896
1.56392
1.58238
1.60027
1.61433
1.62306
1.62675
1.62666
1.62413
1.62005
1.61523
1.61071
1.6077
1.60715
1.60944
1.61436
1.62139
1.62971
1.63837
1.64648
1.65352
1.65953
1.66507
1.6709
1.67757
1.68524
1.69364
1.70224
1.71036
1.71711
1.72149
1.72268
1.7202
1.71394
1.70425
1.69178
1.67749
1.6625
1.64768
1.63337
1.61936
1.60527
1.59102
1.57728
1.56549
1.55744
1.55451
1.55715
1.56462
1.57509
1.58608
1.59491
1.59934
1.59834
1.59241
1.5834
1.57372
1.56534
1.55923
1.55552
1.55401
1.55443
1.55671
1.56102
1.56778
1.57738
1.58979
1.60451
1.62089
1.63855
1.65784
1.67946
1.70349
1.72852
1.75154
1.7688
1.77739
1.77626
1.76666
1.75168
1.73509
1.71992
1.7077
1.69859
1.69194
1.68696
1.68308
1.67995
1.67736
1.67516
1.67341
1.67227
1.67185
1.67193
1.67227
1.67313
1.67548
1.6803
1.68747
1.69542
1.70158
1.70362
1.70037
1.6919
1.67922
1.66389
1.64814
1.63512
1.62866
1.6318
1.6449
1.66459
1.68505
1.70075
1.70874
1.70924
1.70494
1.69965
1.69683
1.69865
1.70545
1.71614
1.72852
1.73974
1.74666
1.74641
1.73729
1.71966
1.69639
1.67235
1.65301
1.64253
1.64198
1.6487
1.65792
1.66531
1.66874
1.66872
1.66755
1.66796
1.67127
1.67613
1.67932
1.67763
1.66945
1.6551
1.6366
1.61741
1.60157
1.5919
1.58894
1.59153
1.59791
1.60616
1.61449
1.62149
1.62622
1.62793
1.62584
1.61945
1.60916
1.5969
1.58591
1.57979
1.58104
1.58995
1.60445
1.62109
1.63624
1.64737
1.65355
1.65552
1.65516
1.65472
1.65603
1.65997
1.6663
1.67397
1.68153
1.68763
1.69131
1.69218
1.69047
1.68703
1.6834
1.68131
1.68215
1.68625
1.69259
1.69958
1.70597
1.71136
1.71612
1.72084
1.72602
1.73199
1.73882
1.74609
1.75271
1.75702
1.75725
1.75217
1.74128
1.72468
1.70265
1.67564
1.64471
1.61193
1.58057
1.55484
1.53923
1.53733
1.54994
1.57397
1.60345
1.63161
1.65247
1.66147
1.65595
1.63582
1.60381
1.56516
1.52649
1.49443
1.47391
1.46717
1.47385
1.49182
1.51777
1.54752
1.57687
1.6027
1.62364
1.63966
1.65097
1.65723
1.6574
1.65016
1.63476
1.6117
1.58316
1.55251
1.52353
1.4994
1.48212
1.47255
1.47127
1.47916
1.49711
1.52476
1.5597
1.59779
1.63442
1.66561
1.68873
1.70262
1.70762
1.70535
1.69851
1.6904
1.68424
1.68226
1.68507
1.69154
1.69929
1.70548
1.70784
1.70537
1.69899
1.69158
1.68705
1.68881
1.69798
1.71283
1.72987
1.74559
1.75775
1.76563
1.76922
1.76824
1.76169
1.74838
1.72787
1.70128
1.67138
1.64197
1.6171
1.6
1.5923
1.59414
1.60515
1.62497
1.65283
1.68692
1.72458
1.76302
1.79998
1.83369
1.86251
1.88471
1.89865
1.90317
1.89818
1.88488
1.86568
1.84363
1.8215
1.80105
1.78298
1.76705
1.75201
1.7355
1.71462
1.68706
1.65251
1.6135
1.5759
1.54805
1.53779
1.54822
1.57544
1.6108
1.64543
1.6732
1.69126
1.69919
1.69806
1.68974
1.67654
1.66107
1.64589
1.63309
1.62375
1.61781
1.61452
1.61295
1.61269
1.61411
1.61809
1.62547
1.6363
1.64966
1.66418
1.67867
1.69258
1.70594
1.71905
1.73193
1.74416
1.7548
1.76263
1.76645
1.76548
1.75942
1.7486
1.7339
1.71693
1.69978
1.68458
1.6728
1.66504
1.66109
1.66058
1.66313
1.66842
1.67611
1.68582
1.69693
1.70822
1.71742
1.72129
1.7167
1.70219
1.67906
1.65114
1.62263
1.5956
1.56949
1.54424
1.5234
1.51292
1.51556
1.52709
1.53935
1.54688
1.54997
1.55267
1.55878
1.56892
1.58049
1.58971
1.59435
1.59548
1.59669
1.60061
1.60644
1.61117
1.61224
1.60892
1.60219
1.59453
1.58937
1.58987
1.5976
1.61223
1.63197
1.65415
1.6753
1.69154
1.69974
1.69832
1.68774
1.6705
1.6508
1.63345
1.62279
1.6219
1.63222
1.65304
1.68151
1.71313
1.74277
1.76577
1.77882
1.78076
1.77264
1.75733
1.7386
1.72023
1.7057
1.69804
1.69934
1.71015
1.72921
1.7536
1.77899
1.80028
1.81289
1.81411
1.80382
1.78435
1.75964
1.73398
1.71078
1.69187
1.67767
1.66771
1.6614
1.65869
1.65992
1.66513
1.67305
1.68073
1.68461
1.68186
1.67105
1.65218
1.62626
1.59511
1.56133
1.5288
1.50298
1.48972
1.49262
1.51138
1.54295
1.58372
1.63042
1.67977
1.72791
1.77034
1.8024
1.82026
1.8221
1.80948
1.78819
1.76658
1.75085
1.741
1.73212
1.71905
1.69949
1.67468
1.64916
1.62978
1.62294
1.63087
1.65048
1.67583
1.70115
1.7222
1.73639
1.74257
1.74097
1.73362
1.72475
1.72001
1.72398
1.7377
1.75826
1.78068
1.79996
1.81233
1.81571
1.80962
1.7949
1.77314
1.74618
1.71583
1.68392
1.65278
1.62519
1.60362
1.58956
1.58322
1.58392
1.5904
1.60136
1.61558
1.6319
1.64889
1.665
1.67929
1.69213
1.70484
1.7187
1.73371
1.74807
1.75898
1.76418
1.76341
1.75895
1.75479
1.75452
1.75925
1.76715
1.77484
1.77931
1.77891
1.77341
1.76366
1.75136
1.73832
1.7256
1.71296
1.69914
1.68296
1.66405
1.64305
1.62119
1.59982
1.58001
1.56208
1.54559
1.5293
1.51223
1.49591
1.48677
1.4939
1.52072
1.56005
1.60029
1.63314
1.65496
1.6644
1.66114
1.64645
1.62429
1.60164
1.58629
1.58353
1.59461
1.61761
1.64878
1.68331
1.71583
1.7414
1.75644
1.75926
1.75023
1.73147
1.70635
1.67882
1.65292
1.63244
1.62052
1.61933
1.62922
1.64786
1.6706
1.69253
1.71041
1.72342
1.73259
1.73953
1.7452
1.74927
1.75018
1.74597
1.73506
1.71699
1.69295
1.66596
1.64056
1.62179
1.61367
1.61753
1.63139
1.65105
1.6722
1.69189
1.70838
1.72071
1.72822
1.73054
1.72791
1.72161
1.71419
1.70913
1.71004
1.71954
1.73813
1.76382
1.79261
1.81959
1.84043
1.85244
1.85524
1.85038
1.84017
1.8264
1.81009
1.79268
1.77725
1.76777
1.76579
1.76862
1.77125
1.76976
1.76268
1.75061
1.73539
1.7195
1.70576
1.6968
1.69433
1.69861
1.70842
1.72143
1.73482
1.74593
1.75271
1.75403
1.74957
1.73973
1.7256
1.70871
1.69114
1.67546
1.66474
1.66183
1.66803
1.68173
1.69853
1.71278
1.71958
1.71612
1.70201
1.67885
1.64944
1.61696
1.58442
1.55469
1.53104
1.51741
1.51715
1.5304
1.55305
1.57851
1.60089
1.61679
1.6253
1.62721
1.62424
1.61834
1.61124
1.60424
1.59849
1.59532
1.5964
1.60302
1.61537
1.63211
1.6508
1.66876
1.68385
1.69478
1.70121
1.70358
1.70293
1.70069
1.69812
1.69566
1.69243
1.68652
1.67615
1.66053
1.64042
1.6181
1.59766
1.5843
1.58196
1.59087
1.60768
1.6281
1.64906
1.66921
1.68861
1.70867
1.73133
1.75682
1.78171
1.80003
1.80658
1.79954
1.78093
1.75564
1.72961
1.70769
1.69235
1.6836
1.68014
1.68069
1.6848
1.69276
1.70477
1.72024
1.73777
1.75586
1.77337
1.78932
1.80239
1.81097
1.8136
1.80946
1.79853
1.78148
1.75951
1.73422
1.70762
1.68228
1.66118
1.64706
1.64152
1.64418
1.65261
1.66332
1.67313
1.68082
1.68812
1.69966
1.72004
1.74953
1.7827
1.81232
1.83354
1.84479
1.84643
1.83921
1.82358
1.80032
1.7718
1.74297
1.72008
1.70685
1.70163
1.69912
1.69452
1.68589
1.674
1.66123
1.65022
1.64271
1.63905
1.63869
1.64106
1.64617
1.65431
1.66539
1.6785
1.69207
1.70449
1.71443
1.72034
1.71993
1.7109
1.69268
1.66771
1.64143
1.62042
1.60921
1.60782
1.61234
1.6178
1.62057
1.61909
1.61391
1.60727
1.60171
1.59806
1.59458
1.58844
1.57869
1.56862
1.5649
1.57302
1.59246
1.61695
1.63967
1.65715
1.66974
1.67975
1.68959
1.70081
1.71388
1.72855
1.74401
1.75903
1.77224
1.78264
1.78997
1.79465
1.79728
1.79801
1.79621
1.7906
1.77998
1.76438
1.74566
1.72689
1.71057
1.69714
1.68552
1.6749
1.66573
1.65934
1.65675
1.65801
1.66227
1.66834
1.67504
1.68135
1.68649
1.68998
1.69185
1.69236
1.69134
1.68774
1.67992
1.6667
1.64803
1.62504
1.59946
1.57333
1.54921
1.53062
1.52102
1.5222
1.53331
1.55165
1.57428
1.59919
1.62524
1.65153
1.67689
1.6998
1.71881
1.73289
1.74171
1.74553
1.74488
1.74021
1.73168
1.71928
1.70306
1.68332
1.66054
1.63493
1.60633
1.57488
1.54177
1.50951
1.48148
1.46132
1.452
1.4544
1.46684
1.48584
1.50798
1.53122
1.55521
1.58072
1.60849
1.63812
1.66776
1.69471
1.71644
1.73146
1.73979
1.74312
1.74417
1.74556
1.74873
1.75359
1.75917
1.76427
1.76772
1.76833
1.76495
1.75679
1.74383
1.72728
1.70941
1.69283
1.67947
1.67022
1.66518
1.66372
1.66444
1.66523
1.66431
1.66141
1.65832
1.65817
1.6639
1.67665
1.69503
1.71546
1.73333
1.74442
1.74617
1.7384
1.72337
1.7051
1.68789
1.67476
1.66649
1.66164
1.65761
1.6518
1.64255
1.62944
1.61358
1.59741
1.58413
1.57665
1.57643
1.58282
1.59325
1.60394
1.61113
1.61222
1.60668
1.59621
1.58428
1.5747
1.57026
1.57198
1.57931
1.5908
1.60471
1.61923
1.63266
1.64369
1.65182
1.65781
1.66364
1.67197
1.68507
1.7038
1.72761
1.75504
1.78439
1.81409
1.84251
1.86782
1.88819
1.90197
1.90807
1.90613
1.89664
1.88073
1.86005
1.83648
1.81175
1.78725
1.76393
1.74226
1.7223
1.7037
1.68598
1.66883
1.65246
1.63744
1.62426
1.6134
1.60612
1.6056
1.61616
1.63976
1.67304
1.70859
1.73921
1.76044
1.77039
1.76909
1.75842
1.74232
1.72597
1.71423
1.71011
1.71397
1.72389
1.73658
1.74805
1.75388
1.74985
1.73392
1.70965
1.68753
1.67931
1.68892
1.71163
1.73961
1.7654
1.7834
1.79116
1.78985
1.78365
1.77815
1.77836
1.78627
1.80019
1.81593
1.829
1.83589
1.83472
1.82526
1.80874
1.78743
1.76412
1.74152
1.72195
1.7071
1.69755
1.69224
1.6885
1.68361
1.67708
1.6718
1.67212
1.6804
1.69549
1.71426
1.73334
1.7502
1.76298
1.77001
1.76929
1.75845
1.73556
1.70045
1.65574
1.60716
1.56271
1.53006
1.51319
1.51045
1.51595
1.52346
1.52996
1.53664
1.54702
1.56328
1.58427
1.6067
1.6276
1.6455
1.66045
1.6734
1.68551
1.69759
1.70979
1.7216
1.73189
1.73884
1.73983
1.73148
1.71053
1.6771
1.64154
1.62633
1.64771
1.69552
1.74701
1.78908
1.82017
1.84348
1.86297
1.88219
1.90327
1.92586
1.94669
1.96087
1.96385
1.95306
1.92842
1.89249
1.85028
1.80884
1.77599
1.75798
1.75707
1.77051
1.79202
1.81445
1.83201
1.84107
1.83993
1.82826
1.80667
1.77651
1.7398
1.69952
1.65951
1.6238
1.59561
1.57645
1.56604
1.56288
1.56507
1.57103
1.5797
1.59036
1.6021
1.6136
1.62334
1.62998
1.6326
1.63085
1.62503
1.61615
1.60585
1.59626
1.58966
1.58794
1.59226
1.60275
1.6186
1.63821
1.65952
1.68037
1.6989
1.71389
1.72459
1.73071
1.73221
1.72922
1.72235
1.7127
1.70144
1.68912
1.67564
1.66062
1.64375
1.62478
1.60385
1.58179
1.56014
1.54071
1.52496
1.51363
1.50658
1.5033
1.50334
1.5064
1.51192
1.5189
1.52596
1.53189
1.53608
1.53873
1.54088
1.54416
1.55029
1.56046
1.57485
1.59253
1.61203
1.63219
1.65294
1.67523
1.69989
1.72646
1.75283
1.77603
1.79358
1.80413
1.80764
1.80499
1.79755
1.78647
1.772
1.75329
1.72889
1.69806
1.66174
1.62316
1.58719
1.55907
1.54253
1.53845
1.54494
1.55853
1.5753
1.59169
1.60495
1.6134
1.61676
1.61614
1.61373
1.61216
1.6135
1.61828
1.62515
1.63147
1.63419
1.63075
1.62
1.60322
1.58482
1.57129
1.56756
1.57343
1.58418
1.59487
1.60333
1.61005
1.61657
1.62376
1.63141
1.63874
1.6452
1.65083
1.65598
1.66093
1.66541
1.66844
1.66852
1.66417
1.65446
1.63946
1.62019
1.59864
1.5776
1.56009
1.5482
1.54247
1.54301
1.55112
1.56865
1.59571
1.62952
1.66556
1.69952
1.72858
1.75155
1.76843
1.77994
1.78708
1.7909
1.7924
1.79266
1.79257
1.79249
1.7918
1.78891
1.78182
1.76892
1.74954
1.72417
1.69453
1.66313
1.63252
1.60437
1.57938
1.55843
1.54389
1.5393
1.54704
1.56626
1.59306
1.62227
1.64906
1.66986
1.68279
1.68774
1.68597
1.67945
1.6702
1.65976
1.64915
1.63909
1.63015
1.62284
1.61736
1.6136
1.61115
1.60932
1.60761
1.60656
1.6084
1.61661
1.63358
1.65849
1.68727
1.71477
1.73658
1.74986
1.75341
1.74754
1.73416
1.71666
1.69927
1.6856
1.67734
1.67378
1.67271
1.67162
1.66865
1.6626
1.65294
1.64063
1.62976
1.62653
1.63431
1.65025
1.66897
1.68751
1.70572
1.72376
1.74071
1.7547
1.7637
1.76636
1.76242
1.75279
1.7393
1.72428
1.7101
1.69866
1.69093
1.68674
1.68523
1.68543
1.68672
1.68874
1.6916
1.69607
1.70361
1.71542
1.73109
1.74822
1.76335
1.77334
1.77624
1.77154
1.76009
1.74401
1.7264
1.71075
1.70028
1.69744
1.70318
1.71653
1.73479
1.75427
1.77109
1.78184
1.78419
1.77733
1.76201
1.74018
1.71418
1.68617
1.65788
1.63103
1.60761
1.59028
1.58202
1.58518
1.60027
1.62531
1.65591
1.68649
1.71175
1.72789
1.73284
1.72601
1.70795
1.6802
1.64529
1.60679
1.56905
1.53646
1.51259
1.49909
1.4952
1.49817
1.50454
1.51209
1.5216
1.53705
1.56199
1.59496
1.62952
1.65896
1.67956
1.69062
1.69327
1.68974
1.68274
1.67485
1.66771
1.66175
1.65648
1.65121
1.64581
1.64101
1.63831
1.63937
1.64497
1.65446
1.66577
1.67659
1.68532
1.69144
1.69523
1.69703
1.6969
1.69472
1.69084
1.68659
1.68413
1.6854
1.69089
1.69932
1.70853
1.7168
1.72354
1.72882
1.73244
1.73359
1.73151
1.72613
1.71819
1.70859
1.69784
1.68577
1.67163
1.65468
1.63486
1.61339
1.59312
1.5783
1.57367
1.58252
1.60454
1.63558
1.66976
1.70195
1.72892
1.74935
1.76326
1.77154
1.77545
1.77615
1.77432
1.76999
1.7624
1.75031
1.73237
1.70794
1.67773
1.64424
1.61103
1.58123
1.55629
1.53639
1.52192
1.51432
1.51544
1.52602
1.54484
1.56916
1.59558
1.62084
1.64199
1.65647
1.66254
1.66012
1.65152
1.64129
1.63422
1.63266
1.63559
1.63998
1.64282
1.64216
1.63747
1.62977
1.62114
1.6139
1.60968
1.60889
1.611
1.61533
1.62155
1.62974
1.64001
1.65234
1.66648
1.68182
1.69732
1.71155
1.72314
1.73136
1.73628
1.73845
1.73853
1.73699
1.734
1.72943
1.72278
1.71325
1.69995
1.68202
1.65936
1.63326
1.60699
1.58487
1.56983
1.56184
1.55906
1.56022
1.565
1.57276
1.58149
1.58821
1.59012
1.58601
1.57702
1.5666
1.55971
1.56106
1.57308
1.59475
1.62225
1.65087
1.67675
1.69757
1.71215
1.71987
1.72056
1.71465
1.70342
1.68901
1.67386
1.66005
1.64858
1.63927
1.63112
1.62301
1.6146
1.60691
1.60216
1.60227
1.60689
1.6131
1.61765
1.61906
1.61791
1.61596
1.61503
1.61654
1.62133
1.62956
1.64057
1.65298
1.66488
1.67434
1.67988
1.68092
1.67791
1.67224
1.66596
1.66124
1.65972
1.66184
1.66656
1.67149
1.67343
1.66932
1.65733
1.63768
1.61276
1.58683
1.56543
1.55459
1.55887
1.57845
1.60814
1.63998
1.66707
1.68557
1.69451
1.69463
1.68772
1.67637
1.6636
1.65224
1.64435
1.64115
1.64308
1.64964
1.65929
1.6702
1.6812
1.6921
1.70335
1.71538
1.72815
1.74098
1.7524
1.76054
1.76376
1.7615
1.75485
1.74636
1.73936
1.73676
1.73996
1.7485
1.76043
1.77315
1.78412
1.79157
1.79478
1.79417
1.79106
1.78713
1.78382
1.78193
1.78139
1.78158
1.78161
1.78059
1.77762
1.7718
1.76235
1.74907
1.73265
1.71476
1.69754
1.68266
1.67078
1.66139
1.65324
1.64483
1.63511
1.62445
1.61505
1.61041
1.61335
1.62417
1.64023
1.65719
1.67088
1.6784
1.67858
1.67212
1.6616
1.65105
1.64471
1.64534
1.65325
1.6669
1.68413
1.70275
1.72085
1.73711
1.75114
1.76326
1.77366
1.78201
1.78747
1.78901
1.78558
1.77641
1.76124
1.7409
1.71742
1.69351
1.67159
1.6534
1.64048
1.63486
1.63882
1.65283
1.67396
1.69676
1.71588
1.72816
1.73293
1.73109
1.72407
1.71329
1.70009
1.68588
1.67194
1.65939
1.64911
1.64175
1.63767
1.6366
1.63749
1.63852
1.63759
1.63293
1.62383
1.61137
1.59873
1.59057
1.5913
1.60298
1.6246
1.65278
1.68326
1.71237
1.73787
1.75893
1.77567
1.78837
1.7971
1.80159
1.80155
1.79713
1.78909
1.77871
1.76747
1.75686
1.74837
1.74334
1.74222
1.74413
1.7473
1.74984
1.75033
1.74821
1.74389
1.73862
1.73397
1.73116
1.73082
1.73307
1.73751
1.74325
1.74887
1.75257
1.75269
1.74829
1.73977
1.72891
1.71833
1.71027
1.7057
1.70419
1.70428
1.70386
1.70066
1.69302
1.68095
1.66685
1.65481
1.64849
1.6491
1.65474
1.66141
1.6648
1.66138
1.64893
1.62661
1.59507
1.55671
1.51577
1.47799
1.44958
1.43568
1.43869
1.45712
1.48606
1.51887
1.54951
1.57421
1.59202
1.60423
1.61326
1.62152
1.63067
1.64117
1.65234
1.66223
1.66781
1.6656
1.65286
1.62917
1.59755
1.56392
1.5349
1.51553
1.50832
1.51322
1.52836
1.55092
1.578
1.60698
1.63555
1.66155
1.68292
1.69799
1.70588
1.70712
1.70365
1.69815
1.69265
1.68757
1.68216
1.67558
1.66737
1.65742
1.64564
1.63215
1.61759
1.60331
1.59119
1.58293
1.57951
1.58088
1.58604
1.59337
1.60092
1.60686
1.60997
1.6101
1.60813
1.60531
1.6025
1.59963
1.59583
1.5899
1.58088
1.56877
1.55486
1.54186
1.53336
1.53266
1.54138
1.5587
1.58174
1.6067
1.63009
1.64941
1.66335
1.67175
1.67524
1.67502
1.67255
1.66921
1.66608
1.6638
1.66263
1.66235
1.6621
1.66024
1.65466
1.64362
1.62688
1.60662
1.58736
1.5742
1.57021
1.57524
1.58675
1.60169
1.6174
1.63177
1.64324
1.65063
1.65329
1.6513
1.64572
1.63831
1.63072
1.62326
1.61457
1.60243
1.58569
1.56544
1.54509
1.52917
1.52086
1.52012
1.52402
1.52936
1.53522
1.54332
1.55636
1.5762
1.60277
1.63399
1.66662
1.6974
1.72371
1.74389
1.75731
1.76432
1.76584
1.76291
1.75628
1.74638
1.73342
1.71758
1.69918
1.67868
1.65666
1.63405
1.61254
1.59485
1.58469
1.58564
1.59953
1.62521
1.65834
1.69258
1.72151
1.74055
1.74793
1.74466
1.73342
1.71737
1.69927
1.68136
1.66565
1.65387
1.64733
1.64654
1.65107
1.65949
1.66981
1.68008
1.68866
1.69403
1.69433
1.68744
1.67187
1.64765
1.61656
1.58169
1.5469
1.51616
1.49334
1.48163
1.48264
1.49536
1.51595
1.53924
1.56085
1.57859
1.59221
1.6023
1.60949
1.61422
1.61705
1.61881
1.62048
1.62275
1.6257
1.62894
1.63199
1.63458
1.63691
1.64021
1.64689
1.65943
1.67791
1.6992
1.71852
1.73139
1.73457
1.72619
1.70623
1.677
1.64317
1.61083
1.58562
1.57079
1.56644
1.57042
1.58003
1.59281
1.60671
1.62009
1.63205
1.64259
1.65258
1.66334
1.67605
1.69108
1.70765
1.72406
1.73828
1.74854
1.75358
1.75276
1.74599
1.73377
1.7171
1.69748
1.67683
1.65751
1.64226
1.63385
1.63444
1.64466
1.66292
1.68561
1.70798
1.72539
1.73429
1.73268
1.72025
1.69858
1.6711
1.6429
1.61965
1.60583
1.6033
1.61072
1.62457
1.64077
1.65591
1.66792
1.67619
1.68144
1.68506
1.68834
1.69151
1.69362
1.69288
1.68771
1.67775
1.66431
1.65002
1.63773
1.62943
1.62584
1.62689
1.6324
1.64246
1.65717
1.67634
1.69912
1.72352
1.74638
1.76385
1.77262
1.77116
1.76018
1.742
1.71943
1.69492
1.67034
1.64718
1.62649
1.60851
1.59276
1.57894
1.56787
1.56184
1.56359
1.57493
1.59565
1.62364
1.65592
1.68963
1.72257
1.7528
1.77805
1.79582
1.80402
1.80214
1.79141
1.77397
1.75166
1.72535
1.69542
1.66275
1.62888
1.59525
1.56247
1.53096
1.50244
1.48058
1.46993
1.4741
1.49408
1.52774
1.57043
1.61639
1.66024
1.69786
1.72651
1.74467
1.75186
1.74872
1.73716
1.72039
1.70253
1.68773
1.679
1.6774
1.6818
1.68965
1.69787
1.70402
1.70711
1.70759
1.70686
1.70631
1.70647
1.70671
1.70542
1.70089
1.69229
1.68027
1.66696
1.65537
1.64825
1.64703
1.65158
1.66104
1.67464
1.69196
1.71236
1.73438
1.75557
1.77301
1.78392
1.78627
1.77928
1.76378
1.74257
1.72022
1.70179
1.69062
1.68733
1.69017
1.69626
1.70263
1.70687
1.70801
1.70725
1.70759
1.71162
1.71907
1.72679
1.73103
1.72938
1.7213
1.70811
1.69258
1.67807
1.66737
1.66178
1.66087
1.66309
1.66658
1.66959
1.67036
1.66699
1.65781
1.64211
1.6209
1.59691
1.57384
1.55512
1.54295
1.53794
1.5394
1.54595
1.55625
1.56928
1.58422
1.60019
1.61609
1.63065
1.64253
1.65063
1.65451
1.65463
1.65226
1.64902
1.64619
1.64404
1.64181
1.63859
1.63462
1.63181
1.63282
1.63954
1.65199
1.66874
1.68784
1.70744
1.72599
1.74215
1.75476
1.76292
1.76602
1.76384
1.75655
1.74486
1.73006
1.71411
1.69938
1.68823
1.68246
1.68279
1.68856
1.69795
1.70865
1.71872
1.72712
1.7338
1.73945
1.74499
1.751
1.75723
1.76247
1.76483
1.76249
1.75464
1.74217
1.7276
1.71411
1.7043
1.69927
1.6986
1.70135
1.70686
1.71473
1.72383
1.73149
1.73434
1.72977
1.71705
1.69747
1.67362
1.64831
1.6239
1.60219
1.58476
1.57292
1.56706
1.56626
1.5684
1.57104
1.5724
1.57203
1.57077
1.57037
1.57301
1.5808
1.5951
1.6156
1.64021
1.66587
1.6897
1.70982
1.72556
1.73713
1.74514
1.75026
1.75304
1.75388
1.75298
1.75023
1.7455
1.73944
1.73403
1.73175
1.73361
1.73788
1.74118
1.74046
1.73403
1.72139
1.70279
1.67925
1.65277
1.62631
1.6034
1.58757
1.5813
1.58512
1.59721
1.61398
1.63132
1.64602
1.65672
1.66371
1.66762
1.66837
1.66536
1.65852
1.6486
1.63618
1.62055
1.59985
1.57282
1.54071
1.50865
1.48488
1.47695
1.48629
1.50658
1.52831
1.54458
1.55328
1.55593
1.55558
1.55518
1.5568
1.56147
1.56945
1.58067
1.59504
1.61238
1.63229
1.65405
1.6764
1.69768
1.71609
1.7303
1.73993
1.7456
1.74852
1.74973
1.74967
1.74796
1.74371
1.73597
1.7241
1.70803
1.68818
1.66533
1.64061
1.61542
1.59156
1.57101
1.55573
1.54743
1.5473
1.55548
1.57046
1.58914
1.6078
1.6237
1.63591
1.64546
1.65454
1.66504
1.67679
1.68736
1.69364
1.69364
1.68721
1.67583
1.66167
1.64651
1.63115
1.61575
