-5.03429
-5.05818
-5.07922
-5.09377
-5.09856
-5.09376
-5.08059
-5.05906
-5.03369
-5.00816
-4.98482
-4.9685
-4.96185
-4.96536
-4.98172
-5.00572
-5.03689
-5.06902
-5.09881
-5.1225
-5.13863
-5.1455
-5.14462
-5.13896
-5.13073
-5.12103
-5.10994
-5.09851
-5.08633
-5.07584
-5.06615
-5.05574
-5.04602
-5.03236
-5.01565
-4.99725
-4.97827
-4.96559
-4.96182
-4.96967
-4.99005
-5.01561
-5.04188
-5.05854
-5.06634
-5.06591
-5.0558
-5.04022
-5.02106
-5.00353
-4.98837
-4.97627
-4.96898
-4.96183
-4.95638
-4.95005
-4.94464
-4.94116
-4.94593
-4.9594
-4.9834
-5.0145
-5.04699
-5.07821
-5.10415
-5.12428
-5.13941
-5.1508
-5.15952
-5.16539
-5.16861
-5.16832
-5.16418
-5.15579
-5.13952
-5.1126
-5.08206
-5.05002
-5.02201
-5.00333
-4.99408
-4.99229
-4.997
-5.00749
-5.02118
-5.0361
-5.05262
-5.06684
-5.07751
-5.08353
-5.08227
-5.07564
-5.06346
-5.05017
-5.03808
-5.0302
-5.0281
-5.03261
-5.04225
-5.05591
-5.07103
-5.08636
-5.1003
-5.11221
-5.11864
-5.11969
-5.11174
-5.09722
-5.07329
-5.04336
-5.00821
-4.97209
-4.93804
-4.90845
-4.88681
-4.87495
-4.87214
-4.88032
-4.89582
-4.91913
-4.9467
-4.97726
-5.00646
-5.03162
-5.05179
-5.06535
-5.07275
-5.07433
-5.07409
-5.07161
-5.06639
-5.05841
-5.04817
-5.03431
-5.01751
-4.99924
-4.97829
-4.95565
-4.93538
-4.91835
-4.90574
-4.89899
-4.89753
-4.90244
-4.91405
-4.93253
-4.95707
-4.98828
-5.02169
-5.05656
-5.0868
-5.1119
-5.13327
-5.15014
-5.16117
-5.16632
-5.16487
-5.15525
-5.13836
-5.11834
-5.09575
-5.0774
-5.06253
-5.05206
-5.04585
-5.04293
-5.0396
-5.0365
-5.03188
-5.0246
-5.01686
-5.00755
-4.99529
-4.98387
-4.9743
-4.96723
-4.96398
-4.96251
-4.96333
-4.96401
-4.96681
-4.96875
-4.97067
-4.97282
-4.97304
-4.97229
-4.9679
-4.9658
-4.96532
-4.9683
-4.97451
-4.98517
-5.00063
-5.01766
-5.03304
-5.04364
-5.04738
-5.04451
-5.0366
-5.02682
-5.0208
-5.02009
-5.02806
-5.03945
-5.04976
-5.05819
-5.05893
-5.05219
-5.0385
-5.01922
-4.99627
-4.972
-4.94923
-4.92897
-4.91203
-4.89561
-4.88002
-4.86328
-4.84646
-4.83217
-4.82418
-4.82234
-4.83267
-4.85393
-4.88384
-4.9184
-4.95242
-4.98244
-5.00612
-5.02367
-5.03796
-5.04729
-5.05868
-5.07384
-5.09119
-5.10746
-5.11986
-5.12832
-5.13193
-5.1324
-5.13253
-5.13049
-5.12379
-5.10926
-5.08517
-5.0513
-5.01017
-4.96948
-4.93633
-4.91267
-4.9005
-4.89764
-4.90075
-4.9079
-4.91582
-4.92223
-4.92742
-4.9304
-4.93392
-4.93767
-4.94287
-4.94891
-4.95043
-4.94491
-4.93203
-4.91329
-4.89164
-4.87324
-4.86367
-4.86163
-4.86787
-4.8778
-4.88835
-4.90141
-4.9137
-4.92704
-4.94217
-4.95937
-4.9755
-4.99002
-5.00291
-5.01694
-5.03215
-5.0513
-5.07286
-5.09326
-5.10861
-5.11807
-5.12089
-5.11871
-5.11283
-5.10467
-5.09342
-5.07964
-5.06553
-5.0509
-5.03589
-5.02141
-5.00631
-4.99619
-4.99446
-5.00085
-5.01481
-5.0324
-5.05201
-5.06919
-5.08528
-5.09408
-5.09688
-5.09199
-5.07838
-5.06001
-5.03857
-5.01919
-5.00278
-4.99065
-4.98203
-4.9767
-4.97518
-4.97944
-4.98987
-5.00473
-5.02354
-5.04058
-5.05324
-5.05969
-5.05891
-5.04881
-5.03402
-5.01604
-4.99565
-4.97448
-4.95611
-4.93895
-4.92579
-4.91693
-4.91587
-4.92086
-4.93238
-4.94789
-4.96515
-4.98055
-4.99452
-5.00234
-5.00077
-4.99076
-4.97151
-4.94945
-4.93196
-4.924
-4.92922
-4.94616
-4.97067
-4.99768
-5.02076
-5.03711
-5.04294
-5.03865
-5.02903
-5.01865
-5.01116
-5.00856
-5.01154
-5.01553
-5.01855
-5.01729
-5.01149
-4.99889
-4.98216
-4.96207
-4.94244
-4.93215
-4.93582
-4.95142
-4.97582
-5.00469
-5.03445
-5.05944
-5.07878
-5.09113
-5.09908
-5.10396
-5.11019
-5.11569
-5.11772
-5.11422
-5.10161
-5.08326
-5.05635
-5.02393
-4.98894
-4.95687
-4.93011
-4.90999
-4.89636
-4.8883
-4.88416
-4.88253
-4.88372
-4.89014
-4.8977
-4.9075
-4.91722
-4.92603
-4.93264
-4.9369
-4.94008
-4.94345
-4.9465
-4.95199
-4.95595
-4.95881
-4.96143
-4.96556
-4.97232
-4.98624
-5.00581
-5.02885
-5.05326
-5.07616
-5.0951
-5.11024
-5.12043
-5.12529
-5.126
-5.12468
-5.12198
-5.11733
-5.11084
-5.1021
-5.08947
-5.07401
-5.05453
-5.03124
-5.00558
-4.9793
-4.95558
-4.93586
-4.92133
-4.91538
-4.9183
-4.92605
-4.93737
-4.95365
-4.9716
-4.99355
-5.01839
-5.0445
-5.06882
-5.0902
-5.10589
-5.11679
-5.1192
-5.11538
-5.10501
-5.08846
-5.07122
-5.05381
-5.03963
-5.03258
-5.02874
-5.02663
-5.02403
-5.01841
-5.01333
-5.01141
-5.01242
-5.01628
-5.01882
-5.01959
-5.01735
-5.01687
-5.0176
-5.01845
-5.01767
-5.01206
-5.0057
-5.00179
-5.00234
-5.00587
-5.01098
-5.01472
-5.01571
-5.01364
-5.00931
-5.00296
-4.99567
-4.98975
-4.98583
-4.9829
-4.98012
-4.97659
-4.97108
-4.96779
-4.96626
-4.96859
-4.97483
-4.98562
-4.99992
-5.01756
-5.03652
-5.056
-5.07016
-5.07639
-5.07597
-5.07033
-5.06231
-5.05222
-5.04231
-5.0336
-5.02284
-5.01314
-5.00461
-4.99866
-4.99576
-4.99375
-4.99071
-4.98367
-4.97066
-4.95125
-4.92643
-4.90138
-4.88316
-4.87397
-4.87447
-4.88421
-4.89867
-4.91413
-4.92663
-4.93665
-4.9404
-4.93915
-4.93298
-4.92632
-4.92117
-4.92035
-4.92415
-4.93181
-4.94317
-4.95444
-4.9647
-4.97085
-4.97372
-4.9731
-4.97038
-4.97099
-4.97737
-4.98794
-4.9995
-5.00945
-5.01723
-5.02339
-5.02639
-5.02801
-5.0306
-5.03271
-5.03617
-5.03752
-5.03853
-5.03697
-5.03309
-5.02934
-5.02672
-5.02553
-5.02503
-5.02573
-5.02461
-5.02199
-5.01671
-5.00945
-5.00343
-4.99654
-4.99149
-4.98887
-4.98841
-4.99005
-4.99318
-4.99777
-5.00449
-5.0113
-5.01698
-5.01959
-5.02196
-5.02771
-5.0421
-5.06179
-5.08099
-5.0896
-5.08102
-5.05931
-5.02896
-4.99633
-4.96534
-4.9377
-4.91663
-4.90062
-4.89277
-4.89278
-4.9024
-4.91789
-4.93693
-4.95531
-4.96963
-4.97812
-4.98152
-4.98113
-4.9781
-4.97467
-4.96892
-4.96495
-4.96275
-4.96384
-4.96641
-4.97188
-4.97847
-4.98672
-4.99566
-5.00458
-5.01151
-5.01714
-5.02267
-5.02947
-5.03775
-5.04581
-5.05471
-5.06346
-5.07027
-5.07682
-5.08062
-5.08116
-5.07754
-5.07243
-5.06182
-5.04912
-5.03547
-5.02046
-5.00553
-4.99188
-4.97758
-4.96392
-4.94891
-4.9362
-4.9244
-4.91576
-4.91293
-4.91581
-4.92337
-4.93355
-4.94279
-4.95157
-4.95458
-4.95318
-4.9476
-4.93902
-4.92969
-4.92091
-4.91489
-4.90975
-4.90965
-4.91087
-4.91333
-4.91801
-4.92595
-4.93584
-4.94896
-4.96373
-4.981
-4.99774
-5.01678
-5.0385
-5.06333
-5.08908
-5.11184
-5.1291
-5.13597
-5.13375
-5.12405
-5.10783
-5.09081
-5.0765
-5.06461
-5.05517
-5.04782
-5.04267
-5.03963
-5.03626
-5.03401
-5.03261
-5.03
-5.02864
-5.02873
-5.03005
-5.03118
-5.03199
-5.03274
-5.03917
-5.04637
-5.05517
-5.06101
-5.06347
-5.05937
-5.05087
-5.03739
-5.02161
-5.00597
-4.99298
-4.98676
-4.99049
-5.00446
-5.02436
-5.04532
-5.06018
-5.06706
-5.06693
-5.06234
-5.0567
-5.05458
-5.05766
-5.06417
-5.07544
-5.08664
-5.09728
-5.10284
-5.10145
-5.09157
-5.07411
-5.05097
-5.02701
-5.00886
-4.99969
-4.99943
-5.00679
-5.01615
-5.02319
-5.02728
-5.02656
-5.02498
-5.02566
-5.03059
-5.03454
-5.03677
-5.03446
-5.02577
-5.01075
-4.99169
-4.97327
-4.9581
-4.94896
-4.94708
-4.94999
-4.95663
-4.96528
-4.97338
-4.97973
-4.98464
-4.98616
-4.9823
-4.97578
-4.96397
-4.95061
-4.94162
-4.93554
-4.9385
-4.94779
-4.96253
-4.97947
-4.99417
-5.00465
-5.0099
-5.0123
-5.01138
-5.01195
-5.01395
-5.0171
-5.02543
-5.03226
-5.03988
-5.04668
-5.05023
-5.05083
-5.0495
-5.04702
-5.04392
-5.04192
-5.04264
-5.04672
-5.05366
-5.06033
-5.06571
-5.07011
-5.07498
-5.07988
-5.08498
-5.09073
-5.09658
-5.10369
-5.11017
-5.11445
-5.11465
-5.1096
-5.09813
-5.08067
-5.05751
-5.03036
-4.99822
-4.96541
-4.93426
-4.90919
-4.89467
-4.89334
-4.90744
-4.93247
-4.96212
-4.9895
-5.01057
-5.01684
-5.01011
-4.98923
-4.95614
-4.91686
-4.87872
-4.84733
-4.82723
-4.82113
-4.83011
-4.84936
-4.87573
-4.90684
-4.9358
-4.96147
-4.9813
-4.9973
-5.00798
-5.0146
-5.01439
-5.00604
-4.98892
-4.96594
-4.93672
-4.90667
-4.87775
-4.85318
-4.83649
-4.82939
-4.82943
-4.83845
-4.85742
-4.88609
-4.9226
-4.96031
-4.99746
-5.02688
-5.04911
-5.06132
-5.06519
-5.06203
-5.0555
-5.04745
-5.04132
-5.04013
-5.04248
-5.04966
-5.05768
-5.06281
-5.0638
-5.06041
-5.05408
-5.04661
-5.04334
-5.04644
-5.05645
-5.0723
-5.08981
-5.10539
-5.11684
-5.12398
-5.12729
-5.12551
-5.1197
-5.10506
-5.08386
-5.05619
-5.02464
-4.99581
-4.97189
-4.9569
-4.94941
-4.95249
-4.96515
-4.98552
-5.01365
-5.04944
-5.08669
-5.12477
-5.16209
-5.19614
-5.22452
-5.24506
-5.25855
-5.26287
-5.25863
-5.24401
-5.22499
-5.20251
-5.17958
-5.15935
-5.14122
-5.12576
-5.111
-5.09268
-5.0709
-5.04353
-5.00836
-4.96887
-4.93184
-4.90483
-4.89767
-4.91112
-4.93868
-4.97344
-5.00806
-5.03508
-5.05242
-5.05938
-5.05774
-5.05003
-5.03633
-5.02108
-5.00635
-4.99342
-4.98368
-4.9782
-4.97557
-4.97339
-4.97297
-4.97444
-4.97889
-4.98572
-4.99716
-5.01055
-5.02601
-5.04001
-5.05264
-5.06462
-5.07755
-5.09069
-5.10161
-5.11218
-5.11935
-5.12227
-5.1205
-5.11363
-5.10176
-5.08705
-5.07042
-5.05398
-5.03952
-5.02813
-5.02031
-5.01582
-5.01684
-5.01998
-5.02613
-5.03404
-5.04408
-5.05437
-5.06633
-5.07485
-5.07816
-5.07275
-5.05772
-5.03512
-5.00697
-4.97796
-4.95168
-4.92622
-4.90088
-4.88065
-4.87131
-4.87455
-4.88652
-4.89832
-4.905
-4.90723
-4.91105
-4.91668
-4.92774
-4.93969
-4.9482
-4.95314
-4.95334
-4.95506
-4.95941
-4.96512
-4.97003
-4.97128
-4.96739
-4.96043
-4.95286
-4.94738
-4.94781
-4.95567
-4.97136
-4.99148
-5.01313
-5.03441
-5.04997
-5.05725
-5.05485
-5.04376
-5.02562
-5.00683
-4.98983
-4.97972
-4.97962
-4.99121
-5.01356
-5.04393
-5.07514
-5.10567
-5.12733
-5.13899
-5.13908
-5.12979
-5.11335
-5.0948
-5.07696
-5.0642
-5.05781
-5.05931
-5.07119
-5.09063
-5.11549
-5.14176
-5.16298
-5.17407
-5.1732
-5.16246
-5.14197
-5.11621
-5.08946
-5.06739
-5.0491
-5.03474
-5.02472
-5.01862
-5.01643
-5.01807
-5.02334
-5.03169
-5.03961
-5.04294
-5.03911
-5.02824
-5.00905
-4.98252
-4.94992
-4.9153
-4.88165
-4.85654
-4.84525
-4.8495
-4.86955
-4.90251
-4.94432
-4.99174
-5.04116
-5.08909
-5.13039
-5.16012
-5.17657
-5.17682
-5.16316
-5.1416
-5.11962
-5.10474
-5.09586
-5.08691
-5.07264
-5.05228
-5.02745
-5.00221
-4.98217
-4.97801
-4.98808
-5.0084
-5.03429
-5.05889
-5.07875
-5.09277
-5.09874
-5.09598
-5.08795
-5.07954
-5.07505
-5.07956
-5.09416
-5.11454
-5.13837
-5.1583
-5.16985
-5.17228
-5.16572
-5.15021
-5.128
-5.10063
-5.06973
-5.03748
-5.00642
-4.97918
-4.95876
-4.94503
-4.93989
-4.94108
-4.94898
-4.96107
-4.9754
-4.99292
-5.00944
-5.02554
-5.0395
-5.0527
-5.06518
-5.07858
-5.09348
-5.10793
-5.1182
-5.12157
-5.11952
-5.1149
-5.111
-5.11122
-5.11655
-5.12474
-5.13147
-5.13596
-5.1358
-5.12966
-5.12017
-5.10818
-5.09438
-5.0814
-5.06901
-5.05545
-5.03915
-5.02014
-4.99899
-4.97757
-4.95572
-4.93549
-4.91729
-4.90149
-4.88514
-4.8677
-4.85037
-4.84276
-4.85233
-4.88087
-4.92067
-4.9594
-4.98884
-5.00946
-5.01792
-5.01404
-4.99791
-4.97444
-4.95293
-4.93806
-4.93669
-4.95029
-4.97566
-5.00832
-5.04349
-5.07568
-5.10108
-5.11585
-5.11684
-5.10641
-5.08775
-5.0622
-5.0342
-5.00792
-4.98832
-4.97739
-4.97749
-4.98931
-5.00814
-5.03057
-5.05204
-5.06989
-5.08184
-5.08997
-5.0978
-5.10335
-5.10734
-5.10889
-5.10542
-5.09365
-5.07474
-5.04979
-5.02288
-4.99807
-4.98006
-4.97193
-4.97724
-4.99204
-5.01082
-5.03254
-5.05211
-5.06929
-5.08131
-5.08831
-5.09027
-5.08734
-5.07913
-5.07284
-5.06837
-5.06944
-5.07911
-5.09778
-5.12429
-5.15313
-5.17983
-5.19941
-5.21063
-5.21152
-5.20587
-5.19523
-5.18163
-5.16497
-5.14788
-5.13258
-5.12354
-5.12163
-5.12542
-5.12824
-5.12622
-5.11828
-5.10671
-5.09084
-5.07443
-5.06121
-5.0533
-5.05106
-5.05537
-5.06532
-5.07925
-5.09298
-5.10404
-5.11107
-5.11106
-5.10603
-5.09555
-5.08121
-5.0637
-5.0465
-5.03102
-5.02035
-5.01789
-5.02496
-5.03982
-5.05692
-5.06926
-5.07572
-5.07088
-5.05682
-5.03199
-5.00107
-4.9686
-4.93621
-4.90678
-4.88334
-4.86987
-4.87102
-4.88607
-4.90946
-4.9347
-4.95684
-4.97156
-4.97935
-4.98083
-4.97733
-4.97094
-4.96425
-4.95718
-4.95116
-4.94773
-4.94886
-4.95562
-4.9688
-4.986
-5.00519
-5.02235
-5.03797
-5.04891
-5.05566
-5.05721
-5.05648
-5.05462
-5.05326
-5.05064
-5.04694
-5.0405
-5.03022
-5.01485
-4.99454
-4.97325
-4.95374
-4.94149
-4.94034
-4.94963
-4.96683
-4.98726
-5.00819
-5.02899
-5.04867
-5.06861
-5.09159
-5.1174
-5.14328
-5.16136
-5.16612
-5.15838
-5.13854
-5.11307
-5.08755
-5.06532
-5.05097
-5.04191
-5.04041
-5.04192
-5.0461
-5.05416
-5.06747
-5.08261
-5.10026
-5.11819
-5.13484
-5.14981
-5.16235
-5.16949
-5.17146
-5.16648
-5.1549
-5.1373
-5.11522
-5.08939
-5.06083
-5.03578
-5.01511
-5.0009
-4.99593
-4.99976
-5.00768
-5.01887
-5.02894
-5.03585
-5.04258
-5.05619
-5.07727
-5.10684
-5.14013
-5.16997
-5.19097
-5.20199
-5.20361
-5.19523
-5.17894
-5.1544
-5.12619
-5.09782
-5.07641
-5.06415
-5.05946
-5.05738
-5.05316
-5.04444
-5.0328
-5.02069
-5.01088
-5.00407
-4.99986
-5.00024
-5.00228
-5.00768
-5.01627
-5.02701
-5.04055
-5.05377
-5.06478
-5.07425
-5.07995
-5.07983
-5.06895
-5.04884
-5.0239
-4.99785
-4.97753
-4.96707
-4.96634
-4.97209
-4.97771
-4.98145
-4.97894
-4.9738
-4.96777
-4.96209
-4.95979
-4.95557
-4.94965
-4.9404
-4.93003
-4.92867
-4.93702
-4.95669
-4.98098
-5.00326
-5.02034
-5.0324
-5.04138
-5.05161
-5.06286
-5.07703
-5.09197
-5.10714
-5.12204
-5.13515
-5.1454
-5.15213
-5.15749
-5.16069
-5.16152
-5.1597
-5.15348
-5.14233
-5.12645
-5.10728
-5.08852
-5.07235
-5.05765
-5.04449
-5.03336
-5.02516
-5.01731
-5.01543
-5.01718
-5.02123
-5.02741
-5.03382
-5.03974
-5.04427
-5.04835
-5.05053
-5.04985
-5.04788
-5.04483
-5.03773
-5.02288
-5.00295
-4.97977
-4.95359
-4.92692
-4.90349
-4.88504
-4.87603
-4.87843
-4.89026
-4.90946
-4.93163
-4.95655
-4.98297
-5.00922
-5.0344
-5.05835
-5.07781
-5.08986
-5.09876
-5.10075
-5.10089
-5.09597
-5.08691
-5.07489
-5.05799
-5.03672
-5.01486
-4.98941
-4.96036
-4.92972
-4.89566
-4.86426
-4.8367
-4.81737
-4.80891
-4.81229
-4.82419
-4.84441
-4.86597
-4.88836
-4.91231
-4.93878
-4.96769
-4.99772
-5.02707
-5.05436
-5.07532
-5.09069
-5.09812
-5.10063
-5.10146
-5.10269
-5.10484
-5.10967
-5.11435
-5.12025
-5.12377
-5.12433
-5.12096
-5.11336
-5.10012
-5.08392
-5.06667
-5.05095
-5.03722
-5.02794
-5.0242
-5.02259
-5.02598
-5.02606
-5.02371
-5.02022
-5.01743
-5.01821
-5.02447
-5.03789
-5.05773
-5.07918
-5.09609
-5.10557
-5.10663
-5.0977
-5.0823
-5.06531
-5.049
-5.03576
-5.02822
-5.02223
-5.01782
-5.01097
-5.00027
-4.98757
-4.97185
-4.95491
-4.94209
-4.93561
-4.93626
-4.94275
-4.95354
-4.9642
-4.97161
-4.97158
-4.96483
-4.95223
-4.94111
-4.93104
-4.92735
-4.92998
-4.9372
-4.94871
-4.96277
-4.97755
-4.992
-5.00274
-5.0094
-5.01556
-5.02197
-5.03084
-5.04283
-5.06227
-5.08757
-5.11618
-5.14669
-5.17422
-5.20302
-5.22822
-5.24755
-5.26014
-5.26589
-5.26453
-5.25463
-5.23922
-5.21892
-5.19577
-5.1701
-5.14568
-5.12251
-5.10148
-5.08091
-5.06182
-5.04371
-5.02753
-5.01021
-4.99521
-4.98298
-4.9727
-4.96592
-4.96617
-4.97786
-5.00132
-5.03519
-5.07085
-5.10129
-5.12129
-5.12948
-5.12742
-5.1154
-5.09948
-5.08353
-5.07231
-5.06917
-5.07405
-5.08487
-5.09793
-5.10889
-5.11376
-5.10797
-5.09107
-5.06689
-5.04631
-5.04016
-5.05124
-5.07364
-5.10202
-5.1268
-5.14322
-5.15025
-5.14794
-5.14123
-5.13626
-5.13736
-5.14616
-5.16077
-5.1772
-5.19009
-5.19668
-5.19452
-5.18413
-5.16746
-5.14567
-5.12262
-5.10052
-5.08106
-5.06659
-5.05724
-5.05162
-5.04666
-5.04067
-5.03363
-5.02812
-5.02903
-5.03929
-5.05568
-5.07491
-5.09297
-5.1086
-5.12178
-5.12738
-5.125
-5.11379
-5.08979
-5.0534
-5.0089
-4.9611
-4.91767
-4.8865
-4.87212
-4.86991
-4.87557
-4.88289
-4.88883
-4.89526
-4.90558
-4.92347
-4.94431
-4.96655
-4.9884
-5.00598
-5.02007
-5.03244
-5.04497
-5.05707
-5.06956
-5.08022
-5.09058
-5.09737
-5.09849
-5.08841
-5.06519
-5.03115
-4.99769
-4.98531
-5.01113
-5.06
-5.11121
-5.15273
-5.18241
-5.2047
-5.22417
-5.24275
-5.2633
-5.28681
-5.30766
-5.3206
-5.32214
-5.30931
-5.28399
-5.24747
-5.20484
-5.16405
-5.13276
-5.11613
-5.11776
-5.13219
-5.15305
-5.17477
-5.19115
-5.19818
-5.19674
-5.18404
-5.16122
-5.1309
-5.09414
-5.0537
-5.01288
-4.97841
-4.95123
-4.93344
-4.92263
-4.92024
-4.92272
-4.92944
-4.93804
-4.94871
-4.96079
-4.97233
-4.98273
-4.9887
-4.99028
-4.98719
-4.98085
-4.9722
-4.96127
-4.95127
-4.94493
-4.94287
-4.94767
-4.95905
-4.97506
-4.99494
-5.01584
-5.03699
-5.05566
-5.07086
-5.08036
-5.08631
-5.0875
-5.08454
-5.07719
-5.06793
-5.0564
-5.04383
-5.02961
-5.01441
-4.9984
-4.97877
-4.95783
-4.93633
-4.91527
-4.8963
-4.88038
-4.86995
-4.86239
-4.85916
-4.85951
-4.86345
-4.86933
-4.87608
-4.88323
-4.8893
-4.8924
-4.89494
-4.89637
-4.89956
-4.90711
-4.91787
-4.93264
-4.95073
-4.97048
-4.99113
-5.01214
-5.03524
-5.06029
-5.08712
-5.11391
-5.13604
-5.15248
-5.16276
-5.16469
-5.1612
-5.1538
-5.14239
-5.12635
-5.10728
-5.08362
-5.05185
-5.01543
-4.97686
-4.9416
-4.91481
-4.89953
-4.89678
-4.90355
-4.91688
-4.93407
-4.94844
-4.96112
-4.96921
-4.9724
-4.97194
-4.9695
-4.96859
-4.97119
-4.97627
-4.98397
-4.99068
-4.99168
-4.98768
-4.97637
-4.95948
-4.9408
-4.9287
-4.92679
-4.93371
-4.94404
-4.95485
-4.96263
-4.96942
-4.97477
-4.98308
-4.99029
-4.99709
-5.00286
-5.00842
-5.01309
-5.01666
-5.02135
-5.0231
-5.02266
-5.01795
-5.00783
-4.99159
-4.97169
-4.95095
-4.93043
-4.91312
-4.90245
-4.89687
-4.89749
-4.90721
-4.92619
-4.95379
-4.98834
-5.02435
-5.05808
-5.08686
-5.10951
-5.12536
-5.13578
-5.14148
-5.14412
-5.14484
-5.14608
-5.14644
-5.14636
-5.14568
-5.14276
-5.13515
-5.12025
-5.10008
-5.07465
-5.04305
-5.01237
-4.98089
-4.95319
-4.92855
-4.90824
-4.89499
-4.89203
-4.90056
-4.92165
-4.94924
-4.97947
-5.00504
-5.02586
-5.03737
-5.04232
-5.03998
-5.03326
-5.02337
-5.01303
-5.00215
-4.99232
-4.98382
-4.97654
-4.9717
-4.96795
-4.96635
-4.96393
-4.96149
-4.96074
-4.96306
-4.97329
-4.99205
-5.01848
-5.04692
-5.07387
-5.09508
-5.10878
-5.11226
-5.10598
-5.09155
-5.07463
-5.05837
-5.04414
-5.03597
-5.03187
-5.03106
-5.03151
-5.02767
-5.02128
-5.01141
-4.99825
-4.98847
-4.98704
-4.99585
-5.01261
-5.03063
-5.04761
-5.0655
-5.08275
-5.10024
-5.11473
-5.12344
-5.12634
-5.12192
-5.11242
-5.09791
-5.08453
-5.0713
-5.06006
-5.05165
-5.04808
-5.04587
-5.04485
-5.04606
-5.04921
-5.05249
-5.05659
-5.06407
-5.07631
-5.09212
-5.10996
-5.12516
-5.13511
-5.13695
-5.13136
-5.11948
-5.10386
-5.08704
-5.07252
-5.06212
-5.06027
-5.0661
-5.07993
-5.09804
-5.11683
-5.13257
-5.14242
-5.14386
-5.13564
-5.11987
-5.09706
-5.07137
-5.0434
-5.01534
-4.98873
-4.96564
-4.94862
-4.94127
-4.94639
-4.96231
-4.98753
-5.01779
-5.04746
-5.07164
-5.08749
-5.09172
-5.08221
-5.064
-5.03526
-4.9986
-4.95997
-4.92255
-4.891
-4.86797
-4.85671
-4.85321
-4.85818
-4.86458
-4.87147
-4.88107
-4.8966
-4.92282
-4.95644
-4.99
-5.01806
-5.03679
-5.04755
-5.04977
-5.04455
-5.03705
-5.02872
-5.0211
-5.01449
-5.00924
-5.0035
-4.99826
-4.99284
-4.99105
-4.99255
-4.99845
-5.00853
-5.01929
-5.0292
-5.03872
-5.04369
-5.04878
-5.04994
-5.04991
-5.04784
-5.04339
-5.03966
-5.03825
-5.04011
-5.04507
-5.05322
-5.06195
-5.07052
-5.07681
-5.08119
-5.0849
-5.08651
-5.08469
-5.07977
-5.07238
-5.06265
-5.05179
-5.03985
-5.02531
-5.00836
-4.9889
-4.9671
-4.94761
-4.93374
-4.93112
-4.94167
-4.96437
-4.99615
-5.02944
-5.06167
-5.08741
-5.10687
-5.12062
-5.12841
-5.1321
-5.13267
-5.13121
-5.12735
-5.11968
-5.10691
-5.08848
-5.06311
-5.03198
-4.9979
-4.96491
-4.93526
-4.91052
-4.89143
-4.87771
-4.87015
-4.87252
-4.8834
-4.90353
-4.92836
-4.95421
-4.97994
-5.00083
-5.01423
-5.01836
-5.01472
-5.00588
-4.99456
-4.98813
-4.98757
-4.99111
-4.99637
-4.99923
-4.99831
-4.99326
-4.98415
-4.9748
-4.96735
-4.96423
-4.96301
-4.96688
-4.97125
-4.97918
-4.98712
-4.9973
-5.01013
-5.02427
-5.03893
-5.05361
-5.06793
-5.07996
-5.08799
-5.09336
-5.09514
-5.0955
-5.09456
-5.09128
-5.08713
-5.08023
-5.06977
-5.05512
-5.03717
-5.01362
-4.98762
-4.96112
-4.93992
-4.92609
-4.91977
-4.91742
-4.92016
-4.92543
-4.93386
-4.94193
-4.94722
-4.9487
-4.94401
-4.93468
-4.92393
-4.91706
-4.92123
-4.93447
-4.95632
-4.98309
-5.01189
-5.03795
-5.05864
-5.07135
-5.07837
-5.07836
-5.0729
-5.06019
-5.0456
-5.03065
-5.01765
-5.00552
-4.99548
-4.98797
-4.97998
-4.97157
-4.96361
-4.95868
-4.95795
-4.96288
-4.96815
-4.97167
-4.97367
-4.97175
-4.96952
-4.96862
-4.97058
-4.97603
-4.98503
-4.99625
-5.0081
-5.01909
-5.02821
-5.03437
-5.03512
-5.03191
-5.02593
-5.01956
-5.01344
-5.01274
-5.0161
-5.02127
-5.02605
-5.02797
-5.02282
-5.01093
-4.9903
-4.96536
-4.94068
-4.919
-4.91058
-4.91648
-4.93707
-4.96811
-4.99944
-5.02685
-5.0447
-5.05346
-5.05248
-5.045
-5.03397
-5.02122
-5.01059
-5.00252
-4.99922
-5.0012
-5.008
-5.0174
-5.02836
-5.04054
-5.0513
-5.06247
-5.07353
-5.0862
-5.09956
-5.11044
-5.11876
-5.12128
-5.11942
-5.11289
-5.10485
-5.09909
-5.09583
-5.099
-5.10753
-5.12027
-5.13277
-5.14316
-5.15019
-5.15253
-5.15206
-5.14788
-5.1441
-5.14076
-5.13871
-5.13889
-5.13926
-5.13953
-5.13669
-5.13318
-5.12747
-5.11854
-5.1049
-5.08809
-5.07078
-5.05464
-5.03915
-5.0277
-5.01941
-5.01055
-5.00234
-4.99339
-4.98211
-4.97348
-4.9704
-4.97477
-4.98553
-5.00173
-5.01779
-5.03096
-5.03656
-5.03632
-5.02961
-5.01813
-5.00827
-5.00239
-5.00302
-5.01129
-5.02525
-5.04286
-5.06106
-5.07932
-5.09566
-5.10888
-5.12083
-5.13014
-5.13764
-5.14291
-5.14475
-5.14078
-5.13146
-5.11511
-5.09465
-5.071
-5.04749
-5.02633
-5.00859
-4.99644
-4.99139
-4.9979
-5.01266
-5.03362
-5.05733
-5.07677
-5.08874
-5.09295
-5.09068
-5.08337
-5.07243
-5.06013
-5.04392
-5.02947
-5.01727
-5.00695
-5.00051
-4.99676
-4.99564
-4.99619
-4.99697
-4.99603
-4.99124
-4.98172
-4.96952
-4.95634
-4.9483
-4.94856
-4.96149
-4.98364
-5.0127
-5.04304
-5.07125
-5.09617
-5.11755
-5.13447
-5.14573
-5.15449
-5.15945
-5.15896
-5.15368
-5.14534
-5.13314
-5.1225
-5.11188
-5.10384
-5.09996
-5.10056
-5.10193
-5.10602
-5.10796
-5.1076
-5.10492
-5.10073
-5.09516
-5.09034
-5.08791
-5.08783
-5.09063
-5.09419
-5.10105
-5.10595
-5.11012
-5.10982
-5.10496
-5.09459
-5.08394
-5.07413
-5.0664
-5.06112
-5.06015
-5.06014
-5.05894
-5.05611
-5.04768
-5.03435
-5.02041
-5.0082
-5.00303
-5.00337
-5.00991
-5.0166
-5.01854
-5.01476
-5.00224
-4.97894
-4.94703
-4.90879
-4.86804
-4.83016
-4.8021
-4.78984
-4.79497
-4.81413
-4.84406
-4.8769
-4.90662
-4.93033
-4.94734
-4.95927
-4.96871
-4.97701
-4.98629
-4.99707
-5.00761
-5.01843
-5.02399
-5.01977
-5.00605
-4.98137
-4.9488
-4.91655
-4.88739
-4.86917
-4.86427
-4.87046
-4.88662
-4.90871
-4.93549
-4.96543
-4.99354
-5.01962
-5.04088
-5.0551
-5.06303
-5.06369
-5.05959
-5.05388
-5.04843
-5.04365
-5.03831
-5.03309
-5.02396
-5.01277
-5.00081
-4.98763
-4.97332
-4.95902
-4.94676
-4.93956
-4.938
-4.94011
-4.94557
-4.95301
-4.96017
-4.96632
-4.96912
-4.96839
-4.96627
-4.96282
-4.96033
-4.95773
-4.95407
-4.94847
-4.93882
-4.92659
-4.91294
-4.89961
-4.89206
-4.89226
-4.90086
-4.91891
-4.94171
-4.96682
-4.98974
-5.00826
-5.02073
-5.02785
-5.03075
-5.03084
-5.02898
-5.02547
-5.02241
-5.02069
-5.01902
-5.01864
-5.01801
-5.01497
-5.0083
-4.99622
-4.98019
-4.95979
-4.94078
-4.92829
-4.92557
-4.93108
-4.94292
-4.9576
-4.97326
-4.98801
-4.99911
-5.00605
-5.00838
-5.00687
-5.00026
-4.99384
-4.98642
-4.97742
-4.96848
-4.95606
-4.93887
-4.91797
-4.89801
-4.88274
-4.8748
-4.87364
-4.87795
-4.88364
-4.88946
-4.89793
-4.91175
-4.93275
-4.96082
-4.99203
-5.02462
-5.05521
-5.0793
-5.09927
-5.11187
-5.11858
-5.11961
-5.11629
-5.10976
-5.09925
-5.08569
-5.06912
-5.05079
-5.03026
-5.00737
-4.98479
-4.96396
-4.94761
-4.93841
-4.94106
-4.95684
-4.98336
-5.01737
-5.04999
-5.07794
-5.09569
-5.10072
-5.09756
-5.08495
-5.07024
-5.05206
-5.03399
-5.01889
-5.0079
-5.00207
-5.00321
-5.00957
-5.01903
-5.02927
-5.03944
-5.04747
-5.05273
-5.05195
-5.04485
-5.02747
-5.00156
-4.97053
-4.93534
-4.90016
-4.8696
-4.84776
-4.83774
-4.84093
-4.8545
-4.87544
-4.89827
-4.91851
-4.93567
-4.9492
-4.95898
-4.96575
-4.96981
-4.97264
-4.97495
-4.97741
-4.98037
-4.98336
-4.98646
-4.99053
-4.99382
-4.99587
-4.99908
-5.00626
-5.01913
-5.03794
-5.0582
-5.07615
-5.08803
-5.09102
-5.08145
-5.06026
-5.03033
-4.99561
-4.9636
-4.94038
-4.92634
-4.92295
-4.92671
-4.93689
-4.95002
-4.96303
-4.97674
-4.98734
-4.99717
-5.00687
-5.01778
-5.03102
-5.04671
-5.0623
-5.07903
-5.09294
-5.10272
-5.10539
-5.10305
-5.09571
-5.08284
-5.06685
-5.04688
-5.02731
-5.00782
-4.99449
-4.98675
-4.9883
-4.99944
-5.01863
-5.04106
-5.06419
-5.08059
-5.08881
-5.08655
-5.07295
-5.05096
-5.02224
-4.99474
-4.97286
-4.95985
-4.95887
-4.96667
-4.98063
-4.99837
-5.01266
-5.02521
-5.03268
-5.03754
-5.04184
-5.04572
-5.0487
-5.05061
-5.04918
-5.04261
-5.03237
-5.0181
-5.00449
-4.99178
-4.98394
-4.98128
-4.98247
-4.98768
-4.99881
-5.01443
-5.03386
-5.05722
-5.08133
-5.10352
-5.11965
-5.12849
-5.12571
-5.11418
-5.09498
-5.07106
-5.04616
-5.02121
-4.99826
-4.97906
-4.96132
-4.94622
-4.93277
-4.92208
-4.91609
-4.9183
-4.93047
-4.95219
-4.98151
-5.01314
-5.04581
-5.07842
-5.10841
-5.13409
-5.15097
-5.15845
-5.15667
-5.14592
-5.12748
-5.10399
-5.07714
-5.04628
-5.01371
-4.97875
-4.94777
-4.91584
-4.88557
-4.85799
-4.83733
-4.82803
-4.83349
-4.85393
-4.88874
-4.93247
-4.97815
-5.02245
-5.06033
-5.08783
-5.10369
-5.1104
-5.10707
-5.09376
-5.07623
-5.0591
-5.04661
-5.03874
-5.03706
-5.04285
-5.05102
-5.05792
-5.06394
-5.06596
-5.06701
-5.06609
-5.06485
-5.06491
-5.06584
-5.0643
-5.05953
-5.05084
-5.03826
-5.02604
-5.01585
-5.00958
-5.00821
-5.01329
-5.02304
-5.03582
-5.05289
-5.07293
-5.09484
-5.11609
-5.13255
-5.14312
-5.14455
-5.13635
-5.12011
-5.09916
-5.07759
-5.05886
-5.04895
-5.0476
-5.05105
-5.05655
-5.06341
-5.0678
-5.06941
-5.06815
-5.06833
-5.07247
-5.08026
-5.08704
-5.09063
-5.08696
-5.07888
-5.06426
-5.04928
-5.03504
-5.02528
-5.0202
-5.01984
-5.02257
-5.02594
-5.02896
-5.02895
-5.02477
-5.0151
-4.99937
-4.97697
-4.95261
-4.93028
-4.91214
-4.90038
-4.89621
-4.89765
-4.90479
-4.91555
-4.9282
-4.94329
-4.95885
-4.97544
-4.98964
-5.00087
-5.00841
-5.01142
-5.01062
-5.00809
-5.00484
-5.00179
-5.00013
-4.99769
-4.99374
-4.98933
-4.98708
-4.98906
-4.99698
-5.01069
-5.02793
-5.04761
-5.06792
-5.08554
-5.10079
-5.1136
-5.12097
-5.1237
-5.12174
-5.11458
-5.10265
-5.08794
-5.07155
-5.05647
-5.04518
-5.04092
-5.04155
-5.04839
-5.05786
-5.06797
-5.07715
-5.08626
-5.09265
-5.09825
-5.10261
-5.10852
-5.11427
-5.1178
-5.11946
-5.11704
-5.10865
-5.09509
-5.08138
-5.06862
-5.05866
-5.05349
-5.05412
-5.05732
-5.06338
-5.07221
-5.08191
-5.08894
-5.09175
-5.08636
-5.07242
-5.05197
-5.0283
-5.00299
-4.97938
-4.95773
-4.94081
-4.92821
-4.92307
-4.92237
-4.92558
-4.9286
-4.92994
-4.92912
-4.92815
-4.92962
-4.93252
-4.94077
-4.95635
-4.97693
-5.00164
-5.02618
-5.05015
-5.06924
-5.08484
-5.09573
-5.10463
-5.11025
-5.11282
-5.11363
-5.113
-5.11111
-5.1059
-5.09934
-5.09414
-5.09212
-5.09403
-5.09958
-5.10245
-5.10091
-5.09236
-5.07804
-5.05888
-5.03616
-5.00923
-4.98189
-4.95954
-4.94503
-4.94054
-4.94546
-4.95774
-4.97491
-4.99166
-5.00643
-5.01704
-5.024
-5.02806
-5.02801
-5.02596
-5.01816
-5.00844
-4.99486
-4.97896
-4.95811
-4.93016
-4.89715
-4.86536
-4.8435
-4.83812
-4.84804
-4.86785
-4.88791
-4.90238
-4.90961
-4.91196
-4.91148
-4.91226
-4.91446
-4.91885
-4.92565
-4.93674
-4.95172
-4.97069
-4.99144
-5.01438
-5.03519
-5.05717
-5.07506
-5.08821
-5.09754
-5.10318
-5.10695
-5.10833
-5.10798
-5.10516
-5.10015
-5.0908
-5.07881
-5.06249
-5.0426
-5.0186
-4.99376
-4.96832
-4.9447
-4.92459
-4.90978
-4.90241
-4.90329
-4.91164
-4.92821
-4.94735
-4.96553
-4.98046
-4.99234
-5.00083
-5.00983
-5.02125
-5.03318
-5.04421
-5.05053
-5.04956
-5.04255
-5.03094
-5.01692
-5.00142
-4.98589
-4.97081
