-3.36061
-3.35981
-3.3596
-3.35941
-3.35829
-3.35746
-3.35766
-3.35692
-3.35668
-3.35696
-3.35653
-3.357
-3.35831
-3.35899
-3.36115
-3.36094
-3.36122
-3.36028
-3.35936
-3.35845
-3.35832
-3.35765
-3.35658
-3.35575
-3.35525
-3.35496
-3.35454
-3.35465
-3.35408
-3.35448
-3.35471
-3.35392
-3.3548
-3.35406
-3.35331
-3.35344
-3.35331
-3.35563
-3.35785
-3.35889
-3.36019
-3.35985
-3.36093
-3.359
-3.3577
-3.35798
-3.35708
-3.35692
-3.35634
-3.35726
-3.35791
-3.35784
-3.35917
-3.35868
-3.35942
-3.35955
-3.36016
-3.35974
-3.36091
-3.36093
-3.3611
-3.36097
-3.35987
-3.35977
-3.35935
-3.3588
-3.35835
-3.35816
-3.35834
-3.35825
-3.35798
-3.35706
-3.35613
-3.35653
-3.35647
-3.35376
-3.35352
-3.35337
-3.35327
-3.35449
-3.35585
-3.35617
-3.35602
-3.35631
-3.35613
-3.35531
-3.35612
-3.35644
-3.35676
-3.3574
-3.35678
-3.35683
-3.35603
-3.35616
-3.35617
-3.35611
-3.35583
-3.35597
-3.35596
-3.35624
-3.35591
-3.3554
-3.35487
-3.35537
-3.35512
-3.35565
-3.35442
-3.35453
-3.35303
-3.3523
-3.35107
-3.35075
-3.35121
-3.35166
-3.35282
-3.35443
-3.35472
-3.35583
-3.35541
-3.35597
-3.35628
-3.35756
-3.35797
-3.35739
-3.35695
-3.35616
-3.3553
-3.35353
-3.3534
-3.35349
-3.35296
-3.35209
-3.35179
-3.35102
-3.35042
-3.35109
-3.35109
-3.3502
-3.3507
-3.35154
-3.35235
-3.35366
-3.35455
-3.35578
-3.35722
-3.35854
-3.3589
-3.35999
-3.35971
-3.36075
-3.36017
-3.35934
-3.35991
-3.36067
-3.36017
-3.35926
-3.35852
-3.35716
-3.3555
-3.3555
-3.35447
-3.35599
-3.35693
-3.35728
-3.35735
-3.35771
-3.35651
-3.35608
-3.35587
-3.35532
-3.35663
-3.35815
-3.35766
-3.35776
-3.35814
-3.3583
-3.35907
-3.35871
-3.35869
-3.35768
-3.35859
-3.3586
-3.35845
-3.3587
-3.35796
-3.35792
-3.35585
-3.35638
-3.35681
-3.35722
-3.35647
-3.35581
-3.35652
-3.35716
-3.35719
-3.35648
-3.35545
-3.35507
-3.35529
-3.35538
-3.35633
-3.35656
-3.35895
-3.36027
-3.35955
-3.3597
-3.35794
-3.35624
-3.35537
-3.3553
-3.35552
-3.35542
-3.35535
-3.35504
-3.35541
-3.35473
-3.35469
-3.35404
-3.35336
-3.35339
-3.35495
-3.35469
-3.35625
-3.35787
-3.35919
-3.36005
-3.35986
-3.35919
-3.35822
-3.35775
-3.35919
-3.35794
-3.35773
-3.35834
-3.35876
-3.3584
-3.35749
-3.3576
-3.35737
-3.35688
-3.35751
-3.3577
-3.35714
-3.35595
-3.35505
-3.35446
-3.35347
-3.35363
-3.35541
-3.35653
-3.35817
-3.35973
-3.36042
-3.36099
-3.36085
-3.35994
-3.35973
-3.35902
-3.35922
-3.35861
-3.35809
-3.35854
-3.35758
-3.35592
-3.35496
-3.35519
-3.3555
-3.35624
-3.35807
-3.35818
-3.3592
-3.35963
-3.3587
-3.35924
-3.35812
-3.35702
-3.35667
-3.35762
-3.35743
-3.3564
-3.35494
-3.35501
-3.35454
-3.35459
-3.3544
-3.3538
-3.35274
-3.35249
-3.35232
-3.35262
-3.35307
-3.35378
-3.35317
-3.35151
-3.35092
-3.35111
-3.35181
-3.35309
-3.35216
-3.35213
-3.35355
-3.35455
-3.35548
-3.35531
-3.35575
-3.35492
-3.35603
-3.35469
-3.35408
-3.35385
-3.35284
-3.35288
-3.35224
-3.35276
-3.3534
-3.35481
-3.35609
-3.35681
-3.35685
-3.35741
-3.35842
-3.35871
-3.35977
-3.35911
-3.3578
-3.35701
-3.35724
-3.35607
-3.35634
-3.35715
-3.35709
-3.35625
-3.35716
-3.35727
-3.35813
-3.35841
-3.36003
-3.36044
-3.36085
-3.36084
-3.36075
-3.35923
-3.35897
-3.35809
-3.35636
-3.35627
-3.3555
-3.35537
-3.35625
-3.35686
-3.35773
-3.35816
-3.35806
-3.35812
-3.35766
-3.35811
-3.3576
-3.35593
-3.35494
-3.35488
-3.35515
-3.35537
-3.35649
-3.35626
-3.35574
-3.35424
-3.35335
-3.35181
-3.35206
-3.35253
-3.35211
-3.35334
-3.35607
-3.35743
-3.35742
-3.35688
-3.35725
-3.35671
-3.35665
-3.35619
-3.35643
-3.35577
-3.3564
-3.35669
-3.35653
-3.35648
-3.35437
-3.35432
-3.35358
-3.35359
-3.35358
-3.35458
-3.35567
-3.35679
-3.35799
-3.35936
-3.36048
-3.36066
-3.36026
-3.36152
-3.36085
-3.36077
-3.36068
-3.3611
-3.36134
-3.36117
-3.36112
-3.36132
-3.36049
-3.36156
-3.36147
-3.36136
-3.36155
-3.36183
-3.36082
-3.36141
-3.36205
-3.36217
-3.36218
-3.36178
-3.36075
-3.36069
-3.3608
-3.3601
-3.35875
-3.35793
-3.35774
-3.35742
-3.35707
-3.35667
-3.35515
-3.3543
-3.35345
-3.35264
-3.35243
-3.35275
-3.35425
-3.35556
-3.35554
-3.35647
-3.35882
-3.35968
-3.35919
-3.35997
-3.35936
-3.3598
-3.36047
-3.36097
-3.36032
-3.35975
-3.35842
-3.35851
-3.35704
-3.35648
-3.35616
-3.35512
-3.35637
-3.35692
-3.35683
-3.35829
-3.35831
-3.35832
-3.35875
-3.35775
-3.35728
-3.35761
-3.35746
-3.358
-3.35767
-3.35787
-3.35689
-3.35734
-3.35733
-3.35707
-3.35748
-3.35658
-3.35647
-3.3567
-3.357
-3.35651
-3.3562
-3.35555
-3.35465
-3.35374
-3.35348
-3.35333
-3.35291
-3.35292
-3.3531
-3.35287
-3.35279
-3.35311
-3.35247
-3.35341
-3.35334
-3.35288
-3.35193
-3.35181
-3.3521
-3.35295
-3.35333
-3.35489
-3.35522
-3.3542
-3.35355
-3.35327
-3.35395
-3.35403
-3.35463
-3.35632
-3.35561
-3.35526
-3.35469
-3.35449
-3.35486
-3.3546
-3.3542
-3.35379
-3.35384
-3.3543
-3.3539
-3.35342
-3.35477
-3.35624
-3.35709
-3.35827
-3.35861
-3.35828
-3.35674
-3.35698
-3.35654
-3.35666
-3.35579
-3.35568
-3.35538
-3.35566
-3.3561
-3.35631
-3.35728
-3.35697
-3.35674
-3.35559
-3.35533
-3.35496
-3.35337
-3.35297
-3.35418
-3.35555
-3.35579
-3.3546
-3.35314
-3.35272
-3.35174
-3.35117
-3.35209
-3.35202
-3.35265
-3.35148
-3.35171
-3.35178
-3.35137
-3.35142
-3.35156
-3.35169
-3.35158
-3.35273
-3.35305
-3.35347
-3.353
-3.35199
-3.35288
-3.35253
-3.35257
-3.35294
-3.3533
-3.35379
-3.35396
-3.35383
-3.35439
-3.35452
-3.35449
-3.35352
-3.35357
-3.35403
-3.3551
-3.35398
-3.35329
-3.35289
-3.35088
-3.34973
-3.34872
-3.34853
-3.3488
-3.3488
-3.35028
-3.35052
-3.35148
-3.35189
-3.35344
-3.35397
-3.35454
-3.35504
-3.3553
-3.35506
-3.35477
-3.35447
-3.35398
-3.35462
-3.35369
-3.35424
-3.35505
-3.35669
-3.35697
-3.35751
-3.35708
-3.357
-3.35729
-3.3581
-3.35799
-3.35761
-3.3576
-3.35857
-3.36018
-3.36058
-3.36108
-3.36121
-3.35991
-3.35972
-3.35913
-3.35848
-3.35734
-3.35849
-3.35757
-3.35734
-3.35798
-3.35796
-3.35785
-3.35851
-3.35821
-3.35864
-3.35789
-3.35892
-3.35891
-3.35831
-3.35842
-3.35865
-3.35875
-3.35847
-3.35671
-3.35666
-3.35523
-3.35484
-3.35519
-3.35561
-3.35597
-3.35557
-3.35566
-3.35423
-3.35564
-3.35643
-3.35662
-3.357
-3.35817
-3.35846
-3.35918
-3.35922
-3.36011
-3.35919
-3.35894
-3.35905
-3.35984
-3.36056
-3.3603
-3.3603
-3.35858
-3.35749
-3.35739
-3.35616
-3.35573
-3.35658
-3.35691
-3.35658
-3.35588
-3.35571
-3.35655
-3.35631
-3.35666
-3.35745
-3.3566
-3.35636
-3.35688
-3.35813
-3.35891
-3.35885
-3.35725
-3.35888
-3.3589
-3.35975
-3.35943
-3.35984
-3.359
-3.35897
-3.35817
-3.35771
-3.35783
-3.35785
-3.3581
-3.35869
-3.35956
-3.35977
-3.36027
-3.35943
-3.35832
-3.35768
-3.3574
-3.35706
-3.35775
-3.35902
-3.35872
-3.35931
-3.35812
-3.35753
-3.35618
-3.35504
-3.35428
-3.35445
-3.35459
-3.35466
-3.35585
-3.35716
-3.35746
-3.35809
-3.35823
-3.35789
-3.35854
-3.35784
-3.35743
-3.3577
-3.35932
-3.35841
-3.35745
-3.35684
-3.35633
-3.35564
-3.35509
-3.35585
-3.35653
-3.35706
-3.35814
-3.35845
-3.35873
-3.35911
-3.35889
-3.35824
-3.35843
-3.35824
-3.35646
-3.35633
-3.35481
-3.35372
-3.35571
-3.35576
-3.35746
-3.35784
-3.35808
-3.35839
-3.35792
-3.35729
-3.35636
-3.35678
-3.35622
-3.35723
-3.35792
-3.35713
-3.35913
-3.35828
-3.35835
-3.35905
-3.35892
-3.35865
-3.35903
-3.35999
-3.36051
-3.3606
-3.36049
-3.36047
-3.36106
-3.36075
-3.35974
-3.35875
-3.35887
-3.35904
-3.35896
-3.35875
-3.35776
-3.35761
-3.35746
-3.35743
-3.3574
-3.35743
-3.35685
-3.35599
-3.35486
-3.35471
-3.35351
-3.35348
-3.35369
-3.35435
-3.35544
-3.35601
-3.3575
-3.3585
-3.35867
-3.35789
-3.3581
-3.35537
-3.35417
-3.35342
-3.35233
-3.35171
-3.35224
-3.3529
-3.35332
-3.35396
-3.35627
-3.35753
-3.35796
-3.35931
-3.35892
-3.35877
-3.35766
-3.35764
-3.35701
-3.35737
-3.35698
-3.35588
-3.35416
-3.35424
-3.35356
-3.35417
-3.35422
-3.35378
-3.35437
-3.35684
-3.35816
-3.35929
-3.3603
-3.36133
-3.36291
-3.36252
-3.36304
-3.36127
-3.36038
-3.35869
-3.35757
-3.35667
-3.35699
-3.35705
-3.35709
-3.35787
-3.35741
-3.35811
-3.35839
-3.35734
-3.35596
-3.35505
-3.35508
-3.35504
-3.35629
-3.35763
-3.35848
-3.35947
-3.35994
-3.35981
-3.35909
-3.35836
-3.35808
-3.35727
-3.35801
-3.35668
-3.35599
-3.35491
-3.35326
-3.35384
-3.35479
-3.3569
-3.35711
-3.35834
-3.36
-3.36055
-3.36082
-3.36251
-3.36211
-3.36175
-3.36211
-3.36245
-3.36202
-3.36036
-3.35991
-3.35969
-3.36045
-3.35913
-3.35931
-3.35888
-3.35808
-3.3583
-3.35824
-3.35871
-3.35899
-3.35717
-3.35628
-3.35647
-3.35585
-3.35537
-3.35594
-3.35678
-3.35988
-3.3629
-3.36324
-3.36264
-3.36263
-3.36189
-3.36117
-3.36019
-3.35968
-3.36029
-3.35979
-3.36001
-3.36047
-3.36033
-3.35993
-3.36039
-3.36106
-3.36044
-3.36027
-3.36033
-3.3608
-3.36025
-3.36086
-3.36089
-3.36184
-3.36134
-3.36007
-3.35867
-3.3585
-3.35877
-3.35745
-3.35737
-3.35672
-3.35582
-3.35501
-3.35421
-3.35316
-3.35315
-3.35349
-3.3542
-3.35494
-3.35533
-3.35527
-3.35473
-3.35626
-3.35685
-3.35771
-3.35793
-3.35826
-3.35744
-3.35811
-3.35743
-3.35686
-3.35605
-3.35553
-3.35606
-3.35583
-3.35533
-3.35608
-3.35673
-3.35664
-3.35725
-3.35839
-3.35898
-3.35943
-3.35897
-3.35812
-3.35726
-3.35838
-3.3579
-3.35881
-3.3592
-3.35849
-3.35879
-3.35786
-3.35836
-3.3588
-3.35869
-3.35887
-3.35903
-3.35847
-3.35824
-3.35833
-3.35801
-3.35794
-3.35807
-3.35913
-3.35951
-3.35897
-3.35911
-3.35843
-3.35751
-3.35654
-3.35603
-3.35511
-3.35604
-3.35637
-3.35693
-3.35772
-3.35899
-3.36052
-3.36242
-3.362
-3.36289
-3.36157
-3.36017
-3.35832
-3.35715
-3.35602
-3.35619
-3.35673
-3.3585
-3.35977
-3.35997
-3.36103
-3.36142
-3.36189
-3.36277
-3.3627
-3.36119
-3.35909
-3.35864
-3.35761
-3.35657
-3.35548
-3.35661
-3.35723
-3.35708
-3.35701
-3.35721
-3.35774
-3.35815
-3.35821
-3.35864
-3.35888
-3.35832
-3.35726
-3.35718
-3.35687
-3.35626
-3.3548
-3.35397
-3.35286
-3.35356
-3.35552
-3.35688
-3.35818
-3.35956
-3.3606
-3.36132
-3.36139
-3.36118
-3.36005
-3.35772
-3.35631
-3.35473
-3.35368
-3.35341
-3.35304
-3.35389
-3.35486
-3.35479
-3.35359
-3.3528
-3.35277
-3.35305
-3.35239
-3.35507
-3.35721
-3.35792
-3.35846
-3.35775
-3.35655
-3.35638
-3.35617
-3.35502
-3.35433
-3.35478
-3.35504
-3.35558
-3.35645
-3.35628
-3.35769
-3.35835
-3.35752
-3.35657
-3.3561
-3.35532
-3.35486
-3.35445
-3.3539
-3.35356
-3.35363
-3.35398
-3.35514
-3.35547
-3.35667
-3.35716
-3.35857
-3.35971
-3.35982
-3.36102
-3.36054
-3.36054
-3.3602
-3.36057
-3.36034
-3.35988
-3.35977
-3.35986
-3.35922
-3.35738
-3.35612
-3.35595
-3.3562
-3.35671
-3.3573
-3.35759
-3.35663
-3.35665
-3.35688
-3.35625
-3.35651
-3.35681
-3.35606
-3.3558
-3.35605
-3.35631
-3.35619
-3.35609
-3.35594
-3.35638
-3.3559
-3.35548
-3.35521
-3.3559
-3.35584
-3.35548
-3.35446
-3.35599
-3.35843
-3.36016
-3.36062
-3.35911
-3.3557
-3.3545
-3.35353
-3.35289
-3.35146
-3.35015
-3.35129
-3.35177
-3.35316
-3.35569
-3.35806
-3.35954
-3.36018
-3.35985
-3.35969
-3.35941
-3.35757
-3.35618
-3.35628
-3.35585
-3.35538
-3.355
-3.35588
-3.35688
-3.35816
-3.36009
-3.36029
-3.35996
-3.35951
-3.35948
-3.35842
-3.35737
-3.35828
-3.35816
-3.35808
-3.35871
-3.35946
-3.35859
-3.35776
-3.35684
-3.35693
-3.35751
-3.35828
-3.35826
-3.35971
-3.36065
-3.35977
-3.36034
-3.36023
-3.36091
-3.3606
-3.36009
-3.35972
-3.35943
-3.35752
-3.35865
-3.35924
-3.3594
-3.35957
-3.35965
-3.36048
-3.36052
-3.36023
-3.35899
-3.35819
-3.35628
-3.35548
-3.35506
-3.35522
-3.35488
-3.35521
-3.35533
-3.35577
-3.35584
-3.35681
-3.35699
-3.35646
-3.3556
-3.3561
-3.35545
-3.35493
-3.35545
-3.3565
-3.35673
-3.35676
-3.3569
-3.35782
-3.35816
-3.35811
-3.35836
-3.35703
-3.35646
-3.35582
-3.35562
-3.35499
-3.35536
-3.35556
-3.35562
-3.35606
-3.35693
-3.35808
-3.35839
-3.35648
-3.35615
-3.35476
-3.35481
-3.35314
-3.35163
-3.35164
-3.35179
-3.35209
-3.3523
-3.35246
-3.35387
-3.35567
-3.35641
-3.35619
-3.35595
-3.35477
-3.35405
-3.35363
-3.35309
-3.3526
-3.35301
-3.35293
-3.35267
-3.35241
-3.35247
-3.3526
-3.35343
-3.3539
-3.3544
-3.35359
-3.35412
-3.35413
-3.35444
-3.35363
-3.35356
-3.35393
-3.35515
-3.35498
-3.35451
-3.35398
-3.35407
-3.35432
-3.35412
-3.35515
-3.35607
-3.35719
-3.35838
-3.35876
-3.35915
-3.35917
-3.35912
-3.35978
-3.36006
-3.35994
-3.36026
-3.36057
-3.36156
-3.36134
-3.35954
-3.35884
-3.35761
-3.35742
-3.35794
-3.35763
-3.35862
-3.35831
-3.36027
-3.36124
-3.3613
-3.3614
-3.3627
-3.36237
-3.36249
-3.36233
-3.36146
-3.36049
-3.35996
-3.35852
-3.35787
-3.35702
-3.35637
-3.35582
-3.35571
-3.35518
-3.35321
-3.3535
-3.35393
-3.35384
-3.35441
-3.35558
-3.35507
-3.35555
-3.35581
-3.35503
-3.35445
-3.35653
-3.35723
-3.35731
-3.35742
-3.35765
-3.35743
-3.35719
-3.35718
-3.35602
-3.35536
-3.35408
-3.35439
-3.35485
-3.35633
-3.3573
-3.35784
-3.35826
-3.35865
-3.35855
-3.35879
-3.35946
-3.36066
-3.36135
-3.36081
-3.36155
-3.36121
-3.3615
-3.36196
-3.36162
-3.36204
-3.36169
-3.3603
-3.35982
-3.35961
-3.3599
-3.35805
-3.35615
-3.35619
-3.35642
-3.35711
-3.35787
-3.35853
-3.35975
-3.35991
-3.36088
-3.35985
-3.35988
-3.36049
-3.36039
-3.36173
-3.36098
-3.36121
-3.36171
-3.36141
-3.36378
-3.36399
-3.36424
-3.36403
-3.36359
-3.36319
-3.36266
-3.36164
-3.36202
-3.36205
-3.36314
-3.36342
-3.36313
-3.36301
-3.36291
-3.36276
-3.36216
-3.36284
-3.36341
-3.3635
-3.36349
-3.36288
-3.36235
-3.36208
-3.36162
-3.36163
-3.36178
-3.36051
-3.35897
-3.35847
-3.35944
-3.35797
-3.35867
-3.35917
-3.35896
-3.35907
-3.35877
-3.35838
-3.35778
-3.35837
-3.35867
-3.35748
-3.35653
-3.3571
-3.3578
-3.35618
-3.35493
-3.35473
-3.35413
-3.35359
-3.35428
-3.35443
-3.35501
-3.35624
-3.35695
-3.35781
-3.35735
-3.35736
-3.35772
-3.35769
-3.35752
-3.35855
-3.359
-3.35696
-3.35705
-3.35522
-3.35601
-3.35577
-3.35523
-3.3556
-3.35493
-3.35339
-3.35432
-3.35448
-3.35403
-3.35484
-3.35389
-3.35475
-3.35522
-3.35605
-3.35692
-3.35789
-3.35736
-3.35857
-3.35799
-3.35714
-3.3571
-3.35806
-3.35919
-3.3596
-3.35931
-3.35965
-3.35887
-3.35923
-3.35833
-3.35751
-3.35729
-3.35712
-3.35611
-3.35608
-3.35519
-3.35598
-3.35605
-3.35601
-3.35601
-3.35657
-3.35629
-3.35664
-3.35726
-3.35811
-3.35775
-3.35772
-3.35903
-3.35887
-3.36154
-3.36083
-3.3594
-3.35882
-3.35911
-3.36004
-3.36057
-3.36124
-3.3627
-3.36371
-3.36276
-3.36115
-3.36046
-3.3593
-3.35892
-3.3602
-3.36111
-3.361
-3.36174
-3.36059
-3.36021
-3.35917
-3.35772
-3.35813
-3.35827
-3.3575
-3.35796
-3.35896
-3.35984
-3.35993
-3.36029
-3.36025
-3.36049
-3.35936
-3.35815
-3.35601
-3.35683
-3.35634
-3.35709
-3.358
-3.35789
-3.35791
-3.35805
-3.35832
-3.35934
-3.35905
-3.35757
-3.35775
-3.35833
-3.35887
-3.35776
-3.35847
-3.35996
-3.36114
-3.3623
-3.36013
-3.36051
-3.3604
-3.35936
-3.35817
-3.35782
-3.3584
-3.35799
-3.35849
-3.35887
-3.35929
-3.35835
-3.35843
-3.35858
-3.35921
-3.35861
-3.35812
-3.35773
-3.3587
-3.35775
-3.35776
-3.35873
-3.3593
-3.3598
-3.36056
-3.3617
-3.36156
-3.36215
-3.36225
-3.36207
-3.36085
-3.35909
-3.35833
-3.35698
-3.35716
-3.35757
-3.35808
-3.35906
-3.36008
-3.36098
-3.36135
-3.36084
-3.35988
-3.35812
-3.35715
-3.35725
-3.35877
-3.36085
-3.36233
-3.36201
-3.36241
-3.36139
-3.35982
-3.3591
-3.35808
-3.35758
-3.35811
-3.359
-3.35989
-3.36059
-3.36127
-3.36109
-3.3608
-3.3598
-3.35886
-3.35872
-3.35824
-3.35849
-3.359
-3.35911
-3.35949
-3.35969
-3.35938
-3.35816
-3.35706
-3.35655
-3.35631
-3.35691
-3.3589
-3.36018
-3.36066
-3.35963
-3.35839
-3.3588
-3.35737
-3.35571
-3.35534
-3.35423
-3.35295
-3.35316
-3.35394
-3.35496
-3.35644
-3.35893
-3.35946
-3.35961
-3.35943
-3.35887
-3.35862
-3.35856
-3.36019
-3.36004
-3.35986
-3.3608
-3.36048
-3.35963
-3.35904
-3.35946
-3.35948
-3.35977
-3.35863
-3.35869
-3.35853
-3.35867
-3.35693
-3.35467
-3.35405
-3.35615
-3.35898
-3.36342
-3.36448
-3.3642
-3.36365
-3.36224
-3.36122
-3.3612
-3.36057
-3.36003
-3.36095
-3.36097
-3.35973
-3.35828
-3.35626
-3.35557
-3.35498
-3.35456
-3.35521
-3.35677
-3.35815
-3.3607
-3.36168
-3.36103
-3.36032
-3.35914
-3.35712
-3.35681
-3.35578
-3.35455
-3.35439
-3.35434
-3.35418
-3.35337
-3.35461
-3.35562
-3.35699
-3.35659
-3.35736
-3.35765
-3.35841
-3.35834
-3.35835
-3.35869
-3.35873
-3.35939
-3.35872
-3.35768
-3.35634
-3.35582
-3.35605
-3.35542
-3.35501
-3.35527
-3.35493
-3.35541
-3.3563
-3.35646
-3.35672
-3.35632
-3.35662
-3.35676
-3.35697
-3.35576
-3.3556
-3.35529
-3.35532
-3.35484
-3.35523
-3.35496
-3.35471
-3.35397
-3.3538
-3.35466
-3.35399
-3.35398
-3.35454
-3.35513
-3.3556
-3.35542
-3.35632
-3.35581
-3.35586
-3.35617
-3.35705
-3.35741
-3.35718
-3.35726
-3.35741
-3.35632
-3.35621
-3.35549
-3.3554
-3.35682
-3.35741
-3.35779
-3.35819
-3.35845
-3.35894
-3.3592
-3.36001
-3.3604
-3.36066
-3.36108
-3.36001
-3.35889
-3.35863
-3.35705
-3.35621
-3.35625
-3.35592
-3.35434
-3.35399
-3.35472
-3.35379
-3.35369
-3.35371
-3.35441
-3.35574
-3.357
-3.35833
-3.35861
-3.35835
-3.35877
-3.35675
-3.35617
-3.35581
-3.35564
-3.3558
-3.35576
-3.35643
-3.35769
-3.35799
-3.35882
-3.35921
-3.35748
-3.35692
-3.35637
-3.35625
-3.35598
-3.35741
-3.35923
-3.36028
-3.35986
-3.35998
-3.3593
-3.35936
-3.3582
-3.35933
-3.35888
-3.35836
-3.35766
-3.35759
-3.35711
-3.35573
-3.35594
-3.35466
-3.35413
-3.35377
-3.35338
-3.35213
-3.3515
-3.35231
-3.35284
-3.35303
-3.35425
-3.3544
-3.35447
-3.35609
-3.35754
-3.35809
-3.35883
-3.3588
-3.35856
-3.35828
-3.35796
-3.35693
-3.35584
-3.3544
-3.35322
-3.35244
-3.35342
-3.35388
-3.35386
-3.35388
-3.35385
-3.35333
-3.35134
-3.35054
-3.35047
-3.34851
-3.34924
-3.34837
-3.34882
-3.34916
-3.34982
-3.3511
-3.35272
-3.35351
-3.35539
-3.35618
-3.3572
-3.35598
-3.356
-3.35458
-3.35459
-3.35402
-3.35381
-3.35317
-3.35327
-3.35299
-3.35323
-3.35367
-3.3537
-3.35434
-3.35434
-3.35519
-3.35462
-3.35388
-3.35419
-3.35466
-3.35668
-3.35848
-3.35999
-3.35965
-3.35911
-3.35851
-3.35892
-3.35885
-3.35843
-3.35739
-3.35796
-3.3591
-3.35855
-3.35863
-3.35809
-3.35835
-3.35989
-3.35903
-3.35868
-3.35848
-3.35762
-3.35871
-3.36051
-3.36154
-3.36236
-3.36166
-3.36009
-3.35978
-3.35898
-3.35953
-3.36003
-3.35975
-3.35998
-3.3595
-3.35963
-3.35861
-3.36025
-3.3612
-3.3614
-3.36072
-3.36133
-3.36064
-3.35941
-3.35935
-3.36048
-3.36089
-3.36052
-3.36045
-3.36089
-3.36103
-3.36174
-3.36181
-3.36177
-3.36071
-3.35982
-3.3594
-3.35985
-3.36064
-3.36178
-3.36184
-3.36284
-3.36292
-3.3634
-3.36325
-3.36255
-3.36148
-3.36058
-3.35966
-3.35831
-3.35786
-3.35688
-3.35719
-3.35724
-3.35745
-3.3577
-3.35802
-3.35834
-3.35925
-3.36121
-3.36204
-3.36222
-3.36188
-3.36096
-3.35989
-3.3596
-3.35888
-3.3562
-3.35605
-3.35505
-3.35331
-3.35317
-3.3535
-3.35453
-3.35538
-3.35763
-3.35801
-3.36001
-3.36004
-3.35939
-3.35946
-3.35955
-3.36083
-3.36148
-3.36048
-3.3591
-3.35724
-3.35692
-3.35649
-3.35481
-3.35431
-3.35388
-3.35339
-3.35274
-3.35276
-3.35229
-3.35245
-3.35183
-3.35274
-3.35318
-3.35348
-3.35407
-3.35352
-3.35261
-3.35341
-3.35225
-3.35355
-3.35291
-3.35301
-3.35311
-3.35254
-3.35307
-3.35412
-3.35471
-3.35418
-3.3539
-3.35342
-3.35372
-3.35327
-3.35237
-3.35246
-3.35292
-3.35318
-3.35364
-3.35419
-3.35406
-3.35395
-3.35408
-3.35368
-3.35368
-3.35404
-3.3537
-3.35449
-3.35545
-3.35744
-3.35915
-3.35984
-3.36057
-3.35967
-3.35972
-3.35849
-3.35752
-3.35736
-3.35686
-3.35664
-3.35652
-3.35689
-3.35736
-3.35728
-3.3566
-3.35611
-3.35517
-3.35425
-3.35366
-3.35388
-3.35403
-3.35423
-3.35504
-3.3558
-3.35584
-3.35708
-3.35739
-3.35869
-3.3592
-3.35863
-3.3591
-3.35884
-3.35776
-3.35582
-3.3546
-3.35436
-3.35327
-3.35392
-3.35492
-3.35552
-3.35639
-3.35641
-3.35616
-3.35579
-3.35438
-3.35366
-3.35345
-3.35455
-3.35412
-3.35588
-3.35593
-3.35763
-3.35738
-3.35729
-3.35779
-3.35779
-3.35711
-3.35629
-3.35638
-3.35683
-3.35663
-3.35708
-3.35669
-3.35696
-3.35757
-3.35728
-3.3577
-3.35745
-3.35651
-3.35518
-3.35514
-3.35426
-3.35436
-3.35413
-3.35505
-3.35626
-3.35793
-3.35836
-3.35994
-3.36043
-3.3611
-3.36044
-3.35901
-3.35858
-3.358
-3.35766
-3.35732
-3.35735
-3.36017
-3.36139
-3.36158
-3.36084
-3.36102
-3.3612
-3.36107
-3.3592
-3.3585
-3.3578
-3.35826
-3.35677
-3.35659
-3.35679
-3.3576
-3.35694
-3.3562
-3.35686
-3.35697
-3.35698
-3.3567
-3.35652
-3.35568
-3.356
-3.35506
-3.35402
-3.35461
-3.35384
-3.35356
-3.35359
-3.35405
-3.3547
-3.35547
-3.35569
-3.35512
-3.35421
-3.35387
-3.35449
-3.3542
-3.35401
-3.35369
-3.3536
-3.3522
-3.35302
-3.35426
-3.35471
-3.35456
-3.35454
-3.3535
-3.3536
-3.35262
-3.3526
-3.35385
-3.35357
-3.35599
-3.3576
-3.35862
-3.35997
-3.35946
-3.35978
-3.35913
-3.35895
-3.35785
-3.35728
-3.3576
-3.35762
-3.35834
-3.35817
-3.35807
-3.35812
-3.35836
-3.35811
-3.35816
-3.35935
-3.35921
-3.35912
-3.35815
-3.35805
-3.35859
-3.35805
-3.35822
-3.35752
-3.35791
-3.35805
-3.35849
-3.35972
-3.35906
-3.35904
-3.35903
-3.35984
-3.35962
-3.35903
-3.35862
-3.35775
-3.35788
-3.35681
-3.35697
-3.35694
-3.35679
-3.3575
-3.35768
-3.35791
-3.3561
-3.35555
-3.35568
-3.3562
-3.35583
-3.35545
-3.35602
-3.3571
-3.35648
-3.35692
-3.35802
-3.3573
-3.35751
-3.35827
-3.35767
-3.35843
-3.35999
-3.36142
-3.36136
-3.3615
-3.36059
-3.36008
-3.35817
-3.35774
-3.35749
-3.35653
-3.35722
-3.35768
-3.35768
-3.35804
-3.35835
-3.35873
-3.35831
-3.35847
-3.35856
-3.35774
-3.35757
-3.35648
-3.35563
-3.35544
-3.35574
-3.3552
-3.35505
-3.35387
-3.35375
-3.35358
-3.35398
-3.35474
-3.35519
-3.35597
-3.35653
-3.35908
-3.35983
-3.35966
-3.36057
-3.36089
-3.36059
-3.36002
-3.35958
-3.3593
-3.35914
-3.36004
-3.35805
-3.35753
-3.35788
-3.35784
-3.35876
-3.35909
-3.35904
-3.3587
-3.35845
-3.35844
-3.35831
-3.35789
-3.35815
-3.35762
-3.35772
-3.35727
-3.3585
-3.35904
-3.35992
-3.35978
-3.35889
-3.35831
-3.35862
-3.35881
-3.35735
-3.3574
-3.35786
-3.35741
-3.35655
-3.35625
-3.35443
-3.35503
-3.35503
-3.35547
-3.35662
-3.35834
-3.3578
-3.35872
-3.35812
-3.35726
-3.35671
-3.35685
-3.35654
-3.35637
-3.35675
-3.35701
-3.35756
-3.35668
-3.3578
-3.35709
-3.35755
-3.35712
-3.35667
-3.35482
-3.35503
-3.3558
-3.35613
-3.35542
-3.35596
-3.35586
-3.35508
-3.35545
-3.35467
-3.35341
-3.35357
-3.3534
-3.35454
-3.35427
-3.35518
-3.35519
-3.35374
-3.35337
-3.35331
-3.35233
-3.35196
-3.35208
-3.35227
-3.35217
-3.35252
-3.35416
-3.35628
-3.357
-3.358
-3.35803
-3.35711
-3.35612
-3.35532
-3.35503
-3.35546
-3.35549
-3.35562
-3.35589
-3.35527
-3.3562
-3.35618
-3.35417
-3.35319
-3.35221
-3.35125
-3.35263
-3.35249
-3.35364
-3.35595
-3.35723
-3.35826
-3.35778
-3.35748
-3.35845
-3.35799
-3.35807
-3.35796
-3.35711
-3.35715
-3.35657
-3.35594
-3.35572
-3.35577
-3.35609
-3.35615
-3.35751
-3.35659
-3.35535
-3.35517
-3.35547
-3.35573
-3.35571
-3.35557
-3.35663
-3.35849
-3.35923
-3.35953
-3.35964
-3.35925
-3.35946
-3.35915
-3.35829
-3.35815
-3.35752
-3.35783
-3.35809
-3.35824
-3.35856
-3.35793
-3.35782
-3.35807
-3.35775
-3.3587
-3.3596
-3.35948
-3.36021
-3.35997
-3.36012
-3.35965
-3.35885
-3.35738
-3.3561
-3.35551
-3.35582
-3.35643
-3.35626
-3.35632
-3.35688
-3.35638
-3.35629
-3.35591
-3.35473
-3.35365
-3.3526
-3.35331
-3.35318
-3.35342
-3.35409
-3.35536
-3.35584
-3.35617
-3.35591
-3.35586
-3.35624
-3.35587
-3.35542
-3.35509
-3.35557
-3.35455
-3.35552
-3.3557
-3.35416
-3.35391
-3.35363
-3.35318
-3.35253
-3.35292
-3.35358
-3.35395
-3.35351
-3.35393
-3.35428
-3.35424
-3.35462
-3.35539
-3.35655
-3.35805
-3.35804
-3.358
-3.35781
-3.35559
-3.35538
-3.35455
-3.35426
-3.35377
-3.35337
-3.35348
-3.35287
-3.35227
-3.35154
-3.35161
-3.35158
-3.35072
-3.35073
-3.35143
-3.35275
-3.35372
-3.35542
-3.35731
-3.35815
-3.35902
-3.35741
-3.35643
-3.35515
-3.35279
-3.35291
-3.35153
-3.35287
-3.3528
-3.35262
-3.35325
-3.35403
-3.35474
-3.35667
-3.3585
-3.35954
-3.35947
-3.35937
-3.35882
-3.3587
-3.35763
-3.35741
-3.35561
-3.35391
-3.35397
-3.35365
-3.35327
-3.35344
-3.35442
-3.35611
-3.35828
-3.35913
-3.35949
-3.35904
-3.35766
-3.35708
-3.35699
-3.35668
-3.35626
-3.35559
-3.35559
-3.35614
-3.35694
-3.35762
-3.35767
-3.35752
-3.35854
-3.35924
-3.35896
-3.35887
-3.35936
-3.35971
-3.36003
-3.359
-3.35763
-3.35664
-3.35645
-3.35526
-3.35403
-3.35333
-3.35244
-3.35276
-3.35476
-3.35555
-3.35651
-3.35629
-3.35686
-3.35721
-3.35631
-3.35665
-3.35529
-3.35458
-3.35429
-3.35444
-3.35497
-3.35563
-3.35465
-3.35498
-3.35465
-3.35418
-3.3518
-3.35029
-3.34972
-3.34907
-3.34975
-3.34941
-3.35048
-3.3503
-3.35223
-3.35289
-3.35386
-3.35477
-3.35571
-3.35545
-3.35621
-3.3552
-3.35451
-3.35387
-3.35269
-3.35238
-3.35114
-3.35184
-3.35322
-3.35401
-3.35557
-3.35594
-3.35606
-3.3576
-3.35675
-3.35729
-3.35648
-3.3561
-3.35678
-3.35738
-3.35718
-3.35699
-3.3563
-3.3549
-3.35462
-3.35379
-3.35448
-3.35405
-3.35451
-3.35544
-3.35558
-3.35528
-3.35634
-3.35726
-3.35752
-3.3581
-3.35781
-3.35714
-3.3558
-3.35587
-3.35454
-3.354
-3.35298
-3.35163
-3.35124
-3.35087
-3.35108
-3.35256
-3.35281
-3.35346
-3.35382
-3.3542
-3.35426
-3.35471
-3.35554
-3.35654
-3.35786
-3.35722
-3.35618
-3.35584
-3.35561
-3.35603
-3.35515
-3.35444
-3.35453
-3.35451
-3.3535
-3.35232
-3.35179
-3.35086
-3.35096
-3.34988
-3.35252
-3.35337
-3.35462
-3.35554
-3.35676
-3.35811
-3.35939
-3.35985
-3.361
-3.36204
-3.36176
-3.3622
-3.36247
-3.36132
-3.35902
-3.35854
-3.35834
-3.3566
-3.35584
-3.35657
-3.35888
-3.35974
-3.35966
-3.36105
-3.36137
-3.36005
-3.35991
-3.35885
-3.35942
-3.35923
-3.35854
-3.35844
-3.35913
-3.35888
-3.35864
-3.35854
-3.35799
-3.35908
-3.36047
-3.36133
-3.36118
-3.36171
-3.362
-3.36118
-3.36092
-3.36057
-3.36046
-3.36052
-3.35953
-3.35921
-3.35829
-3.35706
-3.35633
-3.35659
-3.35737
-3.35708
-3.35834
-3.36027
-3.36088
-3.36029
-3.36077
-3.36093
-3.3614
-3.3609
-3.36073
-3.36084
-3.3612
-3.36025
-3.35959
-3.35758
-3.35759
-3.35615
-3.3567
-3.35698
-3.35791
-3.35842
-3.35897
-3.35948
-3.35936
-3.35937
-3.35859
-3.35778
-3.35728
-3.35726
-3.35608
-3.3557
-3.35644
-3.35702
-3.35743
-3.35828
-3.35825
-3.35883
-3.3593
-3.35892
-3.35907
-3.35866
-3.35934
-3.35898
-3.35834
-3.35778
-3.35691
-3.35599
-3.35583
-3.35583
-3.3556
-3.35609
-3.35587
-3.35515
-3.35471
-3.35527
-3.35623
-3.35744
-3.35871
-3.35918
-3.35976
-3.36048
-3.35954
-3.35864
-3.35883
-3.35805
-3.35767
-3.3579
-3.35802
-3.35779
-3.35788
-3.35744
-3.35709
-3.35696
-3.35846
-3.35876
-3.35982
-3.35991
-3.35932
-3.35842
-3.35914
-3.35885
-3.3588
-3.35762
-3.35752
-3.35704
-3.35533
-3.35463
-3.35455
-3.35402
-3.35291
-3.35378
-3.35451
-3.35436
-3.35423
-3.35552
-3.35597
-3.35653
-3.35748
-3.35808
-3.35745
-3.35741
-3.35659
-3.35536
-3.3545
-3.35469
-3.35468
-3.35548
-3.35554
-3.35604
-3.35529
-3.35601
-3.35611
-3.35717
-3.35756
-3.35753
-3.35709
-3.35738
-3.35925
-3.35952
-3.35998
-3.36125
-3.36133
-3.36143
-3.3603
-3.36045
-3.35942
-3.35929
-3.3586
-3.35949
-3.35999
-3.35978
-3.35975
-3.36002
-3.36089
-3.3604
-3.3599
-3.36011
-3.36037
-3.36043
-3.3617
-3.36127
-3.36045
-3.35833
-3.35665
-3.3561
-3.3569
-3.35645
-3.35558
-3.35614
-3.35746
-3.35924
-3.36034
-3.36054
-3.36093
-3.36033
-3.36041
-3.36031
-3.36029
-3.36044
-3.35964
-3.3606
-3.35965
-3.35984
-3.35867
-3.35841
-3.35826
-3.35734
-3.35644
-3.35671
-3.35861
-3.36117
-3.36175
-3.36126
-3.3596
-3.3578
-3.35633
-3.35603
-3.3559
-3.35709
-3.35766
-3.35738
-3.3562
-3.35607
-3.35668
-3.35832
-3.35914
-3.36033
-3.35879
-3.35949
-3.35897
-3.3579
-3.35761
-3.35758
-3.35843
-3.3586
-3.35831
-3.3572
-3.35643
-3.35484
-3.35471
-3.35446
-3.35442
-3.35327
-3.35315
-3.3529
-3.35314
-3.35358
-3.35405
-3.35498
-3.35598
-3.35616
-3.35775
-3.35821
-3.35773
-3.35677
-3.35643
-3.35536
-3.35529
-3.35622
-3.35639
-3.35685
-3.35689
-3.35592
-3.35534
-3.35511
-3.35525
-3.3549
-3.35475
-3.35505
