1.11578
1.13225
1.14641
1.15624
1.16018
1.15753
1.14862
1.13476
1.11801
1.1008
1.08552
1.07433
1.06903
1.07091
1.08038
1.09652
1.11712
1.13917
1.15963
1.17603
1.18688
1.1919
1.19202
1.1888
1.18365
1.17738
1.17027
1.16258
1.15483
1.14757
1.14096
1.13455
1.12748
1.11886
1.10822
1.09587
1.08331
1.0733
1.06931
1.07385
1.08657
1.10384
1.12064
1.13303
1.13909
1.13862
1.13248
1.1222
1.10982
1.09751
1.08697
1.07895
1.07321
1.06877
1.06464
1.06033
1.05632
1.05428
1.05668
1.06565
1.08154
1.10235
1.12474
1.14563
1.1632
1.17698
1.18737
1.1951
1.20079
1.20476
1.20708
1.20751
1.20537
1.19951
1.1887
1.17256
1.15236
1.13111
1.11249
1.09923
1.09216
1.09075
1.09399
1.10079
1.11003
1.12052
1.131
1.14027
1.14717
1.15075
1.15033
1.14587
1.13829
1.12934
1.12128
1.11606
1.11484
1.11776
1.12419
1.13311
1.14341
1.15397
1.16362
1.17122
1.17568
1.17603
1.17155
1.16179
1.14684
1.12737
1.10476
1.08089
1.05789
1.03786
1.02266
1.01368
1.01162
1.01633
1.02694
1.04211
1.06028
1.0798
1.09899
1.11616
1.12989
1.13946
1.14497
1.1472
1.14712
1.14542
1.14228
1.13755
1.13092
1.12219
1.1114
1.09877
1.0848
1.0703
1.05645
1.04454
1.03559
1.03022
1.02865
1.03111
1.03789
1.04933
1.06545
1.08553
1.10798
1.13054
1.15109
1.16838
1.18224
1.19298
1.20066
1.20471
1.20424
1.19873
1.18857
1.17523
1.16085
1.1476
1.13706
1.12985
1.12567
1.12348
1.12206
1.12028
1.11734
1.11285
1.10682
1.0996
1.09175
1.08407
1.07744
1.07262
1.06994
1.0692
1.06976
1.07089
1.07215
1.07344
1.07481
1.07608
1.07672
1.07624
1.0747
1.07295
1.07234
1.07405
1.0787
1.08624
1.09607
1.107
1.11724
1.12477
1.12796
1.12629
1.12087
1.1143
1.10964
1.10902
1.11274
1.11946
1.12681
1.13233
1.13399
1.13063
1.12209
1.10928
1.09384
1.07772
1.06258
1.04928
1.03775
1.02725
1.01688
1.00616
0.995399
0.985857
0.979486
0.978433
0.984282
0.997373
1.01644
1.0389
1.0617
1.08217
1.0986
1.11061
1.11918
1.12623
1.13397
1.14367
1.15495
1.16604
1.17491
1.18048
1.18304
1.18368
1.18334
1.18186
1.17777
1.16888
1.15342
1.13123
1.10447
1.07724
1.05395
1.03743
1.02822
1.02527
1.02689
1.03127
1.03665
1.04153
1.04513
1.04759
1.0498
1.05271
1.05652
1.06025
1.0619
1.05933
1.05138
1.03874
1.0241
1.01133
1.00373
1.0023
1.00578
1.01211
1.01977
1.02811
1.03705
1.04667
1.057
1.06783
1.07872
1.08908
1.09864
1.10795
1.1184
1.13114
1.14564
1.15964
1.17058
1.17706
1.17904
1.17739
1.17317
1.16726
1.16017
1.15209
1.14307
1.13319
1.12272
1.11222
1.10276
1.09604
1.09394
1.09753
1.10622
1.11806
1.13084
1.14285
1.15283
1.1596
1.16187
1.15876
1.15036
1.13808
1.12422
1.11095
1.09959
1.09056
1.08396
1.07993
1.07889
1.08135
1.08763
1.09735
1.10918
1.12098
1.1303
1.13512
1.13445
1.12849
1.11845
1.10592
1.09237
1.07882
1.06597
1.05445
1.0451
1.03901
1.03723
1.04028
1.04769
1.05803
1.0696
1.08088
1.09037
1.09617
1.09627
1.08965
1.07735
1.06273
1.05047
1.04475
1.04766
1.05867
1.07507
1.09304
1.10873
1.11933
1.12355
1.12182
1.11606
1.10918
1.10401
1.10212
1.10337
1.10618
1.10855
1.1087
1.10543
1.09805
1.08673
1.07302
1.06022
1.05254
1.05317
1.06266
1.07893
1.09854
1.11814
1.13515
1.14809
1.15663
1.16177
1.16546
1.16919
1.17267
1.17412
1.17183
1.16483
1.15263
1.13518
1.11356
1.09024
1.06819
1.04963
1.03546
1.02558
1.01929
1.01578
1.01458
1.01564
1.01908
1.02456
1.03115
1.03769
1.04329
1.04754
1.05049
1.05264
1.05475
1.05734
1.06029
1.06299
1.06497
1.06659
1.06916
1.07433
1.08322
1.09584
1.11112
1.12739
1.14292
1.15623
1.16637
1.17309
1.17679
1.17817
1.17783
1.17616
1.17328
1.16918
1.16362
1.15622
1.14647
1.13405
1.11906
1.1021
1.08437
1.06755
1.05353
1.04386
1.03928
1.03965
1.04425
1.05212
1.06245
1.07483
1.08917
1.10528
1.12236
1.139
1.15364
1.16498
1.17219
1.17478
1.1726
1.1659
1.15556
1.14324
1.13126
1.12186
1.11619
1.11361
1.11221
1.11018
1.1071
1.10403
1.10253
1.10331
1.10552
1.10744
1.10781
1.10697
1.10635
1.10685
1.10759
1.10679
1.10365
1.09948
1.09672
1.09689
1.09958
1.10318
1.10612
1.10737
1.1066
1.10389
1.09975
1.09517
1.09122
1.08849
1.08669
1.08489
1.08232
1.07907
1.07625
1.07529
1.07714
1.08193
1.0892
1.09854
1.10974
1.12213
1.13407
1.1433
1.14812
1.14828
1.14471
1.1389
1.13212
1.12512
1.11819
1.11149
1.10525
1.09995
1.09611
1.09393
1.09276
1.09101
1.08658
1.07788
1.06464
1.04835
1.03197
1.01892
1.01182
1.01159
1.0173
1.02671
1.03723
1.04659
1.05312
1.0559
1.055
1.05146
1.04709
1.04386
1.04312
1.04536
1.05033
1.05726
1.06498
1.07198
1.07685
1.07893
1.07877
1.078
1.07868
1.08213
1.08826
1.09581
1.10324
1.10939
1.11378
1.11643
1.11789
1.119
1.12046
1.12235
1.12402
1.12455
1.12346
1.12115
1.11862
1.11677
1.11589
1.11563
1.11533
1.11437
1.11235
1.10914
1.10497
1.10037
1.09601
1.09261
1.09062
1.09007
1.09084
1.09281
1.09596
1.10007
1.10452
1.10833
1.11072
1.11226
1.11578
1.12467
1.13854
1.1518
1.15781
1.15343
1.13972
1.12016
1.09854
1.07769
1.05926
1.04423
1.0334
1.02753
1.02726
1.03264
1.04261
1.05492
1.06685
1.07622
1.08204
1.0845
1.08444
1.08275
1.08004
1.07682
1.0738
1.0718
1.07143
1.07296
1.07624
1.08093
1.08648
1.09225
1.09765
1.10235
1.10635
1.11005
1.11393
1.11838
1.12349
1.12909
1.13483
1.14024
1.14474
1.14766
1.14845
1.1468
1.14263
1.13617
1.12785
1.11833
1.10833
1.09845
1.08892
1.07958
1.07018
1.06068
1.05152
1.04366
1.03829
1.03634
1.0381
1.04308
1.05006
1.05739
1.06327
1.06623
1.06556
1.06161
1.0556
1.04915
1.04356
1.03949
1.03702
1.03601
1.03629
1.03781
1.04068
1.04519
1.05158
1.05986
1.06968
1.08059
1.09237
1.10523
1.11964
1.13566
1.15235
1.16769
1.1792
1.18493
1.18417
1.17777
1.16778
1.15672
1.14661
1.13847
1.13239
1.12796
1.12464
1.12205
1.11997
1.11824
1.11677
1.1156
1.11485
1.11457
1.11462
1.11485
1.11542
1.11699
1.1202
1.12498
1.13028
1.13438
1.13575
1.13358
1.12794
1.11948
1.10926
1.09876
1.09008
1.08577
1.08787
1.0966
1.10973
1.12337
1.13384
1.13916
1.1395
1.13663
1.1331
1.13122
1.13243
1.13697
1.14409
1.15235
1.15983
1.16444
1.16427
1.15819
1.14644
1.13093
1.1149
1.10201
1.09502
1.09465
1.09913
1.10528
1.1102
1.1125
1.11248
1.1117
1.11197
1.11418
1.11742
1.11955
1.11842
1.11296
1.1034
1.09107
1.07828
1.06771
1.06126
1.05929
1.06102
1.06527
1.07078
1.07633
1.08099
1.08414
1.08528
1.08389
1.07963
1.07277
1.0646
1.05728
1.05319
1.05403
1.05996
1.06963
1.08073
1.09083
1.09824
1.10236
1.10368
1.10344
1.10315
1.10402
1.10665
1.11087
1.11598
1.12102
1.12509
1.12754
1.12812
1.12698
1.12469
1.12227
1.12087
1.12143
1.12416
1.12839
1.13305
1.13731
1.14091
1.14408
1.14722
1.15068
1.15466
1.15921
1.16406
1.16847
1.17135
1.1715
1.16811
1.16085
1.14979
1.1351
1.1171
1.09648
1.07462
1.05372
1.03656
1.02616
1.02489
1.03329
1.04931
1.06896
1.08774
1.10165
1.10765
1.10396
1.09054
1.06921
1.04344
1.01766
0.996289
0.982607
0.978112
0.982564
0.994549
1.01185
1.03168
1.05125
1.06847
1.08243
1.0931
1.10064
1.10482
1.10494
1.10011
1.08984
1.07447
1.05544
1.03501
1.01568
0.999599
0.98808
0.9817
0.980845
0.986107
0.998074
1.01651
1.0398
1.06519
1.08961
1.1104
1.12582
1.13508
1.13842
1.1369
1.13234
1.12693
1.12282
1.12151
1.12338
1.1277
1.13286
1.13698
1.13856
1.13691
1.13266
1.12772
1.1247
1.12587
1.13198
1.14189
1.15325
1.16372
1.17183
1.17708
1.17948
1.17883
1.17446
1.16558
1.15191
1.13419
1.11425
1.09465
1.07807
1.06667
1.06153
1.06276
1.0701
1.08331
1.10189
1.12462
1.14972
1.17535
1.19999
1.22246
1.24167
1.25647
1.26576
1.26878
1.26546
1.25659
1.24379
1.22909
1.21433
1.2007
1.18865
1.17804
1.16801
1.157
1.14308
1.12471
1.10167
1.07567
1.0506
1.03203
1.02519
1.03214
1.05029
1.07387
1.09695
1.11546
1.12751
1.13279
1.13204
1.12649
1.1177
1.10738
1.09726
1.08873
1.0825
1.07854
1.07634
1.0753
1.07513
1.07607
1.07873
1.08365
1.09087
1.09978
1.10945
1.11911
1.12838
1.1373
1.14603
1.15462
1.16277
1.16987
1.17508
1.17763
1.17699
1.17295
1.16573
1.15593
1.14462
1.13319
1.12305
1.1152
1.11002
1.10739
1.10705
1.10875
1.11228
1.11741
1.12388
1.13129
1.13882
1.14495
1.14753
1.14447
1.13479
1.11937
1.10076
1.08176
1.06373
1.04633
1.02949
1.0156
1.00861
1.01037
1.01806
1.02623
1.03126
1.03331
1.03512
1.03919
1.04595
1.05366
1.05981
1.0629
1.06365
1.06446
1.06707
1.07096
1.07411
1.07483
1.07261
1.06813
1.06302
1.05958
1.05991
1.06507
1.07482
1.08798
1.10277
1.11686
1.12769
1.13316
1.13221
1.12516
1.11367
1.10053
1.08897
1.08186
1.08127
1.08815
1.10203
1.12101
1.14209
1.16185
1.17718
1.18588
1.18717
1.18176
1.17155
1.15907
1.14682
1.13713
1.13203
1.13289
1.1401
1.15281
1.16907
1.18599
1.20019
1.20859
1.2094
1.20255
1.18957
1.17309
1.15599
1.14052
1.12792
1.11844
1.1118
1.1076
1.10579
1.10661
1.11009
1.11536
1.12049
1.12308
1.12124
1.11404
1.10145
1.08417
1.06341
1.04089
1.0192
1.00198
0.993148
0.99508
1.00758
1.02864
1.05582
1.08695
1.11985
1.15194
1.18023
1.2016
1.21351
1.21473
1.20632
1.19213
1.17772
1.16723
1.16067
1.15475
1.14603
1.13299
1.11645
1.09944
1.08652
1.08196
1.08725
1.10032
1.11722
1.1341
1.14814
1.15759
1.16171
1.16065
1.15575
1.14984
1.14667
1.14932
1.15847
1.17218
1.18712
1.19997
1.20822
1.21047
1.20642
1.1966
1.18209
1.16412
1.14388
1.12261
1.10186
1.08346
1.06908
1.05971
1.05548
1.05594
1.06027
1.06757
1.07705
1.08793
1.09926
1.11
1.11953
1.12808
1.13656
1.1458
1.15581
1.16538
1.17265
1.17612
1.17561
1.17263
1.16986
1.16968
1.17283
1.1781
1.18323
1.18621
1.18594
1.18227
1.17577
1.16757
1.15888
1.1504
1.14197
1.13276
1.12197
1.10937
1.09537
1.08079
1.06655
1.05334
1.04139
1.0304
1.01954
1.00815
0.997275
0.991179
0.995933
1.01381
1.04004
1.06686
1.08876
1.10331
1.1096
1.10743
1.09763
1.08286
1.06776
1.05753
1.05569
1.06307
1.0784
1.09919
1.1222
1.14389
1.16093
1.17096
1.17284
1.16682
1.15432
1.13757
1.11921
1.10195
1.08829
1.08035
1.07955
1.08615
1.09857
1.11373
1.12835
1.14027
1.14894
1.15506
1.15968
1.16347
1.16618
1.16679
1.16398
1.15671
1.14466
1.12863
1.11064
1.09371
1.08119
1.07578
1.07836
1.0876
1.1007
1.1148
1.12792
1.13892
1.14714
1.15214
1.1537
1.15194
1.14774
1.1428
1.13942
1.14003
1.14636
1.15875
1.17588
1.19507
1.21306
1.22695
1.23496
1.23683
1.23359
1.22678
1.2176
1.20673
1.19512
1.18483
1.17851
1.17719
1.17908
1.18083
1.17984
1.17512
1.16707
1.15692
1.14633
1.13717
1.1312
1.12955
1.13241
1.13895
1.14762
1.15654
1.16395
1.16848
1.16935
1.16638
1.15982
1.1504
1.13914
1.12743
1.11698
1.10983
1.10789
1.11202
1.12116
1.13236
1.14185
1.14638
1.14408
1.13467
1.11923
1.09963
1.07797
1.05628
1.03646
1.02069
1.01161
1.01143
1.02027
1.03537
1.05234
1.06726
1.07786
1.08353
1.0848
1.08283
1.0789
1.07416
1.0695
1.06566
1.06355
1.06426
1.06868
1.07691
1.08807
1.10053
1.11251
1.12257
1.12986
1.13414
1.13572
1.13528
1.13379
1.13208
1.13044
1.12829
1.12435
1.11743
1.10702
1.09361
1.07873
1.06511
1.0562
1.05464
1.06058
1.07179
1.0854
1.09937
1.11281
1.12574
1.13911
1.15422
1.17122
1.18781
1.20002
1.20438
1.1997
1.18729
1.17043
1.15307
1.13846
1.12823
1.1224
1.12009
1.12046
1.1232
1.1285
1.13652
1.14682
1.15851
1.17057
1.18225
1.19288
1.20159
1.20731
1.20907
1.20631
1.19902
1.18766
1.17301
1.15614
1.13841
1.12152
1.10745
1.09804
1.09435
1.09612
1.10174
1.10888
1.11542
1.12055
1.12541
1.1331
1.1467
1.16635
1.18847
1.20822
1.22236
1.22986
1.23096
1.22614
1.21572
1.20021
1.1812
1.16198
1.14672
1.1379
1.13442
1.13274
1.12968
1.12393
1.116
1.10749
1.10015
1.09514
1.0927
1.09246
1.09404
1.09745
1.10287
1.11026
1.119
1.12805
1.13633
1.14295
1.14689
1.14662
1.1406
1.12845
1.1118
1.09429
1.08028
1.0728
1.07188
1.07489
1.07853
1.08038
1.07939
1.07594
1.07151
1.0678
1.06537
1.06306
1.05896
1.05246
1.04575
1.04326
1.04868
1.06164
1.07797
1.09311
1.10477
1.11316
1.11983
1.12639
1.13387
1.14259
1.15237
1.16267
1.17269
1.18149
1.18843
1.19331
1.19644
1.19818
1.19868
1.19748
1.19373
1.18665
1.17625
1.16377
1.15126
1.14038
1.13143
1.12368
1.1166
1.11048
1.10623
1.1045
1.10534
1.10818
1.11223
1.1167
1.1209
1.12433
1.12665
1.1279
1.12824
1.12756
1.12516
1.11995
1.11113
1.09868
1.08336
1.06631
1.04889
1.03281
1.02041
1.01401
1.0148
1.02221
1.03443
1.04952
1.06613
1.0835
1.10102
1.11793
1.1332
1.14588
1.15526
1.16114
1.16369
1.16326
1.16014
1.15445
1.14619
1.13538
1.12222
1.10703
1.08995
1.07089
1.04992
1.02785
1.00634
0.987651
0.974216
0.967998
0.969603
0.977891
0.990561
1.00532
1.02081
1.03681
1.05381
1.07233
1.09208
1.11184
1.12981
1.1443
1.15431
1.15986
1.16208
1.16278
1.16371
1.16582
1.16906
1.17278
1.17618
1.17848
1.17889
1.17663
1.1712
1.16255
1.15152
1.13961
1.12856
1.11965
1.11348
1.11012
1.10915
1.10962
1.11015
1.10954
1.1076
1.10555
1.10545
1.10927
1.11776
1.13002
1.14364
1.15555
1.16295
1.16411
1.15893
1.14892
1.13674
1.12526
1.11651
1.11099
1.10776
1.10507
1.1012
1.09503
1.08629
1.07572
1.06494
1.05609
1.0511
1.05095
1.05521
1.06216
1.0693
1.07408
1.07481
1.07112
1.06414
1.05618
1.0498
1.04684
1.04798
1.05287
1.06053
1.06981
1.07949
1.08844
1.09579
1.10122
1.10521
1.10909
1.11464
1.12338
1.13587
1.15174
1.17003
1.18959
1.20939
1.22834
1.24521
1.25879
1.26798
1.27204
1.27076
1.26442
1.25382
1.24003
1.22432
1.20783
1.1915
1.17595
1.16151
1.1482
1.1358
1.12399
1.11255
1.10164
1.09163
1.08284
1.0756
1.07074
1.0704
1.07744
1.09317
1.11536
1.13906
1.15947
1.17363
1.18026
1.17939
1.17228
1.16155
1.15064
1.14282
1.14007
1.14265
1.14926
1.15772
1.16537
1.16926
1.16657
1.15595
1.13976
1.12502
1.11954
1.12594
1.14108
1.15974
1.17694
1.18894
1.1941
1.19324
1.1891
1.18544
1.18557
1.19085
1.20012
1.21062
1.21933
1.22392
1.22314
1.21684
1.20583
1.19162
1.17608
1.16101
1.14797
1.13807
1.1317
1.12816
1.12567
1.12241
1.11805
1.11454
1.11475
1.12026
1.13033
1.14284
1.15556
1.1668
1.17532
1.18
1.17952
1.1723
1.15704
1.13363
1.10382
1.07144
1.04181
1.02004
1.00879
1.00697
1.01064
1.01564
1.01997
1.02443
1.03135
1.04219
1.05618
1.07113
1.08507
1.097
1.10697
1.1156
1.12367
1.13173
1.13986
1.14773
1.15459
1.15923
1.15988
1.15432
1.14035
1.11807
1.09436
1.08422
1.09847
1.13035
1.16467
1.19272
1.21345
1.22898
1.24198
1.25479
1.26885
1.28391
1.29779
1.30724
1.30923
1.30204
1.28561
1.26166
1.23352
1.20589
1.18399
1.17199
1.17138
1.18034
1.19468
1.20963
1.22134
1.22738
1.22662
1.21884
1.20445
1.18434
1.15987
1.13302
1.10634
1.08254
1.06374
1.05096
1.04403
1.04192
1.04338
1.04735
1.05314
1.06024
1.06807
1.07573
1.08223
1.08665
1.0884
1.08724
1.08335
1.07743
1.07057
1.06418
1.05977
1.05863
1.06151
1.0685
1.07907
1.09214
1.10635
1.12024
1.1326
1.14259
1.14973
1.15381
1.1548
1.15281
1.14824
1.1418
1.13429
1.12608
1.11709
1.10708
1.09583
1.08319
1.06924
1.05453
1.04009
1.02714
1.01664
1.00909
1.00439
1.0022
1.00223
1.00427
1.00795
1.0126
1.01731
1.02126
1.02405
1.02582
1.02725
1.02944
1.03352
1.04031
1.0499
1.06169
1.07469
1.08813
1.10196
1.11682
1.13326
1.15097
1.16855
1.18402
1.19572
1.20275
1.20509
1.20333
1.19837
1.19098
1.18134
1.16886
1.15259
1.13204
1.10783
1.0821
1.05812
1.03938
1.02835
1.02563
1.02996
1.03902
1.0502
1.06113
1.06996
1.0756
1.07784
1.07743
1.07582
1.07477
1.07567
1.07885
1.08343
1.08765
1.08946
1.08717
1.08
1.06881
1.05655
1.04753
1.04504
1.04896
1.05612
1.06325
1.06888
1.07337
1.07771
1.0825
1.08761
1.09249
1.0968
1.10055
1.10399
1.10728
1.11027
1.11229
1.11235
1.10945
1.10297
1.09297
1.08013
1.06576
1.05173
1.04006
1.03213
1.02831
1.02868
1.03408
1.04576
1.0638
1.08635
1.11037
1.13302
1.15239
1.1677
1.17895
1.18663
1.19139
1.19393
1.19493
1.1951
1.19504
1.195
1.19453
1.19261
1.18788
1.17928
1.16636
1.14945
1.12969
1.10875
1.08835
1.06958
1.05292
1.03895
1.02926
1.0262
1.03136
1.04417
1.06204
1.08151
1.09937
1.11324
1.12186
1.12516
1.12398
1.11963
1.11347
1.10651
1.09944
1.09273
1.08677
1.08189
1.07824
1.07574
1.0741
1.07288
1.07174
1.07104
1.07227
1.07774
1.08905
1.10566
1.12485
1.14318
1.15772
1.16657
1.16894
1.16503
1.15611
1.14444
1.13285
1.12373
1.11822
1.11585
1.11514
1.11442
1.11243
1.1084
1.10196
1.09375
1.08651
1.08436
1.08954
1.10017
1.11265
1.12501
1.13714
1.14918
1.16047
1.1698
1.1758
1.17757
1.17495
1.16853
1.15953
1.14952
1.14007
1.13244
1.12729
1.12449
1.12349
1.12362
1.12448
1.12582
1.12773
1.13071
1.13574
1.14361
1.15406
1.16548
1.17557
1.18223
1.18416
1.18103
1.17339
1.16267
1.15094
1.1405
1.13352
1.13163
1.13545
1.14435
1.15653
1.16952
1.18072
1.1879
1.18946
1.18489
1.17467
1.16012
1.14279
1.12411
1.10526
1.08735
1.07174
1.06019
1.05468
1.05679
1.06685
1.08354
1.10394
1.12433
1.14117
1.15193
1.15523
1.15067
1.13863
1.12014
1.09686
1.0712
1.04603
1.02431
1.00839
0.999392
0.996803
0.998778
1.00303
1.00806
1.0144
1.0247
1.04133
1.06331
1.08635
1.10597
1.11971
1.12708
1.12885
1.12649
1.12183
1.11656
1.1118
1.10783
1.10432
1.10081
1.0972
1.09401
1.09221
1.09291
1.09665
1.10297
1.11051
1.11773
1.12354
1.12762
1.13015
1.13135
1.13126
1.12982
1.12723
1.12439
1.12275
1.1236
1.12726
1.13288
1.13902
1.14453
1.14903
1.15255
1.15496
1.15573
1.15434
1.15075
1.14546
1.13906
1.13189
1.12385
1.11442
1.10312
1.08991
1.0756
1.06208
1.0522
1.04911
1.05502
1.06969
1.09039
1.11318
1.13463
1.15261
1.16623
1.1755
1.18103
1.18364
1.1841
1.18288
1.17999
1.17493
1.16687
1.15491
1.13862
1.11849
1.09616
1.07402
1.05415
1.03753
1.02426
1.01461
1.00954
1.01029
1.01734
1.0299
1.04611
1.06372
1.08056
1.09466
1.10431
1.10836
1.10675
1.10102
1.09419
1.08948
1.08844
1.09039
1.09332
1.09521
1.09477
1.09165
1.08651
1.08076
1.07593
1.07312
1.07259
1.074
1.07688
1.08103
1.08649
1.09334
1.10156
1.11099
1.12121
1.13155
1.14103
1.14876
1.15424
1.15752
1.15896
1.15902
1.15799
1.156
1.15295
1.14852
1.14217
1.1333
1.12135
1.10624
1.08884
1.07132
1.05658
1.04655
1.04123
1.03938
1.04015
1.04333
1.0485
1.05433
1.05881
1.06008
1.05734
1.05134
1.0444
1.03981
1.04071
1.04872
1.06316
1.0815
1.10058
1.11783
1.13171
1.14143
1.14658
1.14704
1.1431
1.13561
1.12601
1.11591
1.1067
1.09905
1.09285
1.08741
1.082
1.0764
1.07127
1.0681
1.06818
1.07126
1.0754
1.07843
1.07937
1.07861
1.07731
1.07668
1.07769
1.08089
1.08637
1.09371
1.10199
1.10992
1.11622
1.11992
1.12061
1.1186
1.11482
1.11064
1.1075
1.10648
1.10789
1.11104
1.11432
1.11562
1.11288
1.10489
1.09178
1.07517
1.05789
1.04362
1.0364
1.03925
1.0523
1.0721
1.09332
1.11138
1.12371
1.12967
1.12975
1.12515
1.11758
1.10906
1.10149
1.09624
1.0941
1.09539
1.09976
1.10619
1.11347
1.1208
1.12806
1.13557
1.14359
1.1521
1.16065
1.16826
1.17369
1.17584
1.17434
1.1699
1.16424
1.15958
1.15784
1.15997
1.16566
1.17362
1.1821
1.18942
1.19438
1.19652
1.19612
1.19404
1.19142
1.18922
1.18795
1.18759
1.18772
1.18774
1.18706
1.18508
1.1812
1.1749
1.16604
1.1551
1.14318
1.13169
1.12178
1.11385
1.10759
1.10216
1.09655
1.09008
1.08296
1.0767
1.0736
1.07556
1.08278
1.09348
1.10479
1.11392
1.11893
1.11906
1.11475
1.10773
1.1007
1.09647
1.09689
1.10216
1.11127
1.12275
1.13517
1.14723
1.15807
1.16743
1.17551
1.18244
1.18801
1.19165
1.19267
1.19039
1.18428
1.17416
1.1606
1.14495
1.12901
1.11439
1.10227
1.09365
1.0899
1.09255
1.10189
1.11597
1.13117
1.14392
1.1521
1.15529
1.15406
1.14938
1.14219
1.1334
1.12392
1.11463
1.10626
1.09941
1.0945
1.09178
1.09106
1.09166
1.09235
1.09173
1.08862
1.08255
1.07425
1.06582
1.06038
1.06086
1.06865
1.08307
1.10185
1.12217
1.14158
1.15858
1.17262
1.18378
1.19225
1.19806
1.20106
1.20104
1.19809
1.19273
1.18581
1.17832
1.17124
1.16558
1.16223
1.16148
1.16275
1.16487
1.16656
1.16689
1.16548
1.16259
1.15908
1.15598
1.1541
1.15388
1.15538
1.15834
1.16217
1.16591
1.16838
1.16846
1.16553
1.15984
1.15261
1.14555
1.14018
1.13713
1.13613
1.13619
1.13591
1.13377
1.12868
1.12063
1.11123
1.1032
1.09899
1.0994
1.10316
1.10761
1.10987
1.10759
1.09929
1.08441
1.06338
1.0378
1.01051
0.985327
0.966386
0.957123
0.959125
0.971415
0.990709
1.01258
1.03301
1.04948
1.06135
1.06949
1.0755
1.08101
1.08711
1.09412
1.10156
1.10815
1.11187
1.1104
1.10191
1.08611
1.06503
1.04262
1.02326
1.01035
1.00554
1.00881
1.0189
1.03395
1.052
1.07132
1.09037
1.1077
1.12195
1.13199
1.13725
1.13808
1.13576
1.1321
1.12844
1.12505
1.12144
1.11705
1.11158
1.10495
1.09709
1.0881
1.07839
1.06888
1.06079
1.05529
1.05301
1.05392
1.05736
1.06225
1.06728
1.07124
1.07331
1.0734
1.07209
1.07021
1.06833
1.06642
1.06389
1.05993
1.05392
1.04585
1.03658
1.02791
1.02224
1.02177
1.02759
1.03914
1.05449
1.07113
1.08672
1.0996
1.1089
1.1145
1.11683
1.11668
1.11503
1.11281
1.11072
1.1092
1.10842
1.10823
1.10806
1.10683
1.10311
1.09575
1.08459
1.07108
1.05824
1.04947
1.04681
1.05016
1.05783
1.0678
1.07827
1.08785
1.09549
1.10042
1.10219
1.10087
1.09715
1.09221
1.08715
1.08218
1.07638
1.06829
1.05713
1.04363
1.03006
1.01944
1.01391
1.01341
1.01601
1.01957
1.02348
1.02888
1.03757
1.0508
1.06851
1.08932
1.11108
1.1316
1.14914
1.16259
1.17154
1.17621
1.17723
1.17528
1.17085
1.16425
1.15561
1.14506
1.13278
1.11912
1.10444
1.08937
1.07502
1.06324
1.05646
1.05709
1.06635
1.08347
1.10556
1.12839
1.14767
1.16036
1.16529
1.1631
1.15561
1.14491
1.13284
1.12091
1.11043
1.10258
1.09822
1.09769
1.10071
1.10633
1.11321
1.12005
1.12577
1.12935
1.12955
1.12496
1.11458
1.09844
1.0777
1.05446
1.03126
1.01078
0.995562
0.987752
0.988428
0.996909
1.01064
1.02616
1.04057
1.0524
1.06147
1.0682
1.07299
1.07615
1.07803
1.0792
1.08032
1.08184
1.0838
1.08596
1.088
1.08972
1.09127
1.09347
1.09793
1.10628
1.11861
1.1328
1.14568
1.15426
1.15638
1.15079
1.13749
1.118
1.09545
1.07389
1.05708
1.04719
1.04429
1.04695
1.05336
1.06187
1.07114
1.08006
1.08803
1.09506
1.10172
1.10889
1.11737
1.12738
1.13843
1.14937
1.15885
1.16569
1.16906
1.16851
1.16399
1.15585
1.14473
1.13165
1.11789
1.10501
1.09484
1.08924
1.08963
1.09644
1.10862
1.12374
1.13865
1.15026
1.15619
1.15512
1.14684
1.13239
1.11406
1.09527
1.07976
1.07056
1.06887
1.07382
1.08305
1.09384
1.10394
1.11195
1.11746
1.12096
1.12338
1.12556
1.12767
1.12908
1.12859
1.12514
1.1185
1.10954
1.10001
1.09182
1.08628
1.08389
1.08459
1.08827
1.09498
1.10478
1.11756
1.13275
1.14901
1.16425
1.1759
1.18175
1.18078
1.17345
1.16133
1.14629
1.12995
1.11356
1.09812
1.08433
1.07234
1.06184
1.05263
1.04525
1.04122
1.04239
1.04996
1.06376
1.08243
1.10395
1.12642
1.14838
1.16853
1.18537
1.19721
1.20268
1.20143
1.19427
1.18265
1.16778
1.15023
1.13028
1.1085
1.08592
1.0635
1.04165
1.02064
1.00163
0.987051
0.979951
0.982731
0.996053
1.01849
1.04695
1.07759
1.10683
1.13191
1.15101
1.16311
1.16791
1.16582
1.15811
1.14693
1.13502
1.12515
1.11933
1.11826
1.1212
1.12643
1.13191
1.13602
1.13807
1.1384
1.13791
1.13754
1.13765
1.13781
1.13694
1.13393
1.1282
1.12018
1.11131
1.10358
1.09883
1.09802
1.10105
1.10736
1.11643
1.12797
1.14158
1.15625
1.17038
1.18201
1.18928
1.19085
1.18619
1.17585
1.16171
1.14682
1.13452
1.12708
1.12489
1.12678
1.13084
1.13509
1.13791
1.13867
1.13817
1.1384
1.14108
1.14604
1.15119
1.15402
1.15292
1.14753
1.13874
1.12839
1.11871
1.11158
1.10785
1.10725
1.10873
1.11106
1.11306
1.11357
1.11133
1.10521
1.09474
1.0806
1.06461
1.04923
1.03675
1.02863
1.02529
1.02626
1.03064
1.0375
1.04618
1.05615
1.06679
1.0774
1.0871
1.09502
1.10042
1.103
1.10308
1.1015
1.09935
1.09746
1.09603
1.09454
1.09239
1.08975
1.08787
1.08855
1.09303
1.10132
1.11249
1.12523
1.13829
1.15066
1.16143
1.16984
1.17528
1.17735
1.17589
1.17104
1.16324
1.15338
1.14274
1.13292
1.12548
1.12164
1.12186
1.12571
1.13197
1.1391
1.14582
1.15141
1.15587
1.15963
1.16333
1.16734
1.17149
1.17498
1.17655
1.17499
1.16976
1.16145
1.15173
1.14274
1.1362
1.13284
1.1324
1.13424
1.1379
1.14315
1.14922
1.15432
1.15623
1.15318
1.1447
1.13165
1.11574
1.09887
1.0826
1.06813
1.05651
1.04861
1.04471
1.04417
1.0456
1.04736
1.04827
1.04802
1.04718
1.04692
1.04867
1.05386
1.0634
1.07707
1.09347
1.11058
1.12647
1.13988
1.15037
1.15809
1.16343
1.16684
1.16869
1.16926
1.16865
1.16682
1.16366
1.15963
1.15602
1.1545
1.15574
1.15858
1.16079
1.16031
1.15602
1.14759
1.13519
1.1195
1.10185
1.08421
1.06894
1.05838
1.0542
1.05675
1.06481
1.07599
1.08755
1.09735
1.10448
1.10914
1.11175
1.11224
1.11024
1.10568
1.09906
1.09079
1.08037
1.06657
1.04855
1.02714
1.00577
0.989923
0.984633
0.990858
1.00439
1.01887
1.02972
1.03552
1.03729
1.03705
1.03678
1.03786
1.04098
1.0463
1.05378
1.06336
1.07492
1.0882
1.1027
1.1176
1.13179
1.14406
1.15354
1.15995
1.16373
1.16568
1.16649
1.16645
1.16531
1.16247
1.15731
1.1494
1.13869
1.12545
1.11022
1.09374
1.07695
1.06104
1.04734
1.03715
1.03162
1.03154
1.03699
1.04697
1.05943
1.07187
1.08246
1.09061
1.09698
1.10303
1.11002
1.11786
1.1249
1.12909
1.12909
1.12481
1.11722
1.10778
1.09768
1.08743
1.07717
