1.64872
1.64428
1.63654
1.62521
1.60987
1.58995
1.56478
1.5336
1.49556
1.44996
1.39634
1.33471
1.2658
1.19122
1.11359
1.03645
0.963795
0.899562
0.84687
0.807565
0.78205
0.769412
0.767802
0.774817
0.787875
0.804503
0.822508
0.840109
0.856008
0.869406
0.879966
0.887787
0.893251
0.896916
0.899319
0.900872
0.901729
0.901814
0.9008
0.898208
0.893547
0.886447
0.876805
0.864815
0.851031
0.836292
0.821587
0.807899
0.796118
0.786931
0.780828
0.778066
0.778627
0.782259
0.788469
0.796586
0.805825
0.815342
0.824318
0.83201
0.837854
0.841537
0.843065
0.842701
0.84091
0.838294
0.835451
0.832922
0.831151
0.830529
0.831386
0.833936
0.838204
0.843927
0.850595
0.857577
0.864226
0.870082
0.874914
0.878713
0.88168
0.884133
0.886407
0.88879
0.891449
0.89442
0.897598
0.900774
0.903682
0.906017
0.907506
0.907921
0.907136
0.905166
0.902186
0.898547
0.894707
0.891138
0.88824
0.886247
0.885185
0.884814
0.884756
0.884543
0.88374
0.882073
0.879461
0.876018
0.871905
0.867198
0.861776
0.855339
0.847543
0.838171
0.827286
0.815212
0.802579
0.790194
0.778927
0.769576
0.762766
0.758819
0.757716
0.759079
0.762246
0.766447
0.771006
0.775488
0.779721
0.783763
0.787842
0.792238
0.797202
0.802887
0.809296
0.816242
0.823382
0.83033
0.836702
0.842312
0.847216
0.851612
0.855717
0.859593
0.863064
0.865781
0.867383
0.867637
0.866492
0.864071
0.860641
0.856661
0.852733
0.849619
0.848166
0.849209
0.853442
0.861217
0.872373
0.886189
0.901459
0.916719
0.930535
0.941747
0.949637
0.953944
0.954807
0.952611
0.947922
0.941443
0.933887
0.925954
0.918297
0.911452
0.905839
0.901677
0.899036
0.897818
0.897754
0.898451
0.899454
0.900324
0.900726
0.900458
0.899484
0.897894
0.895878
0.893695
0.891705
0.890328
0.889991
0.891082
0.893825
0.89817
0.903746
0.909921
0.915977
0.921266
0.925333
0.927996
0.929289
0.929427
0.928732
0.927578
0.926321
0.925268
0.924633
0.924548
0.925026
0.925948
0.927107
0.928225
0.92902
0.929252
0.928747
0.927433
0.925325
0.922537
0.919259
0.915702
0.91206
0.908433
0.904784
0.900901
0.89644
0.89103
0.884425
0.876685
0.868336
0.86032
0.853734
0.849393
0.847504
0.847668
0.849162
0.851367
0.854003
0.85721
0.861504
0.867531
0.875826
0.886606
0.899588
0.913987
0.928622
0.942174
0.953399
0.961355
0.965501
0.965691
0.962142
0.955387
0.946176
0.935422
0.924091
0.913071
0.903034
0.894378
0.887188
0.881379
0.876817
0.873449
0.871378
0.870756
0.871656
0.873911
0.877098
0.880611
0.88383
0.886305
0.887924
0.888974
0.890055
0.891893
0.895167
0.900224
0.906965
0.914835
0.923026
0.930728
0.93734
0.942456
0.945901
0.947629
0.947661
0.946028
0.942765
0.9379
0.931502
0.923669
0.914596
0.904558
0.893953
0.883276
0.873051
0.863739
0.855667
0.849004
0.843727
0.839706
1.64872
1.64428
1.63654
1.62521
1.60987
1.58995
1.56478
1.5336
1.49556
1.44996
1.39634
1.33471
1.2658
1.19122
1.11359
1.03645
0.963795
0.899562
0.84687
0.807565
0.78205
0.769412
0.767802
0.774817
0.787875
0.804503
0.822508
0.840109
0.856008
0.869406
0.879966
0.887787
0.893251
0.896916
0.899319
0.900872
0.901729
0.901814
0.9008
0.898208
0.893547
0.886447
0.876805
0.864815
0.851031
0.836292
0.821587
0.807899
0.796118
0.786931
0.780828
0.778066
0.778627
0.782259
0.788469
0.796586
0.805825
0.815342
0.824318
0.83201
0.837854
0.841537
0.843065
0.842701
0.84091
0.838294
0.835451
0.832922
0.831151
0.830529
0.831386
0.833936
0.838204
0.843927
0.850595
0.857577
0.864226
0.870082
0.874914
0.878713
0.88168
0.884133
0.886407
0.88879
0.891449
0.89442
0.897598
0.900774
0.903682
0.906017
0.907506
0.907921
0.907136
0.905166
0.902186
0.898547
0.894707
0.891138
0.88824
0.886247
0.885185
0.884814
0.884756
0.884543
0.88374
0.882073
0.879461
0.876018
0.871905
0.867198
0.861776
0.855339
0.847543
0.838171
0.827286
0.815212
0.802579
0.790194
0.778927
0.769576
0.762766
0.758819
0.757716
0.759079
0.762246
0.766447
0.771006
0.775488
0.779721
0.783763
0.787842
0.792238
0.797202
0.802887
0.809296
0.816242
0.823382
0.83033
0.836702
0.842312
0.847216
0.851612
0.855717
0.859593
0.863064
0.865781
0.867383
0.867637
0.866492
0.864071
0.860641
0.856661
0.852733
0.849619
0.848166
0.849209
0.853442
0.861217
0.872373
0.886189
0.901459
0.916719
0.930535
0.941747
0.949637
0.953944
0.954807
0.952611
0.947922
0.941443
0.933887
0.925954
0.918297
0.911452
0.905839
0.901677
0.899036
0.897818
0.897754
0.898451
0.899454
0.900324
0.900726
0.900458
0.899484
0.897894
0.895878
0.893695
0.891705
0.890328
0.889991
0.891082
0.893825
0.89817
0.903746
0.909921
0.915977
0.921266
0.925333
0.927996
0.929289
0.929427
0.928732
0.927578
0.926321
0.925268
0.924633
0.924548
0.925026
0.925948
0.927107
0.928225
0.92902
0.929252
0.928747
0.927433
0.925325
0.922537
0.919259
0.915702
0.91206
0.908433
0.904784
0.900901
0.89644
0.89103
0.884425
0.876685
0.868336
0.86032
0.853734
0.849393
0.847504
0.847668
0.849162
0.851367
0.854003
0.85721
0.861504
0.867531
0.875826
0.886606
0.899588
0.913987
0.928622
0.942174
0.953399
0.961355
0.965501
0.965691
0.962142
0.955387
0.946176
0.935422
0.924091
0.913071
0.903034
0.894378
0.887188
0.881379
0.876817
0.873449
0.871378
0.870756
0.871656
0.873911
0.877098
0.880611
0.88383
0.886305
0.887924
0.888974
0.890055
0.891893
0.895167
0.900224
0.906965
0.914835
0.923026
0.930728
0.93734
0.942456
0.945901
0.947629
0.947661
0.946028
0.942765
0.9379
0.931502
0.923669
0.914596
0.904558
0.893953
0.883276
0.873051
0.863739
0.855667
0.849004
0.843727
0.839706
2.84778
2.84006
2.82631
2.80557
2.7764
2.73684
2.68444
2.61647
2.53039
2.42447
2.29877
2.15638
2.00429
1.85326
1.71585
1.60333
1.52267
1.47536
1.4581
1.46463
1.4875
1.51934
1.55378
1.58584
1.61229
1.63164
1.64404
1.65097
1.65455
1.65679
1.65885
1.66068
1.66117
1.65845
1.65041
1.6354
1.61303
1.58476
1.5538
1.5241
1.49891
1.47977
1.46665
1.45895
1.45637
1.45918
1.46762
1.48117
1.49831
1.51665
1.53347
1.54637
1.5536
1.55428
1.54859
1.53793
1.52483
1.51235
1.50291
1.49757
1.49609
1.49781
1.50212
1.50857
1.51651
1.52478
1.53183
1.53621
1.53729
1.53574
1.53354
1.53318
1.53649
1.54388
1.55425
1.56555
1.57559
1.58292
1.58739
1.58992
1.59181
1.59359
1.59466
1.59379
1.59044
1.58542
1.58042
1.57692
1.57568
1.57678
1.57988
1.58439
1.58955
1.59431
1.59754
1.59824
1.5957
1.5895
1.5796
1.56615
1.54948
1.52999
1.50811
1.4845
1.46052
1.43843
1.42112
1.41122
1.41045
1.41943
1.43755
1.46259
1.49081
1.518
1.54074
1.5569
1.56569
1.56742
1.56323
1.55503
1.54512
1.53569
1.52801
1.52208
1.51692
1.51168
1.50664
1.50331
1.50356
1.50871
1.51905
1.53401
1.55259
1.57352
1.5952
1.61574
1.63311
1.64555
1.65221
1.65368
1.65208
1.65027
1.65032
1.65216
1.65378
1.6527
1.64752
1.63869
1.62867
1.62089
1.61783
1.61961
1.62409
1.62814
1.62896
1.62471
1.61464
1.59899
1.5791
1.55796
1.54058
1.53265
1.53675
1.54954
1.56395
1.57436
1.57947
1.58166
1.58452
1.59043
1.59976
1.61148
1.62409
1.63633
1.64768
1.65857
1.66963
1.68011
1.68734
1.6879
1.67959
1.66267
1.64032
1.61815
1.60242
1.59705
1.60177
1.61284
1.62571
1.63722
1.64616
1.65237
1.65579
1.65574
1.65103
1.64045
1.62359
1.60125
1.57515
1.54721
1.51888
1.49129
1.46617
1.44609
1.43354
1.42962
1.43395
1.44572
1.46444
1.48984
1.52123
1.557
1.59471
1.63137
1.66413
1.69058
1.70917
1.71933
1.72148
1.71676
1.7067
1.69286
1.67657
1.65888
1.64072
1.62306
1.60698
1.59365
1.58417
1.57946
1.58018
1.58663
1.59855
1.61489
1.63387
1.65321
1.67052
1.68372
1.69144
1.6933
1.6897
1.68164
1.67057
1.65835
1.64744
1.64084
1.64102
1.64861
1.66193
1.67824
1.69499
1.71014
1.72178
1.72796
1.727
1.71839
1.70341
1.68487
1.66562
1.64713
1.62928
1.61134
1.59312
1.57516
1.55844
1.54393
1.53235
1.52426
1.52002
1.5196
1.52227
1.52651
1.53027
1.53134
1.52795
1.51927
1.50579
1.48939
1.47329
1.46165
1.45861
1.46701
1.48719
1.51652
1.54995
1.58147
1.60576
1.6194
1.6213
1.61268
1.59675
1.57827
1.56262
1.55423
1.55506
1.56407
1.57807
1.59354
1.60781
1.61926
2.84778
2.84006
2.82631
2.80557
2.7764
2.73684
2.68444
2.61647
2.53039
2.42447
2.29877
2.15638
2.00429
1.85326
1.71585
1.60333
1.52267
1.47536
1.4581
1.46463
1.4875
1.51934
1.55378
1.58584
1.61229
1.63164
1.64404
1.65097
1.65455
1.65679
1.65885
1.66068
1.66117
1.65845
1.65041
1.6354
1.61303
1.58476
1.5538
1.5241
1.49891
1.47977
1.46665
1.45895
1.45637
1.45918
1.46762
1.48117
1.49831
1.51665
1.53347
1.54637
1.5536
1.55428
1.54859
1.53793
1.52483
1.51235
1.50291
1.49757
1.49609
1.49781
1.50212
1.50857
1.51651
1.52478
1.53183
1.53621
1.53729
1.53574
1.53354
1.53318
1.53649
1.54388
1.55425
1.56555
1.57559
1.58292
1.58739
1.58992
1.59181
1.59359
1.59466
1.59379
1.59044
1.58542
1.58042
1.57692
1.57568
1.57678
1.57988
1.58439
1.58955
1.59431
1.59754
1.59824
1.5957
1.5895
1.5796
1.56615
1.54948
1.52999
1.50811
1.4845
1.46052
1.43843
1.42112
1.41122
1.41045
1.41943
1.43755
1.46259
1.49081
1.518
1.54074
1.5569
1.56569
1.56742
1.56323
1.55503
1.54512
1.53569
1.52801
1.52208
1.51692
1.51168
1.50664
1.50331
1.50356
1.50871
1.51905
1.53401
1.55259
1.57352
1.5952
1.61574
1.63311
1.64555
1.65221
1.65368
1.65208
1.65027
1.65032
1.65216
1.65378
1.6527
1.64752
1.63869
1.62867
1.62089
1.61783
1.61961
1.62409
1.62814
1.62896
1.62471
1.61464
1.59899
1.5791
1.55796
1.54058
1.53265
1.53675
1.54954
1.56395
1.57436
1.57947
1.58166
1.58452
1.59043
1.59976
1.61148
1.62409
1.63633
1.64768
1.65857
1.66963
1.68011
1.68734
1.6879
1.67959
1.66267
1.64032
1.61815
1.60242
1.59705
1.60177
1.61284
1.62571
1.63722
1.64616
1.65237
1.65579
1.65574
1.65103
1.64045
1.62359
1.60125
1.57515
1.54721
1.51888
1.49129
1.46617
1.44609
1.43354
1.42962
1.43395
1.44572
1.46444
1.48984
1.52123
1.557
1.59471
1.63137
1.66413
1.69058
1.70917
1.71933
1.72148
1.71676
1.7067
1.69286
1.67657
1.65888
1.64072
1.62306
1.60698
1.59365
1.58417
1.57946
1.58018
1.58663
1.59855
1.61489
1.63387
1.65321
1.67052
1.68372
1.69144
1.6933
1.6897
1.68164
1.67057
1.65835
1.64744
1.64084
1.64102
1.64861
1.66193
1.67824
1.69499
1.71014
1.72178
1.72796
1.727
1.71839
1.70341
1.68487
1.66562
1.64713
1.62928
1.61134
1.59312
1.57516
1.55844
1.54393
1.53235
1.52426
1.52002
1.5196
1.52227
1.52651
1.53027
1.53134
1.52795
1.51927
1.50579
1.48939
1.47329
1.46165
1.45861
1.46701
1.48719
1.51652
1.54995
1.58147
1.60576
1.6194
1.6213
1.61268
1.59675
1.57827
1.56262
1.55423
1.55506
1.56407
1.57807
1.59354
1.60781
1.61926
2.84778
2.84006
2.82631
2.80557
2.7764
2.73684
2.68444
2.61647
2.53039
2.42447
2.29877
2.15638
2.00429
1.85326
1.71585
1.60333
1.52267
1.47536
1.4581
1.46463
1.4875
1.51934
1.55378
1.58584
1.61229
1.63164
1.64404
1.65097
1.65455
1.65679
1.65885
1.66068
1.66117
1.65845
1.65041
1.6354
1.61303
1.58476
1.5538
1.5241
1.49891
1.47977
1.46665
1.45895
1.45637
1.45918
1.46762
1.48117
1.49831
1.51665
1.53347
1.54637
1.5536
1.55428
1.54859
1.53793
1.52483
1.51235
1.50291
1.49757
1.49609
1.49781
1.50212
1.50857
1.51651
1.52478
1.53183
1.53621
1.53729
1.53574
1.53354
1.53318
1.53649
1.54388
1.55425
1.56555
1.57559
1.58292
1.58739
1.58992
1.59181
1.59359
1.59466
1.59379
1.59044
1.58542
1.58042
1.57692
1.57568
1.57678
1.57988
1.58439
1.58955
1.59431
1.59754
1.59824
1.5957
1.5895
1.5796
1.56615
1.54948
1.52999
1.50811
1.4845
1.46052
1.43843
1.42112
1.41122
1.41045
1.41943
1.43755
1.46259
1.49081
1.518
1.54074
1.5569
1.56569
1.56742
1.56323
1.55503
1.54512
1.53569
1.52801
1.52208
1.51692
1.51168
1.50664
1.50331
1.50356
1.50871
1.51905
1.53401
1.55259
1.57352
1.5952
1.61574
1.63311
1.64555
1.65221
1.65368
1.65208
1.65027
1.65032
1.65216
1.65378
1.6527
1.64752
1.63869
1.62867
1.62089
1.61783
1.61961
1.62409
1.62814
1.62896
1.62471
1.61464
1.59899
1.5791
1.55796
1.54058
1.53265
1.53675
1.54954
1.56395
1.57436
1.57947
1.58166
1.58452
1.59043
1.59976
1.61148
1.62409
1.63633
1.64768
1.65857
1.66963
1.68011
1.68734
1.6879
1.67959
1.66267
1.64032
1.61815
1.60242
1.59705
1.60177
1.61284
1.62571
1.63722
1.64616
1.65237
1.65579
1.65574
1.65103
1.64045
1.62359
1.60125
1.57515
1.54721
1.51888
1.49129
1.46617
1.44609
1.43354
1.42962
1.43395
1.44572
1.46444
1.48984
1.52123
1.557
1.59471
1.63137
1.66413
1.69058
1.70917
1.71933
1.72148
1.71676
1.7067
1.69286
1.67657
1.65888
1.64072
1.62306
1.60698
1.59365
1.58417
1.57946
1.58018
1.58663
1.59855
1.61489
1.63387
1.65321
1.67052
1.68372
1.69144
1.6933
1.6897
1.68164
1.67057
1.65835
1.64744
1.64084
1.64102
1.64861
1.66193
1.67824
1.69499
1.71014
1.72178
1.72796
1.727
1.71839
1.70341
1.68487
1.66562
1.64713
1.62928
1.61134
1.59312
1.57516
1.55844
1.54393
1.53235
1.52426
1.52002
1.5196
1.52227
1.52651
1.53027
1.53134
1.52795
1.51927
1.50579
1.48939
1.47329
1.46165
1.45861
1.46701
1.48719
1.51652
1.54995
1.58147
1.60576
1.6194
1.6213
1.61268
1.59675
1.57827
1.56262
1.55423
1.55506
1.56407
1.57807
1.59354
1.60781
1.61926
1.62687
1.62978
1.62733
1.61952
1.6074
1.59298
1.57827
1.5644
1.55131
1.53892
1.52862
1.52364
1.5277
1.54239
1.56568
1.59253
1.61707
1.63456
1.64228
1.63963
1.62798
1.61041
1.5912
1.57503
1.56564
1.5646
1.57073
1.58075
1.59051
1.59612
1.59474
1.58494
1.56709
1.54341
1.51749
1.49329
1.47418
1.46236
1.45877
1.4634
1.47544
1.49338
1.51485
1.53674
1.55554
1.56807
1.5722
1.56771
1.55674
1.54378
1.5342
1.53196
1.53751
1.54776
1.55836
1.56615
1.57049
1.57282
1.57548
1.58031
1.5879
1.5975
1.60755
1.6165
1.62339
1.62796
1.63044
1.63123
1.63069
1.62926
1.6276
1.62661
1.62711
1.62937
1.63294
1.63684
1.63997
1.64148
1.64108
1.63899
1.63579
1.63211
1.62849
1.62539
1.62302
1.62131
1.61979
1.61766
1.61419
1.60897
1.60222
1.59476
1.58787
1.58285
1.58038
1.58008
1.5805
1.57995
1.57784
1.57545
1.57526
1.57912
1.5868
1.5965
1.60611
1.61414
1.61982
1.62303
1.62437
1.62506
1.62673
1.63081
1.63799
1.6479
1.65928
1.67047
1.67979
1.68576
1.68724
1.6835
1.67445
1.66063
1.64333
1.62444
1.6062
1.59068
1.57956
1.57374
1.57324
1.57717
1.5839
1.5914
1.59783
1.60195
1.60341
1.60272
1.6011
1.60008
1.60098
1.60428
1.60918
1.61348
1.61411
1.60809
1.59398
1.57307
1.54981
1.53052
1.52067
1.52243
1.53456
1.55427
1.579
1.60702
1.63703
1.66776
1.69768
1.72506
1.74829
1.76615
1.77783
1.7829
1.78107
1.77206
1.75585
1.73282
1.70406
1.67154
1.63801
1.60678
1.58092
1.56235
1.55106
1.54578
1.54542
1.54997
1.56041
1.57744
1.60025
1.62576
1.64903
1.66476
1.6693
1.66256
1.64902
1.63651
1.63207
1.63836
1.65336
1.67245
1.69036
1.70247
1.70586
1.69978
1.68542
1.66539
1.6431
1.62223
1.60613
1.59704
1.5956
1.60065
1.60966
1.61962
1.62775
1.63215
1.63195
1.62685
1.61645
1.60036
1.57911
1.55523
1.53338
1.51908
1.51658
1.52721
1.54941
1.57984
1.61441
1.64904
1.6805
1.70712
1.72887
1.74679
1.76207
1.77526
1.78577
1.79207
1.79236
1.78516
1.76988
1.74701
1.71798
1.68481
1.64968
1.61485
1.58252
1.55487
1.53379
1.52038
1.51444
1.51452
1.51853
1.52468
1.53206
1.54075
1.55156
1.56513
1.58093
1.5968
1.60955
1.61612
1.61469
1.60505
1.58865
1.56826
1.54723
1.52831
1.51245
1.49899
1.48669
1.4751
1.46516
1.45926
1.46049
1.47105
1.49084
1.51732
1.54664
1.57509
1.59969
1.61815
1.62874
1.63064
1.62449
1.61252
1.59807
1.58463
1.57467
1.56886
1.56604
1.56393
1.56026
1.55355
1.54343
1.53023
1.51445
1.49652
1.47721
1.45834
1.44325
1.43609
1.43992
1.45451
1.47611
1.49958
1.52099
1.53883
1.5537
1.56721
1.5807
1.59445
1.60766
1.61897
1.6272
1.63178
1.63287
1.63115
1.62748
1.62259
1.61688
1.61023
1.6021
1.59202
1.58008
1.56737
1.55599
1.54846
1.5469
1.55225
1.56373
1.57895
1.59442
1.60616
1.61038
1.60423
1.58644
1.55816
1.52345
1.48851
1.45945
1.4397
1.42918
1.42567
1.42699
1.43209
1.4411
1.45462
1.47299
1.49572
1.52143
1.54821
1.57413
1.59757
1.61705
1.6308
1.63662
1.63255
1.61813
1.59519
1.56812
1.54298
1.52582
1.52078
1.52911
1.54937
1.57823
1.61127
1.6437
1.67095
1.68945
1.69727
1.69444
1.68265
1.6648
1.64456
1.62603
1.61315
1.6084
1.61174
1.62039
1.63029
1.63807
1.6426
1.64515
1.64814
1.65293
1.6584
1.66124
1.65777
1.64575
1.62528
1.59873
1.57033
1.54506
1.52762
1.52103
1.52582
1.54002
1.56009
1.58199
1.60188
1.61661
1.62399
1.62311
1.61458
1.60054
1.58441
1.5702
1.56158
1.56099
1.56904
1.5846
1.60534
1.62833
1.65064
1.66957
1.68291
1.68896
1.68675
1.67611
1.65779
1.6332
1.60409
1.5724
1.54028
1.51035
1.48542
1.46797
1.45911
1.4579
1.46177
1.46762
1.47321
1.47788
1.48243
1.48858
1.49778
1.50977
1.52223
1.53222
1.53873
1.54383
1.55166
1.56569
1.58634
1.61048
1.63302
1.64888
1.65435
1.64765
1.62921
1.60183
1.57066
1.54263
1.52462
1.52118
1.53295
1.5568
1.58749
1.61965
1.64915
1.67358
1.69228
1.70598
1.71602
1.72352
1.72866
1.73063
1.72803
1.71943
1.70367
1.67993
1.64786
1.60809
1.5627
1.51548
1.47151
1.43594
1.41235
1.40127
1.40032
1.40563
1.41365
1.42223
1.43089
1.44048
1.45277
1.46969
1.49273
1.52205
1.55604
1.59166
1.62541
1.65426
1.67613
1.68993
1.69532
1.69245
1.68185
1.66444
1.64191
1.61689
1.59247
1.57101
1.55321
1.53815
1.52433
1.51095
1.4985
1.4886
1.48283
1.48184
1.48497
1.49067
1.49724
1.50319
1.50729
1.50872
1.50781
1.5066
1.50878
1.51801
1.53551
1.55889
1.58355
1.6055
1.62289
1.63583
1.6452
1.65192
1.6565
1.65927
1.66054
1.66077
1.66064
1.66098
1.66253
1.6655
1.66945
1.6734
1.67629
1.67726
1.67598
1.67286
1.66902
1.66598
1.66497
1.66635
1.66966
1.67403
1.6784
1.68161
1.68237
1.67942
1.6718
1.65931
1.64273
1.62377
1.60439
1.58578
1.56775
1.54934
1.53049
1.51392
1.50497
1.50828
1.52358
1.54556
1.56817
1.58814
1.60494
1.61896
1.63018
1.63803
1.64181
1.64119
1.63615
1.6267
1.61288
1.59482
1.57318
1.54975
1.52774
1.51147
1.50469
1.50833
1.51954
1.53284
1.54265
1.54521
1.53926
1.52597
1.50842
1.49049
1.47563
1.46578
1.46165
1.46388
1.47378
1.49262
1.52048
1.55556
1.59441
1.63289
1.66702
1.69397
1.71243
1.72256
1.72532
1.72147
1.71104
1.69369
1.66948
1.63968
1.6068
1.57407
1.54444
1.51998
1.50189
1.49095
1.48731
1.49012
1.49752
1.50754
1.51879
1.53065
1.54275
1.55476
1.56635
1.57747
1.58837
1.59938
1.61036
1.62015
1.62672
1.62801
1.62315
1.6135
1.60281
1.59615
1.59746
1.60721
1.62197
1.63636
1.64531
1.64586
1.63775
1.62286
1.60394
1.58337
1.56313
1.5456
1.53418
1.5327
1.54349
1.56545
1.59386
1.62231
1.64502
1.65833
1.66089
1.6532
1.63693
1.61404
1.58618
1.5544
1.51969
1.48359
1.44859
1.41777
1.39381
1.3779
1.36958
1.36768
1.37147
1.38081
1.39506
1.41222
1.42966
1.44589
1.4611
1.47621
1.49168
1.50709
1.52192
1.53611
1.55
1.56359
1.5757
1.58394
1.58557
1.57873
1.56351
1.54246
1.52051
1.50381
1.49748
1.50306
1.51781
1.53638
1.55351
1.56626
1.57488
1.58191
1.58994
1.59986
1.61023
1.61823
1.62117
2.84778
2.84006
2.82631
2.80557
2.7764
2.73684
2.68444
2.61647
2.53039
2.42447
2.29877
2.15638
2.00429
1.85326
1.71585
1.60333
1.52267
1.47536
1.4581
1.46463
1.4875
1.51934
1.55378
1.58584
1.61229
1.63164
1.64404
1.65097
1.65455
1.65679
1.65885
1.66068
1.66117
1.65845
1.65041
1.6354
1.61303
1.58476
2.84778
2.84006
2.82631
2.80557
2.7764
2.73684
2.68444
2.61647
2.53039
2.42447
2.29877
2.15638
2.00429
1.85326
1.71585
1.60333
1.52267
1.47536
1.4581
1.46463
1.4875
1.51934
1.55378
1.58584
1.61229
2.84778
2.84006
2.82631
2.80557
2.7764
2.73684
2.68444
2.61647
2.53039
2.42447
2.29877
2.15638
2.00429
1.85326
1.71585
1.60333
1.52267
1.47536
1.4581
1.46463
2.84778
2.84006
2.82631
2.80557
2.7764
2.73684
2.68444
2.61647
2.53039
2.42447
2.29877
2.15638
2.00429
1.85326
1.71585
1.60333
1.52267
1.47536
1.4581
1.46463
1.4875
1.51934
1.55378
1.58584
1.61229
1.63164
1.64404
1.65097
1.65455
1.65679
1.65885
1.66068
1.66117
1.65845
1.65041
1.6354
1.61303
1.58476
1.5538
1.5241
1.49891
1.47977
1.46665
1.45895
1.45637
1.45918
1.46762
1.48117
1.49831
1.51665
1.53347
1.54637
1.5536
1.55428
1.54859
1.53793
1.52483
1.51235
1.50291
1.49757
1.49609
1.49781
1.50212
1.50857
1.51651
2.84778
2.84006
2.82631
2.80557
2.7764
2.73684
2.68444
2.61647
2.53039
2.42447
2.29877
2.15638
2.00429
1.85326
1.71585
1.60333
1.52267
1.47536
1.4581
1.46463
1.4875
2.84778
2.84006
2.82631
2.80557
2.7764
2.73684
2.68444
2.61647
2.53039
2.42447
2.29877
2.15638
2.00429
1.85326
1.71585
1.60333
1.52267
1.47536
2.84778
2.84006
2.82631
2.80557
2.7764
2.73684
2.68444
2.61647
2.53039
2.42447
2.29877
2.15638
2.00429
1.85326
1.71585
1.60333
1.52267
1.47536
1.4581
1.46463
1.4875
1.51934
1.55378
1.58584
1.61229
1.63164
1.64404
1.65097
1.65455
2.84778
2.84006
2.82631
2.80557
2.7764
2.73684
2.68444
2.61647
2.53039
2.42447
2.29877
2.15638
2.00429
1.85326
1.71585
1.60333
1.52267
1.47536
1.4581
1.46463
1.4875
1.51934
1.55378
1.58584
1.61229
1.63164
1.64404
1.65097
1.65455
1.65679
1.65885
1.66068
1.66117
1.65845
1.65041
1.6354
1.61303
1.58476
1.5538
1.5241
1.49891
1.47977
1.46665
1.45895
1.45637
1.45918
1.46762
1.48117
1.49831
1.51665
1.53347
1.54637
1.5536
1.55428
1.54859
1.53793
1.52483
1.51235
1.50291
1.49757
1.49609
1.49781
2.84778
2.84006
2.82631
2.80557
2.7764
2.73684
2.68444
2.61647
2.53039
2.42447
2.29877
2.15638
2.00429
1.85326
1.71585
1.60333
1.52267
1.47536
1.4581
1.46463
1.4875
1.51934
1.55378
1.58584
1.61229
1.63164
1.64404
1.65097
1.65455
1.65679
1.65885
1.66068
1.66117
1.65845
1.65041
1.6354
1.61303
1.58476
1.5538
1.5241
1.49891
1.47977
1.46665
1.45895
1.45637
1.45918
1.46762
1.48117
1.49831
1.51665
1.53347
1.54637
1.5536
1.55428
1.54859
1.53793
1.52483
1.51235
1.50291
1.49757
1.49609
1.49781
1.50212
1.50857
1.51651
1.52478
1.53183
1.53621
1.53729
1.53574
1.53354
1.53318
1.53649
1.54388
1.55425
1.56555
1.57559
1.58292
1.58739
1.58992
1.59181
1.59359
1.59466
1.59379
1.59044
1.58542
1.58042
1.57692
1.57568
1.57678
1.57988
1.58439
1.58955
1.59431
1.59754
1.59824
1.5957
1.5895
1.5796
1.56615
1.54948
1.52999
1.50811
1.4845
1.46052
1.43843
1.42112
1.41122
1.41045
1.41943
1.43755
1.46259
1.49081
1.518
1.54074
1.5569
1.56569
1.56742
1.56323
1.55503
1.54512
1.53569
1.52801
1.52208
1.51692
1.51168
1.50664
1.50331
1.50356
1.50871
1.51905
1.53401
1.55259
1.57352
1.5952
1.61574
1.63311
1.64555
1.65221
1.65368
1.65208
1.65027
1.65032
1.65216
1.65378
1.6527
1.64752
1.63869
2.84778
2.84006
2.82631
2.80557
2.7764
2.73684
2.68444
2.61647
2.53039
2.42447
2.29877
2.15638
2.00429
1.85326
1.71585
1.60333
1.52267
1.47536
1.4581
1.46463
1.4875
1.51934
1.55378
1.58584
1.61229
1.63164
1.64404
1.65097
1.65455
1.65679
1.65885
1.66068
1.66117
1.65845
1.65041
1.6354
1.61303
1.58476
1.5538
1.5241
1.49891
1.47977
1.46665
1.45895
1.45637
1.45918
1.46762
1.48117
1.49831
1.51665
1.53347
1.54637
1.5536
1.55428
1.54859
1.53793
1.52483
1.51235
1.50291
1.49757
1.49609
1.49781
1.50212
1.50857
1.51651
1.52478
1.53183
1.53621
1.53729
1.53574
1.53354
1.53318
1.53649
1.54388
1.55425
1.56555
1.57559
1.58292
1.58739
1.58992
1.59181
1.59359
1.59466
1.59379
1.59044
1.58542
1.58042
1.57692
1.57568
1.57678
1.57988
1.58439
1.58955
1.59431
1.59754
1.59824
1.5957
1.5895
1.5796
1.56615
1.54948
1.52999
1.50811
1.4845
1.46052
1.43843
1.42112
1.41122
1.41045
1.41943
1.43755
1.46259
1.49081
1.518
1.54074
1.5569
1.56569
1.56742
1.56323
1.55503
1.54512
1.53569
1.52801
1.52208
1.51692
1.51168
1.50664
1.50331
1.50356
1.50871
1.51905
1.53401
1.55259
1.57352
1.5952
1.61574
1.63311
1.64555
1.65221
1.65368
1.65208
1.65027
1.65032
1.65216
1.65378
1.6527
1.64752
1.63869
1.62867
1.62089
1.61783
1.61961
1.62409
1.62814
1.62896
1.62471
1.61464
1.59899
1.5791
1.55796
1.54058
1.53265
1.53675
1.54954
1.56395
1.57436
1.57947
1.58166
1.58452
1.59043
1.59976
1.61148
1.62409
1.63633
1.64768
1.65857
1.66963
1.68011
1.68734
1.6879
1.67959
1.66267
1.64032
1.61815
1.60242
1.59705
1.60177
1.61284
1.62571
1.63722
1.64616
1.65237
1.65579
1.65574
1.65103
1.64045
1.62359
1.60125
1.57515
1.54721
1.51888
1.49129
1.46617
1.44609
1.43354
1.42962
1.43395
1.44572
1.46444
1.48984
1.52123
1.557
1.59471
1.63137
1.66413
1.69058
1.70917
1.71933
1.72148
1.71676
1.7067
1.69286
1.67657
1.65888
1.64072
1.62306
1.60698
1.59365
1.58417
1.57946
1.58018
1.58663
1.59855
1.61489
1.63387
1.65321
1.67052
1.68372
1.69144
1.6933
1.6897
1.68164
1.67057
1.65835
1.64744
1.64084
1.64102
1.64861
1.66193
1.67824
1.69499
1.71014
1.72178
1.72796
1.727
1.71839
1.70341
1.68487
1.66562
1.64713
1.62928
1.61134
1.59312
1.57516
1.55844
1.54393
1.53235
1.52426
1.52002
1.5196
1.52227
1.52651
1.53027
1.53134
1.52795
1.51927
1.50579
1.48939
1.47329
1.46165
1.45861
1.46701
1.48719
1.51652
1.54995
1.58147
1.60576
1.6194
1.6213
1.61268
1.59675
1.57827
1.56262
1.55423
1.55506
1.56407
1.57807
1.59354
1.60781
1.61926
1.62687
1.62978
1.62733
1.61952
1.6074
1.59298
1.57827
1.5644
1.55131
1.53892
1.52862
1.52364
1.5277
1.54239
1.56568
1.59253
1.61707
1.63456
1.64228
1.63963
1.62798
1.61041
1.5912
1.57503
1.56564
1.5646
1.57073
1.58075
1.59051
1.59612
1.59474
1.58494
1.56709
1.54341
1.51749
1.49329
1.47418
1.46236
1.45877
1.4634
1.47544
1.49338
1.51485
1.53674
1.55554
1.56807
1.5722
1.56771
1.55674
1.54378
1.5342
1.53196
1.53751
1.54776
1.55836
1.56615
1.57049
1.57282
1.57548
1.58031
1.5879
1.5975
1.60755
1.6165
1.62339
1.62796
1.63044
1.63123
1.63069
1.62926
1.6276
1.62661
1.62711
1.62937
1.63294
1.63684
1.63997
1.64148
1.64108
1.63899
1.63579
1.63211
1.62849
1.62539
1.62302
1.62131
1.61979
1.61766
1.61419
1.60897
1.60222
1.59476
1.58787
1.58285
1.58038
1.58008
1.5805
1.57995
1.57784
1.57545
1.57526
1.57912
1.5868
1.5965
1.60611
1.61414
1.61982
1.62303
1.62437
1.62506
1.62673
1.63081
1.63799
1.6479
1.65928
1.67047
1.67979
1.68576
1.68724
1.6835
1.67445
1.66063
1.64333
1.62444
1.6062
1.59068
1.57956
1.57374
1.57324
1.57717
1.5839
1.5914
1.59783
1.60195
1.60341
1.60272
1.6011
1.60008
1.60098
1.60428
1.60918
1.61348
1.61411
1.60809
1.59398
1.57307
1.54981
1.53052
1.52067
1.52243
1.53456
1.55427
1.579
1.60702
1.63703
1.66776
1.69768
1.72506
1.74829
1.76615
1.77783
1.7829
1.78107
1.77206
1.75585
1.73282
1.70406
1.67154
1.63801
1.60678
1.58092
1.56235
1.55106
1.54578
1.54542
1.54997
1.56041
1.57744
1.60025
1.62576
1.64903
1.66476
1.6693
1.66256
1.64902
1.63651
1.63207
1.63836
1.65336
1.67245
1.69036
1.70247
1.70586
1.69978
1.68542
1.66539
1.6431
1.62223
1.60613
1.59704
1.5956
1.60065
1.60966
1.61962
1.62775
1.63215
1.63195
1.62685
1.61645
1.60036
1.57911
1.55523
1.53338
1.51908
1.51658
1.52721
1.54941
1.57984
1.61441
1.64904
1.6805
1.70712
1.72887
1.74679
1.76207
1.77526
1.78577
1.79207
1.79236
1.78516
1.76988
1.74701
1.71798
1.68481
1.64968
1.61485
1.58252
1.55487
1.53379
1.52038
1.51444
1.51452
1.51853
1.52468
1.53206
1.54075
1.55156
1.56513
1.58093
1.5968
1.60955
1.61612
1.61469
1.60505
1.58865
1.56826
1.54723
1.52831
1.51245
1.49899
1.48669
1.4751
1.46516
1.45926
1.46049
1.47105
1.49084
1.51732
1.54664
1.57509
1.59969
1.61815
1.62874
1.63064
1.62449
1.61252
1.59807
1.58463
1.57467
1.56886
1.56604
1.56393
1.56026
1.55355
1.54343
1.53023
1.51445
1.49652
1.47721
1.45834
1.44325
1.43609
1.43992
1.45451
1.47611
1.49958
1.52099
1.53883
1.5537
1.56721
1.5807
1.59445
1.60766
1.61897
1.6272
1.63178
1.63287
1.63115
1.62748
1.62259
1.61688
1.61023
1.6021
1.59202
1.58008
1.56737
1.55599
1.54846
1.5469
1.55225
1.56373
1.57895
1.59442
1.60616
1.61038
1.60423
1.58644
1.55816
1.52345
1.48851
1.45945
1.4397
1.42918
1.42567
1.42699
1.43209
1.4411
1.45462
1.47299
1.49572
1.52143
1.54821
1.57413
1.59757
1.61705
1.6308
1.63662
1.63255
1.61813
1.59519
1.56812
1.54298
1.52582
1.52078
1.52911
1.54937
1.57823
1.61127
1.6437
1.67095
1.68945
1.69727
1.69444
1.68265
1.6648
1.64456
1.62603
1.61315
1.6084
1.61174
1.62039
1.63029
1.63807
1.6426
1.64515
1.64814
1.65293
1.6584
1.66124
1.65777
1.64575
1.62528
1.59873
1.57033
1.54506
1.52762
1.52103
1.52582
1.54002
1.56009
1.58199
1.60188
1.61661
1.62399
1.62311
1.61458
1.60054
1.58441
1.5702
1.56158
1.56099
1.56904
1.5846
1.60534
1.62833
1.65064
1.66957
1.68291
1.68896
1.68675
1.67611
1.65779
1.6332
1.60409
1.5724
1.54028
1.51035
1.48542
1.46797
1.45911
1.4579
1.46177
1.46762
1.47321
1.47788
1.48243
1.48858
1.49778
1.50977
1.52223
1.53222
1.53873
1.54383
1.55166
1.56569
1.58634
1.61048
1.63302
1.64888
1.65435
1.64765
1.62921
1.60183
1.57066
1.54263
1.52462
1.52118
1.53295
1.5568
1.58749
1.61965
1.64915
1.67358
1.69228
1.70598
1.71602
1.72352
1.72866
1.73063
1.72803
1.71943
1.70367
1.67993
1.64786
1.60809
1.5627
1.51548
1.47151
1.43594
1.41235
1.40127
1.40032
1.40563
1.41365
1.42223
1.43089
1.44048
1.45277
1.46969
1.49273
1.52205
1.55604
1.59166
1.62541
1.65426
1.67613
1.68993
1.69532
1.69245
1.68185
1.66444
1.64191
1.61689
1.59247
1.57101
1.55321
1.53815
1.52433
1.51095
1.4985
1.4886
1.48283
1.48184
1.48497
1.49067
1.49724
1.50319
1.50729
1.50872
1.50781
1.5066
1.50878
1.51801
1.53551
1.55889
1.58355
1.6055
1.62289
1.63583
1.6452
1.65192
1.6565
1.65927
1.66054
1.66077
1.66064
1.66098
1.66253
1.6655
1.66945
1.6734
1.67629
1.67726
1.67598
1.67286
1.66902
1.66598
1.66497
1.66635
1.66966
1.67403
1.6784
1.68161
1.68237
1.67942
1.6718
1.65931
1.64273
1.62377
1.60439
1.58578
1.56775
1.54934
1.53049
1.51392
1.50497
1.50828
1.52358
1.54556
1.56817
1.58814
1.60494
1.61896
1.63018
1.63803
1.64181
1.64119
1.63615
1.6267
1.61288
1.59482
1.57318
1.54975
1.52774
1.51147
1.50469
1.50833
1.51954
1.53284
1.54265
1.54521
1.53926
1.52597
1.50842
1.49049
1.47563
1.46578
1.46165
1.46388
1.47378
1.49262
1.52048
1.55556
1.59441
1.63289
1.66702
1.69397
1.71243
1.72256
1.72532
1.72147
1.71104
1.69369
1.66948
1.63968
1.6068
1.57407
1.54444
1.51998
1.50189
1.49095
1.48731
1.49012
1.49752
1.50754
1.51879
1.53065
1.54275
1.55476
1.56635
1.57747
1.58837
1.59938
1.61036
1.62015
1.62672
1.62801
1.62315
1.6135
1.60281
1.59615
1.59746
1.60721
1.62197
1.63636
1.64531
1.64586
1.63775
1.62286
1.60394
1.58337
1.56313
1.5456
1.53418
1.5327
1.54349
1.56545
1.59386
1.62231
1.64502
1.65833
1.66089
1.6532
1.63693
1.61404
1.58618
1.5544
1.51969
1.48359
1.44859
1.41777
1.39381
1.3779
1.36958
1.36768
1.37147
1.38081
1.39506
1.41222
1.42966
1.44589
1.4611
1.47621
1.49168
1.50709
1.52192
1.53611
1.55
1.56359
1.5757
1.58394
1.58557
1.57873
1.56351
1.54246
1.52051
1.50381
1.49748
1.50306
1.51781
1.53638
1.55351
1.56626
1.57488
1.58191
1.58994
1.59986
1.61023
1.61823
1.62117
2.84778
2.84006
2.82631
2.80557
2.7764
2.73684
2.68444
2.61647
2.53039
2.42447
2.29877
2.15638
2.00429
1.85326
1.71585
1.60333
1.52267
1.47536
1.4581
1.46463
1.4875
1.51934
1.55378
1.58584
1.61229
1.63164
1.64404
1.65097
1.65455
1.65679
1.65885
1.66068
1.66117
1.65845
1.65041
1.6354
1.61303
1.58476
1.5538
1.5241
1.49891
1.47977
1.46665
1.45895
1.45637
1.45918
1.46762
1.48117
1.49831
1.51665
1.53347
1.54637
1.5536
1.55428
1.54859
1.53793
1.52483
1.51235
1.50291
1.49757
1.49609
1.49781
1.50212
1.50857
1.51651
1.52478
1.53183
1.53621
1.53729
1.53574
1.53354
1.53318
1.53649
1.54388
1.55425
1.56555
1.57559
1.58292
1.58739
1.58992
1.59181
1.59359
1.59466
1.59379
1.59044
1.58542
1.58042
1.57692
1.57568
1.57678
1.57988
1.58439
1.58955
1.59431
1.59754
1.59824
1.5957
1.5895
1.5796
1.56615
1.54948
1.52999
1.50811
1.4845
1.46052
1.43843
1.42112
1.41122
1.41045
1.41943
1.43755
1.46259
1.49081
1.518
1.54074
1.5569
1.56569
1.56742
1.56323
1.55503
1.54512
1.53569
1.52801
1.52208
1.51692
1.51168
1.50664
1.50331
1.50356
1.50871
1.51905
1.53401
1.55259
1.57352
1.5952
1.61574
1.63311
1.64555
1.65221
1.65368
1.65208
1.65027
1.65032
1.65216
1.65378
1.6527
1.64752
1.63869
1.62867
1.62089
1.61783
1.61961
1.62409
1.62814
1.62896
1.62471
1.61464
1.59899
1.5791
1.55796
1.54058
1.53265
1.53675
1.54954
1.56395
1.57436
1.57947
1.58166
1.58452
1.59043
1.59976
1.61148
1.62409
1.63633
1.64768
1.65857
1.66963
1.68011
1.68734
1.6879
1.67959
1.66267
1.64032
1.61815
1.60242
1.59705
1.60177
1.61284
1.62571
1.63722
1.64616
1.65237
1.65579
1.65574
1.65103
1.64045
1.62359
1.60125
1.57515
1.54721
1.51888
1.49129
1.46617
1.44609
1.43354
1.42962
1.43395
1.44572
1.46444
1.48984
1.52123
1.557
1.59471
1.63137
1.66413
1.69058
1.70917
1.71933
1.72148
1.71676
1.7067
1.69286
1.67657
1.65888
1.64072
1.62306
1.60698
1.59365
1.58417
1.57946
1.58018
1.58663
1.59855
1.61489
1.63387
1.65321
1.67052
1.68372
1.69144
1.6933
1.6897
1.68164
1.67057
1.65835
1.64744
1.64084
1.64102
1.64861
1.66193
1.67824
1.69499
1.71014
1.72178
1.72796
1.727
1.71839
1.70341
1.68487
1.66562
1.64713
1.62928
1.61134
1.59312
1.57516
1.55844
1.54393
1.53235
1.52426
1.52002
1.5196
1.52227
1.52651
1.53027
1.53134
1.52795
1.51927
1.50579
1.48939
1.47329
1.46165
1.45861
1.46701
1.48719
1.51652
1.54995
1.58147
1.60576
1.6194
1.6213
1.61268
1.59675
1.57827
1.56262
1.55423
1.55506
1.56407
1.57807
1.59354
1.60781
1.61926
1.62687
1.62978
1.62733
1.61952
1.6074
1.59298
1.57827
1.5644
1.55131
1.53892
1.52862
1.52364
1.5277
1.54239
1.56568
1.59253
1.61707
1.63456
1.64228
1.63963
1.62798
1.61041
1.5912
1.57503
1.56564
1.5646
1.57073
1.58075
1.59051
1.59612
1.59474
1.58494
1.56709
1.54341
1.51749
1.49329
1.47418
1.46236
1.45877
1.4634
1.47544
1.49338
1.51485
1.53674
1.55554
1.56807
1.5722
1.56771
1.55674
1.54378
1.5342
1.53196
1.53751
1.54776
1.55836
1.56615
1.57049
1.57282
1.57548
1.58031
1.5879
1.5975
1.60755
1.6165
1.62339
1.62796
1.63044
1.63123
1.63069
1.62926
1.6276
1.62661
1.62711
1.62937
1.63294
1.63684
1.63997
1.64148
1.64108
1.63899
1.63579
1.63211
1.62849
1.62539
1.62302
1.62131
1.61979
1.61766
1.61419
1.60897
1.60222
1.59476
1.58787
1.58285
1.58038
1.58008
1.5805
1.57995
1.57784
1.57545
1.57526
1.57912
1.5868
1.5965
1.60611
1.61414
1.61982
1.62303
1.62437
1.62506
1.62673
1.63081
1.63799
1.6479
1.65928
1.67047
1.67979
1.68576
1.68724
1.6835
1.67445
1.66063
1.64333
1.62444
1.6062
1.59068
1.57956
1.57374
1.57324
1.57717
1.5839
1.5914
1.59783
1.60195
1.60341
1.60272
1.6011
1.60008
1.60098
1.60428
1.60918
1.61348
1.61411
1.60809
1.59398
1.57307
1.54981
1.53052
1.52067
1.52243
1.53456
1.55427
1.579
1.60702
1.63703
1.66776
1.69768
1.72506
1.74829
1.76615
1.77783
1.7829
1.78107
1.77206
1.75585
1.73282
1.70406
1.67154
1.63801
1.60678
1.58092
1.56235
1.55106
1.54578
1.54542
1.54997
1.56041
1.57744
1.60025
1.62576
1.64903
1.66476
1.6693
1.66256
1.64902
1.63651
1.63207
1.63836
1.65336
1.67245
1.69036
1.70247
1.70586
1.69978
1.68542
1.66539
1.6431
1.62223
1.60613
1.59704
1.5956
1.60065
1.60966
1.61962
1.62775
1.63215
1.63195
1.62685
1.61645
1.60036
1.57911
1.55523
1.53338
1.51908
1.51658
1.52721
1.54941
1.57984
1.61441
1.64904
1.6805
1.70712
1.72887
1.74679
1.76207
1.77526
1.78577
1.79207
1.79236
1.78516
1.76988
1.74701
1.71798
1.68481
1.64968
1.61485
1.58252
1.55487
1.53379
1.52038
1.51444
1.51452
1.51853
1.52468
1.53206
1.54075
1.55156
1.56513
1.58093
1.5968
1.60955
1.61612
1.61469
1.60505
1.58865
1.56826
1.54723
1.52831
1.51245
1.49899
1.48669
1.4751
1.46516
1.45926
1.46049
1.47105
1.49084
1.51732
1.54664
1.57509
1.59969
1.61815
1.62874
1.63064
1.62449
1.61252
1.59807
1.58463
1.57467
1.56886
1.56604
1.56393
1.56026
1.55355
1.54343
1.53023
1.51445
1.49652
1.47721
1.45834
1.44325
1.43609
1.43992
1.45451
1.47611
1.49958
1.52099
1.53883
1.5537
1.56721
1.5807
1.59445
1.60766
1.61897
1.6272
1.63178
1.63287
1.63115
1.62748
1.62259
1.61688
1.61023
1.6021
1.59202
1.58008
1.56737
1.55599
1.54846
1.5469
1.55225
1.56373
1.57895
1.59442
1.60616
1.61038
1.60423
1.58644
1.55816
1.52345
1.48851
1.45945
1.4397
1.42918
1.42567
1.42699
1.43209
1.4411
1.45462
1.47299
1.49572
1.52143
1.54821
1.57413
1.59757
1.61705
1.6308
1.63662
1.63255
1.61813
1.59519
1.56812
1.54298
1.52582
1.52078
1.52911
1.54937
1.57823
1.61127
1.6437
1.67095
1.68945
1.69727
1.69444
1.68265
1.6648
1.64456
1.62603
1.61315
1.6084
1.61174
1.62039
1.63029
1.63807
1.6426
1.64515
1.64814
1.65293
1.6584
1.66124
1.65777
1.64575
1.62528
1.59873
1.57033
1.54506
1.52762
1.52103
1.52582
1.54002
1.56009
1.58199
1.60188
1.61661
1.62399
1.62311
1.61458
1.60054
1.58441
1.5702
1.56158
1.56099
1.56904
1.5846
1.60534
1.62833
1.65064
1.66957
1.68291
1.68896
1.68675
1.67611
1.65779
1.6332
1.60409
1.5724
1.54028
1.51035
1.48542
1.46797
1.45911
1.4579
1.46177
1.46762
1.47321
1.47788
1.48243
1.48858
1.49778
1.50977
1.52223
1.53222
1.53873
1.54383
1.55166
1.56569
1.58634
1.61048
1.63302
1.64888
1.65435
1.64765
1.62921
1.60183
1.57066
1.54263
1.52462
1.52118
1.53295
1.5568
1.58749
1.61965
1.64915
1.67358
1.69228
1.70598
1.71602
1.72352
1.72866
1.73063
1.72803
1.71943
1.70367
1.67993
1.64786
1.60809
1.5627
1.51548
1.47151
1.43594
1.41235
1.40127
1.40032
1.40563
1.41365
1.42223
1.43089
1.44048
1.45277
1.46969
1.49273
1.52205
1.55604
1.59166
1.62541
1.65426
1.67613
1.68993
1.69532
1.69245
1.68185
1.66444
1.64191
1.61689
1.59247
1.57101
1.55321
1.53815
1.52433
1.51095
1.4985
1.4886
1.48283
1.48184
1.48497
1.49067
1.49724
1.50319
1.50729
1.50872
1.50781
1.5066
1.50878
1.51801
1.53551
1.55889
1.58355
1.6055
1.62289
1.63583
1.6452
1.65192
1.6565
1.65927
1.66054
1.66077
1.66064
1.66098
1.66253
1.6655
1.66945
1.6734
1.67629
1.67726
1.67598
1.67286
1.66902
1.66598
1.66497
1.66635
1.66966
1.67403
1.6784
1.68161
1.68237
1.67942
1.6718
1.65931
1.64273
1.62377
1.60439
1.58578
1.56775
1.54934
1.53049
1.51392
1.50497
1.50828
1.52358
1.54556
1.56817
1.58814
1.60494
1.61896
1.63018
1.63803
1.64181
1.64119
1.63615
1.6267
1.61288
1.59482
1.57318
1.54975
1.52774
1.51147
1.50469
1.50833
1.51954
1.53284
1.54265
1.54521
1.53926
1.52597
1.50842
1.49049
1.47563
1.46578
1.46165
1.46388
1.47378
1.49262
1.52048
1.55556
1.59441
1.63289
1.66702
1.69397
1.71243
1.72256
1.72532
1.72147
1.71104
1.69369
1.66948
1.63968
1.6068
1.57407
1.54444
1.51998
1.50189
1.49095
1.48731
1.49012
1.49752
1.50754
1.51879
1.53065
1.54275
1.55476
1.56635
1.57747
1.58837
1.59938
1.61036
1.62015
1.62672
1.62801
1.62315
1.6135
1.60281
1.59615
1.59746
1.60721
1.62197
1.63636
1.64531
1.64586
1.63775
1.62286
1.60394
1.58337
1.56313
1.5456
1.53418
1.5327
1.54349
1.56545
1.59386
1.62231
1.64502
1.65833
1.66089
1.6532
1.63693
1.61404
1.58618
1.5544
1.51969
1.48359
1.44859
1.41777
1.39381
1.3779
1.36958
1.36768
1.37147
1.38081
1.39506
1.41222
1.42966
1.44589
1.4611
1.47621
1.49168
1.50709
1.52192
1.53611
1.55
1.56359
1.5757
1.58394
1.58557
1.57873
1.56351
1.54246
1.52051
1.50381
1.49748
1.50306
1.51781
1.53638
1.55351
1.56626
1.57488
1.58191
1.58994
1.59986
1.61023
1.61823
1.62117
1.61747
1.60702
1.59099
1.57168
1.55216
1.53575
1.52519
1.52179
1.52502
1.53284
1.54246
1.55115
1.55684
1.55829
1.55528
1.54868
1.54033
1.53254
1.52721
1.52522
1.52615
1.5287
1.5314
1.53319
1.5339
1.53413
1.53508
1.53796
1.54302
1.54884
1.55246
1.55058
1.541
1.52349
1.49986
1.47339
1.44785
1.42652
1.4116
1.40389
1.40309
1.40832
1.41845
1.43229
1.44855
1.466
1.48364
1.50078
1.51693
1.53149
1.54392
1.55387
1.56145
1.56717
1.57148
1.57442
1.57565
1.5751
1.57364
1.57298
1.57476
1.57928
1.58514
1.58968
1.58988
1.5834
1.56931
1.54857
1.52405
1.49997
1.48065
1.46891
1.46495
1.46651
1.47024
1.47308
1.47309
1.46942
1.46185
1.45074
1.43735
1.4242
1.41465
1.41166
1.41664
1.42906
1.44683
1.46704
1.48678
1.50371
1.51629
1.52394
1.527
1.52669
1.52493
1.52388
1.52526
1.53001
1.53823
1.54944
1.56295
1.57788
1.59332
1.60842
1.62254
1.63515
1.64556
1.65285
1.65615
1.65501
1.64972
1.64134
1.63121
1.62057
1.61012
1.6
1.58989
1.57933
1.56798
1.55589
1.54367
1.53244
1.52367
1.51879
1.51862
1.52302
1.53079
1.54022
1.54971
1.55828
1.56567
1.57222
1.57854
1.58513
1.59191
1.59825
1.60356
1.60794
1.61222
1.61724
1.62327
1.62997
1.63694
1.64421
1.6521
1.66076
1.66946
1.67666
1.68043
1.67906
1.67154
1.65768
1.63809
1.61431
1.58892
1.56545
1.54775
1.53906
1.54123
1.55416
1.57602
1.60377
1.63397
1.66327
1.68864
1.70737
1.71726
1.71692
1.706
1.68515
1.65586
1.62028
1.58111
1.54169
1.50605
1.47847
1.4626
1.46033
1.47121
1.49292
1.52207
1.55485
1.58741
1.61648
1.64003
1.65752
1.66947
1.67664
1.67941
1.67764
1.6712
1.66037
1.64589
1.62848
1.60846
1.5859
1.56107
1.53503
1.50975
1.48804
1.4729
1.46664
1.4699
1.48133
1.49793
1.51621
1.53326
1.54739
1.5581
1.56551
1.56987
1.57142
1.57062
1.56837
1.56551
1.56217
1.55755
1.55053
1.54059
1.52817
1.51416
1.49944
1.48468
1.47133
1.46272
1.46393
1.4788
1.50631
1.5404
1.57361
1.60034
1.61781
1.62528
1.62303
1.61172
1.59199
1.5646
1.53084
1.49362
1.45828
1.43214
1.42127
1.42674
1.44346
1.46308
1.47828
1.48533
1.48417
1.47729
1.4682
1.46028
1.45619
1.45755
1.46487
1.47739
1.49336
1.51082
1.52853
1.5465
1.56541
1.58574
1.60703
1.62785
1.64626
1.66039
1.66885
1.67108
1.66742
1.65888
1.64693
1.63308
1.61863
1.60451
1.59119
1.57874
1.56681
1.55486
1.54226
1.52865
1.51436
1.50052
1.48895
1.48153
1.47943
1.48276
1.49089
1.5031
1.51928
1.53999
1.56606
1.59755
1.63285
1.66858
1.70056
1.72501
1.73958
1.74372
1.73849
1.72589
1.70822
1.68763
1.66607
1.64507
1.62554
1.60791
1.59259
1.58037
1.57206
1.56796
1.56754
1.56958
1.57263
1.57568
1.57851
1.5817
1.58622
1.59249
1.59967
1.60574
1.60856
1.60681
1.60039
1.59027
1.57789
1.5646
1.55118
1.53794
1.52549
1.51533
1.50923
1.50747
1.50794
1.50708
1.50181
1.4908
1.47484
1.45651
1.43909
1.42541
1.41727
1.41564
1.42113
1.43408
1.45422
1.48012
1.50903
1.53718
1.56065
1.57649
1.5839
1.58464
1.58165
1.57693
1.57074
1.56305
1.55534
1.55059
1.55166
1.55971
1.57378
1.59138
1.60962
1.62625
1.64012
1.65073
1.65765
1.66016
1.65751
1.64933
1.63601
1.61872
1.59905
1.5783
1.55693
1.53464
1.51166
1.48999
1.47338
1.46562
1.46815
1.47916
1.49457
1.51016
1.52311
1.53222
1.53761
1.54023
1.54174
1.54409
1.54878
1.55592
1.56407
1.57128
1.57647
1.58
1.5828
1.58511
1.58583
1.58289
1.5744
1.55964
1.53962
1.51737
1.49774
1.48637
1.48731
1.50076
1.52264
1.54642
1.56562
1.57553
1.57403
1.56187
1.54229
1.52014
1.50038
1.48673
1.48108
1.48381
1.49443
1.51206
1.53518
1.56133
1.58713
1.60913
1.62494
1.63405
1.63786
1.63902
1.64034
1.64384
1.65024
1.65892
1.6683
1.67652
1.68196
1.68397
1.68316
1.68133
1.6808
1.68341
1.6896
1.69819
1.70687
1.7131
1.71475
1.71058
1.70054
1.68575
1.66809
1.64909
1.6287
1.60551
1.57836
1.54807
1.51782
1.49192
1.47396
1.46518
1.46424
1.46838
1.47504
1.48283
1.49166
1.50207
1.51459
1.52954
1.54706
1.56715
1.58946
1.61307
1.63645
1.65771
1.67509
1.68729
1.6937
1.69436
1.68987
1.68123
1.66973
1.65682
1.64394
1.63221
1.62241
1.61491
1.60979
1.60688
1.60575
1.60586
1.60691
1.60904
1.61274
1.61843
1.62618
1.63543
1.64514
1.65418
1.66161
1.66726
1.67157
1.67515
1.6781
1.67969
1.67884
1.67522
1.67022
1.66714
1.66952
1.6785
1.69149
1.70361
1.71054
1.71001
1.70162
1.68632
1.66591
1.64291
1.62063
1.60303
1.59411
1.59642
1.60956
1.62982
1.6514
1.66856
1.67729
1.67597
1.66509
1.64656
1.62274
1.59567
1.56684
1.53747
1.50918
1.48462
1.46751
1.46165
1.46915
1.48893
1.51657
1.54561
1.56962
1.5841
1.58736
1.58051
1.56667
1.5499
1.53458
1.52471
1.52306
1.52988
1.54254
1.55636
1.56683
1.57137
1.56991
1.56416
1.55626
1.54762
1.53872
1.52974
1.52151
1.516
1.51567
1.52191
1.53394
1.54906
1.56402
1.57645
1.58535
1.59076
1.59309
1.59271
1.58988
1.58513
1.57951
1.57458
1.57207
1.57327
1.57837
1.5864
1.59544
1.60343
1.60891
1.61137
1.61112
1.60875
1.60437
1.59734
1.58655
1.57121
1.55153
1.52897
1.50608
1.48573
1.47057
1.46278
1.46383
1.47427
1.49312
1.51746
1.54294
1.56493
1.5798
1.58581
1.58328
1.57404
1.56055
1.54505
1.52922
1.51425
1.50138
1.49213
1.48819
1.491
1.50112
1.51782
1.53892
1.56126
1.58194
1.59926
1.61307
1.62421
1.63409
1.6443
1.65641
1.67141
1.68913
1.70812
1.72597
1.74016
1.74868
1.7503
1.74436
1.7306
1.7091
1.68074
1.64788
1.61444
1.58467
1.56144
1.5461
1.53965
1.54257
1.55346
1.56917
1.58648
1.60322
1.61847
1.6321
1.64438
1.65551
1.6654
1.67367
1.67996
1.68441
1.68756
1.68963
1.68963
1.68508
1.67323
1.65254
1.6238
1.59045
1.55767
1.53068
1.51288
1.50475
1.5046
1.51016
1.51943
1.53039
1.54074
1.5486
1.55353
1.55685
1.56078
1.56697
1.57543
1.58451
1.59178
1.59507
1.59342
1.58741
1.57917
1.57149
1.56644
1.56418
1.5631
1.56111
1.55695
1.55065
1.54321
1.536
1.5302
1.5266
1.5257
1.5279
1.5334
1.54201
1.55311
1.56605
1.58037
1.59568
1.6113
1.62587
1.63754
1.64456
1.64615
1.6428
1.63615
1.62829
1.62126
1.61636
1.61388
1.613
1.6121
1.60927
1.6026
1.59069
1.57367
1.55468
1.54045
1.53815
1.54944
1.56864
1.58776
1.60193
1.61026
1.61397
1.61458
1.61332
1.61089
1.60749
1.60304
1.59768
1.59211
1.58787
1.58712
1.59192
1.60313
1.61975
1.6391
1.65796
1.67378
1.68552
1.69371
1.70003
1.70654
1.71477
1.72511
1.73648
1.74663
1.75275
1.75232
1.74386
1.72744
1.70473
1.67868
1.65267
1.6294
1.61004
1.5941
1.57997
1.566
1.55146
1.53678
1.52287
1.51075
1.50204
1.4994
1.50517
1.51847
1.53387
1.54363
1.54189
1.52744
1.50454
1.48163
1.46774
1.46731
1.4778
1.49237
1.50475
1.51152
1.51182
1.50625
1.49621
1.48361
1.47088
1.46057
1.45474
1.45434
1.45904
1.46769
1.47859
1.48989
1.49975
1.50696
1.51143
1.5141
1.51606
1.51782
1.51954
1.52149
1.52396
1.52709
1.53099
1.53579
1.54123
1.54619
1.54868
1.54684
1.54034
1.53107
1.52242
1.51725
1.51663
1.52009
1.52673
1.53579
1.54645
1.55753
1.56768
1.57582
1.58148
1.58465
1.58533
1.58326
1.57789
1.56885
1.55652
1.54216
1.52737
1.51331
1.50029
1.48854
1.47956
1.47639
1.48157
1.49445
1.51085
1.52563
1.53528
1.53817
1.53368
1.52179
1.50358
1.48189
1.46139
1.44798
1.4469
1.46041
1.48683
1.52209
1.5618
1.60199
1.63898
1.66951
1.69139
1.70381
1.70711
1.70218
1.68999
1.67157
1.64821
1.62169
1.59449
1.56959
1.54994
1.5378
1.53416
1.53853
1.54921
1.56369
1.57919
1.59314
1.60364
1.60955
1.61048
1.6065
1.59824
1.58714
1.57564
1.56702
1.56449
1.57029
1.58498
1.60731
1.63461
1.66349
1.69063
1.71333
1.7297
1.73876
1.74024
1.73446
1.7222
1.70459
1.68309
1.65949
1.63584
1.61421
1.59653
1.58416
1.57765
1.57661
1.57994
1.58613
1.5936
1.60103
1.60758
1.6128
1.61643
1.61812
1.61719
1.61289
1.60484
1.59358
1.58074
1.56871
1.55998
1.55635
1.55842
1.56551
1.57602
1.58783
1.59873
1.60679
1.61087
1.61115
1.60918
1.60727
1.60726
1.60965
1.61353
1.61737
1.61966
1.61935
1.61583
1.60896
1.59908
1.58692
1.57346
1.55979
1.54666
1.53414
1.52125
1.50654
1.48924
1.47105
1.45704
1.45388
1.46512
1.48764
1.51385
1.53704
1.55415
1.5653
1.57214
1.57649
1.57988
1.58354
1.58852
1.59574
1.6058
1.61866
1.63352
1.64887
1.66285
1.6738
1.68065
1.68307
1.68143
1.67661
1.66966
1.66164
1.65347
1.64593
1.63964
1.63501
1.6318
1.62896
1.62499
1.61955
1.6149
1.61529
1.62287
1.63441
1.64352
1.64539
1.63866
1.62451
1.60538
1.58452
1.56564
1.55212
1.54571
1.54547
1.54801
1.54875
1.54371
1.53105
1.51121
1.486
1.45781
1.42954
1.40458
1.3864
1.37776
1.38018
1.39376
1.41729
1.44822
1.48297
1.51753
1.54846
1.57359
1.59229
1.60522
1.61397
1.62067
1.62771
1.63737
1.65114
1.66852
1.6864
1.70028
1.70643
1.70328
1.6914
1.6725
1.6488
1.62267
1.5964
1.57188
1.55033
1.5324
1.51895
1.51154
1.51177
1.51955
1.53201
1.54452
1.55263
1.55347
1.54613
1.53165
1.51216
1.48982
1.46651
1.44442
1.42658
1.41613
1.41505
1.42333
1.4392
1.46009
1.48353
1.50791
1.5327
1.55804
1.58358
1.60782
1.62849
1.64343
1.6512
1.65126
1.64394
1.63047
1.6126
1.59201
1.56985
1.54656
1.52239
1.49776
1.47344
1.45019
1.42835
1.40772
1.38825
1.37083
1.35774
1.35194
1.35562
1.36923
1.39184
1.42222
1.45903
1.50005
1.54191
1.58051
1.61212
1.63443
1.64679
1.65017
1.64662
1.6385
1.62766
1.61501
1.60071
1.58479
1.56795
1.55176
1.538
1.52783
1.52137
1.51772
1.5154
1.51279
1.50864
1.5023
1.4939
1.48412
1.47405
1.46502
1.45874
1.4573
1.4628
1.47641
1.49744
1.5233
1.55049
1.57563
1.59629
1.61126
1.62058
1.62512
1.62608
1.62444
1.62084
1.61538
1.60782
1.59781
1.58533
1.57087
1.55527
1.53978
1.52615
1.51663
1.51324
1.51668
1.52551
1.53651
1.54592
1.55092
1.55049
1.54522
1.53662
1.52654
1.51703
1.51032
1.50853
1.5131
1.52401
1.5395
1.55636
1.57056
1.57831
1.57679
1.56487
1.5435
1.51592
1.48747
1.46422
1.4506
1.44738
1.45161
1.45885
1.46561
1.47041
1.47338
1.47551
1.47826
1.48351
1.49336
1.5097
1.53335
1.56348
1.59763
1.63207
1.66254
1.68498
1.69613
1.69399
1.678
1.6492
1.6103
1.56573
1.5212
1.48282
1.45556
1.44191
1.44104
1.44925
1.46147
1.47323
1.48189
1.48709
1.49044
1.49494
1.50403
1.52041
1.54483
1.57536
1.60765
1.63604
1.65513
1.6611
1.6524
1.62985
1.5965
1.55699
1.51658
1.4799
1.44976
1.42713
1.41166
1.40241
1.39814
1.39702
1.39683
1.39549
1.39195
1.3869
1.3828
1.38304
1.39025
1.40466
1.42349
1.44194
1.45519
1.46009
1.45613
1.44541
1.43196
1.4208
1.4168
1.42371
1.44344
1.47565
1.51786
1.56592
1.61497
1.66034
1.69817
1.72558
1.74073
1.74265
1.73147
1.70867
1.67743
1.64267
1.6105
1.58656
1.57423
1.57338
1.58067
1.59136
1.6012
1.6076
1.60976
1.60814
1.60393
1.59867
1.59416
1.59227
1.59452
1.6013
1.61156
1.62332
1.63445
1.6431
1.64812
1.64914
1.64674
1.64262
1.63934
1.63972
1.64593
1.65864
1.67652
1.69657
1.71489
1.72763
1.73186
1.72618
1.71112
1.68925
1.66456
1.64124
1.62211
1.6078
1.59697
1.58759
1.57831
1.56906
1.56082
1.55462
1.5506
1.54809
1.5462
1.54448
1.54322
1.54336
1.546
1.55171
1.56004
1.56979
1.57964
1.58887
1.59757
1.60624
1.61512
1.62374
1.63083
1.63483
1.63442
1.62883
1.61782
1.60177
1.58196
1.56101
1.54293
1.5322
1.53197
1.54241
1.56039
1.58112
1.6005
1.61678
1.63054
1.64334
1.65625
1.66905
1.68019
1.68741
1.68853
1.68229
1.66901
1.65087
1.63128
1.61327
1.59789
1.58412
1.5709
1.55911
1.5518
1.55218
1.56185
1.5807
1.60796
1.6418
1.67855
1.71302
1.74052
1.7584
1.76605
1.76419
1.75413
1.73755
1.71659
1.69373
1.67166
1.65274
1.6386
1.62965
1.62491
1.62214
1.61826
1.61026
1.59639
1.57686
1.55352
1.52894
1.50569
1.48662
1.47518
1.47459
1.48604
1.50739
1.53369
1.55945
1.58082
1.59639
1.60664
1.61279
1.61596
1.61698
1.61633
1.61436
1.61127
1.60742
1.6036
1.60103
1.60085
1.60362
1.60914
1.61692
1.62657
1.63803
1.65142
1.66671
1.68347
1.70047
1.71552
1.72577
1.72853
1.72214
1.70638
1.68226
1.6518
1.61777
1.58367
1.55329
1.53013
1.51655
1.51308
1.51852
1.53052
1.54628
1.5632
1.57928
1.59344
1.6057
1.61681
1.62708
1.63577
1.64165
1.64495
1.64853
1.65673
1.6728
1.6968
1.72538
1.7535
1.77656
1.79171
1.79794
1.79577
1.78692
1.77369
1.75806
1.74089
1.72187
1.70074
1.67838
1.65651
1.63579
1.61468
1.59096
1.56416
1.53609
1.50936
1.48534
1.46359
1.44281
1.4225
1.40395
1.38998
1.3838
1.38763
1.40187
1.42527
1.45593
1.49199
1.5315
1.57207
1.61065
1.6438
1.6684
1.68253
1.68596
1.68036
1.66849
1.65282
1.63435
1.61258
1.58649
1.5556
1.52055
1.4833
1.44696
1.41524
1.39155
1.37779
1.37374
1.3776
1.38724
1.4009
1.41715
1.43449
1.45146
1.46698
1.48089
1.49398
1.50738
1.52193
1.53794
1.55547
1.57457
1.59493
1.61521
1.63265
1.64361
1.64438
1.6323
1.60678
1.5704
1.52928
1.49171
1.46478
1.45093
1.44764
1.45034
1.45563
1.46223
1.47014
1.47961
1.49065
1.50335
1.51805
1.53517
1.55465
1.57548
1.59573
1.61326
1.62644
1.6344
1.63703
1.63487
1.62927
1.62214
1.61549
1.61069
1.60787
1.60604
1.60381
1.6004
1.59612
1.59183
1.58793
1.58377
1.57807
1.56998
1.56007
1.55037
1.54353
1.54163
1.54544
1.55433
1.56703
1.58237
1.59959
1.6182
1.63777
1.65771
1.67722
1.69528
1.71076
1.72266
1.73036
1.73376
1.7329
1.72757
1.71713
1.70088
1.67869
1.65145
1.62119
1.59081
1.56366
1.54291
1.53079
1.52781
1.5325
1.54185
1.55231
1.56079
1.56533
1.56531
1.56114
1.55368
1.54389
1.53271
1.52118
1.51053
1.50203
1.49665
1.49474
1.49586
1.49871
1.50161
1.50329
1.50369
1.50402
1.506
1.51053
1.51697
1.52319
1.52654
1.5249
1.5176
1.50589
1.49278
1.48202
1.47675
1.47825
1.48568
1.49688
1.5096
1.52232
1.53425
1.545
1.55408
1.56097
1.56566
1.56918
1.57364
1.58137
1.59384
1.61107
1.63197
1.65494
1.67824
1.69979
1.71711
1.72777
1.73001
1.72299
1.70673
1.68168
1.64863
1.60885
1.56467
1.51983
1.47946
1.44928
1.43429
1.43723
1.45697
1.48784
1.5212
1.54864
1.56485
1.56891
1.56401
1.55602
1.55158
1.55576
1.57018
1.59238
1.61712
1.63863
1.65268
1.65753
1.65365
1.64294
1.62788
1.61101
1.59456
1.58046
1.57025
1.56521
1.56676
1.5768
1.59721
1.62836
1.66721
1.70721
1.74051
1.76071
1.7647
1.75336
1.73196
1.70911
1.69289
1.68626
1.68643
1.68897
1.6912
1.69244
1.6926
1.69127
1.68761
1.68084
1.67066
1.65755
1.64293
1.62891
1.61776
1.61093
1.60828
1.60813
1.60813
1.6065
1.60299
1.59915
1.59764
1.60083
1.60953
1.62273
1.63809
1.65291
1.66464
1.67153
1.67297
1.66977
1.66397
1.65857
1.65684
1.66121
1.67202
1.68714
1.7029
1.71573
1.72342
1.72536
1.72182
1.71328
1.69998
1.68212
1.66055
1.63752
1.61637
1.59999
1.58894
1.58116
1.57342
1.56307
1.54909
1.53225
1.51449
1.49819
1.48545
1.47746
1.47426
1.47497
1.47868
1.48519
1.495
1.50852
1.5254
1.54426
1.56299
1.57926
1.59117
1.59786
1.59964
1.59754
1.59264
1.58545
1.57593
1.56378
1.54905
1.5327
1.51683
1.50444
1.49868
1.50171
1.51385
1.53345
1.55765
1.5835
1.60837
1.62982
1.64575
1.65463
1.65594
1.65003
1.63771
1.61997
1.59799
1.57348
1.54899
1.52763
1.5122
1.50418
1.50322
1.50754
1.51463
1.52207
1.52803
1.5314
1.53188
1.52976
1.52582
1.52138
1.51856
1.51992
1.52714
1.53963
1.55426
1.56693
1.57433
1.57478
1.56813
1.55533
1.53802
1.51839
1.49896
1.48214
1.46956
1.46159
1.45746
1.45583
1.45554
1.45606
1.45748
1.46028
1.46488
1.47127
1.47899
1.48741
1.49608
1.50501
1.51467
1.52571
1.53866
1.55358
1.57009
1.58748
1.60478
1.62099
1.63533
1.64742
1.65744
1.66573
1.67249
1.67744
1.67981
1.67871
1.67379
1.66557
1.65561
1.6458
1.6376
1.63155
1.62745
1.62498
1.62403
1.62475
1.62733
1.6315
1.6361
1.63895
1.63735
1.62918
1.61392
1.59311
1.57001
1.54873
1.53312
1.52591
1.52828
1.53971
1.55801
1.5796
1.60007
1.61515
1.62201
1.62047
1.6133
1.60464
1.59718
1.59039
1.58156
1.56833
1.55001
1.52749
1.50274
1.47818
1.45643
1.43978
1.42973
1.42684
1.43113
1.44241
1.4602
1.48316
1.50849
1.53207
1.54953
1.55757
1.55518
1.54408
1.52828
1.51294
1.50304
1.50179
1.50894
1.52055
1.53117
1.53693
1.53706
1.53292
1.52619
1.51756
1.50656
1.49257
1.47577
1.45723
1.43818
1.41939
1.40101
1.38304
1.36585
1.35036
1.33788
1.32982
1.32732
1.33097
1.3409
1.35701
1.37888
1.4053
1.43386
1.46119
1.48414
1.50091
1.51139
1.51673
1.51861
1.5186
1.51808
1.51838
1.52069
1.52551
1.53231
1.53973
1.54638
1.55176
1.55646
1.56178
1.56901
1.57903
1.59201
1.60736
1.62382
1.63975
1.65352
1.66375
1.6693
1.66901
1.66161
1.64613
1.62242
1.5914
1.55474
1.51448
1.47271
1.43186
1.39504
1.3659
1.34777
1.34254
1.35027
1.36951
1.39784
1.43223
1.46926
1.50564
1.5386
1.56601
1.58645
1.59914
1.60432
1.60328
1.59803
1.59069
1.58288
1.5755
1.569
1.56379
1.56026
1.55861
1.55847
1.55889
1.55857
1.55616
1.5507
1.54173
1.52962
1.51582
1.50277
1.49343
1.49061
1.49625
1.51084
1.53276
1.55834
1.58281
1.60171
1.61197
1.61222
1.60275
1.5853
1.56274
1.53848
1.51564
1.67367
1.69837
1.71962
1.73436
1.74027
1.7363
1.72293
1.70214
1.67701
1.65119
1.62829
1.6115
1.60354
1.60637
1.62058
1.64478
1.67567
1.70875
1.73945
1.76405
1.78032
1.78786
1.78804
1.7832
1.77548
1.76607
1.7554
1.74387
1.73225
1.72136
1.71143
1.70182
1.69122
1.67829
1.66234
1.64381
1.62496
1.60996
1.60397
1.61078
1.62986
1.65575
1.68096
1.69955
1.70864
1.70793
1.69871
1.68329
1.66473
1.64627
1.63045
1.61843
1.60981
1.60316
1.59696
1.5905
1.58448
1.58142
1.58502
1.59848
1.62231
1.65353
1.68711
1.71844
1.7448
1.76547
1.78106
1.79265
1.80118
1.80715
1.81062
1.81126
1.80805
1.79926
1.78305
1.75883
1.72854
1.69666
1.66874
1.64884
1.63823
1.63613
1.64098
1.65118
1.66505
1.68079
1.6965
1.7104
1.72075
1.72613
1.72549
1.71881
1.70743
1.69402
1.68191
1.6741
1.67226
1.67664
1.68629
1.69967
1.71512
1.73096
1.74544
1.75684
1.76352
1.76404
1.75732
1.74269
1.72025
1.69105
1.65714
1.62134
1.58684
1.55679
1.53399
1.52052
1.51742
1.52449
1.54041
1.56317
1.59042
1.6197
1.64849
1.67424
1.69484
1.7092
1.71745
1.7208
1.72069
1.71813
1.71343
1.70632
1.69638
1.68329
1.66709
1.64816
1.62719
1.60545
1.58468
1.5668
1.55339
1.54532
1.54298
1.54666
1.55684
1.574
1.59817
1.62829
1.66197
1.69581
1.72663
1.75256
1.77336
1.78947
1.80099
1.80706
1.80636
1.79809
1.78286
1.76285
1.74128
1.72141
1.7056
1.69478
1.6885
1.68522
1.68309
1.68042
1.67601
1.66928
1.66023
1.6494
1.63763
1.6261
1.61616
1.60893
1.60491
1.6038
1.60464
1.60633
1.60822
1.61016
1.61222
1.61412
1.61508
1.61437
1.61205
1.60942
1.60851
1.61108
1.61804
1.62936
1.64411
1.66051
1.67585
1.68716
1.69194
1.68944
1.6813
1.67144
1.66446
1.66353
1.66912
1.67918
1.69021
1.69849
1.70099
1.69594
1.68314
1.66392
1.64075
1.61658
1.59387
1.57393
1.55662
1.54088
1.52533
1.50924
1.4931
1.47878
1.46923
1.46765
1.47642
1.49606
1.52465
1.55835
1.59255
1.62325
1.6479
1.66592
1.67877
1.68935
1.70095
1.7155
1.73243
1.74906
1.76236
1.77073
1.77456
1.77552
1.77502
1.77279
1.76665
1.75332
1.73013
1.69684
1.6567
1.61586
1.58092
1.55614
1.54234
1.53791
1.54033
1.54691
1.55497
1.56229
1.56769
1.57138
1.57471
1.57906
1.58478
1.59038
1.59285
1.58899
1.57707
1.5581
1.53615
1.517
1.5056
1.50345
1.50867
1.51817
1.52965
1.54217
1.55558
1.57001
1.5855
1.60175
1.61807
1.63361
1.64796
1.66193
1.67761
1.6967
1.71846
1.73946
1.75587
1.76558
1.76857
1.76608
1.75976
1.75089
1.74025
1.72813
1.71461
1.69979
1.68407
1.66832
1.65414
1.64406
1.64091
1.6463
1.65933
1.6771
1.69626
1.71427
1.72925
1.7394
1.7428
1.73814
1.72554
1.70712
1.68633
1.66643
1.64938
1.63584
1.62593
1.61989
1.61833
1.62203
1.63144
1.64602
1.66377
1.68147
1.69545
1.70268
1.70167
1.69274
1.67768
1.65888
1.63855
1.61823
1.59895
1.58168
1.56766
1.55852
1.55584
1.56042
1.57153
1.58705
1.6044
1.62132
1.63556
1.64426
1.64441
1.63448
1.61602
1.59409
1.57571
1.56713
1.5715
1.588
1.61261
1.63956
1.6631
1.679
1.68533
1.68272
1.67408
1.66377
1.65601
1.65319
1.65505
1.65927
1.66282
1.66305
1.65814
1.64708
1.6301
1.60954
1.59034
1.57881
1.57975
1.59399
1.6184
1.64781
1.6772
1.70273
1.72214
1.73495
1.74265
1.74819
1.75379
1.759
1.76119
1.75774
1.74724
1.72894
1.70277
1.67034
1.63536
1.60229
1.57444
1.5532
1.53838
1.52893
1.52367
1.52187
1.52346
1.52862
1.53685
1.54673
1.55654
1.56494
1.57131
1.57573
1.57896
1.58213
1.58601
1.59044
1.59449
1.59745
1.59988
1.60374
1.6115
1.62484
1.64376
1.66667
1.69108
1.71437
1.73435
1.74955
1.75963
1.76518
1.76725
1.76675
1.76424
1.75992
1.75377
1.74543
1.73432
1.7197
1.70108
1.67859
1.65315
1.62656
1.60133
1.5803
1.56579
1.55891
1.55948
1.56637
1.57818
1.59368
1.61224
1.63375
1.65792
1.68354
1.7085
1.73046
1.74747
1.75829
1.76217
1.7589
1.74885
1.73333
1.71486
1.69689
1.6828
1.67429
1.67042
1.66831
1.66527
1.66066
1.65605
1.6538
1.65496
1.65829
1.66116
1.66171
1.66045
1.65953
1.66027
1.66139
1.66019
1.65548
1.64923
1.64509
1.64533
1.64937
1.65478
1.65917
1.66106
1.6599
1.65583
1.64962
1.64276
1.63683
1.63273
1.63003
1.62733
1.62348
1.61861
1.61438
1.61293
1.61571
1.6229
1.63381
1.64782
1.6646
1.68319
1.70111
1.71494
1.72218
1.72242
1.71707
1.70836
1.69818
1.68768
1.67728
1.66723
1.65787
1.64992
1.64417
1.6409
1.63914
1.63651
1.62988
1.61682
1.59696
1.57253
1.54796
1.52838
1.51773
1.51739
1.52594
1.54006
1.55585
1.56989
1.57968
1.58385
1.5825
1.57719
1.57064
1.56579
1.56469
1.56804
1.57549
1.5859
1.59747
1.60796
1.61527
1.61839
1.61815
1.617
1.61802
1.62319
1.63239
1.64372
1.65485
1.66409
1.67067
1.67465
1.67684
1.67851
1.68069
1.68352
1.68604
1.68682
1.68519
1.68172
1.67793
1.67516
1.67384
1.67345
1.673
1.67156
1.66852
1.66371
1.65746
1.65055
1.64401
1.63892
1.63593
1.63511
1.63626
1.63922
1.64394
1.6501
1.65678
1.66249
1.66607
1.66839
1.67368
1.687
1.70782
1.7277
1.73671
1.73014
1.70958
1.68024
1.6478
1.61654
1.5889
1.56635
1.5501
1.54129
1.54089
1.54896
1.56392
1.58238
1.60027
1.61433
1.62306
1.62675
1.62666
1.62413
1.62005
1.61523
1.61071
1.6077
1.60715
1.60944
1.61436
1.62139
1.62971
1.63837
1.64648
1.65352
1.65953
1.66507
1.6709
1.67757
1.68524
1.69364
1.70224
1.71036
1.71711
1.72149
1.72268
1.7202
1.71394
1.70425
1.69178
1.67749
1.6625
1.64768
1.63337
1.61936
1.60527
1.59102
1.57728
1.56549
1.55744
1.55451
1.55715
1.56462
1.57509
1.58608
1.59491
1.59934
1.59834
1.59241
1.5834
1.57372
1.56534
1.55923
1.55552
1.55401
1.55443
1.55671
1.56102
1.56778
1.57738
1.58979
1.60451
1.62089
1.63855
1.65784
1.67946
1.70349
1.72852
1.75154
1.7688
1.77739
1.77626
1.76666
1.75168
1.73509
1.71992
1.7077
1.69859
1.69194
1.68696
1.68308
1.67995
1.67736
1.67516
1.67341
1.67227
1.67185
1.67193
1.67227
1.67313
1.67548
1.6803
1.68747
1.69542
1.70158
1.70362
1.70037
1.6919
1.67922
1.66389
1.64814
1.63512
1.62866
1.6318
1.6449
1.66459
1.68505
1.70075
1.70874
1.70924
1.70494
1.69965
1.69683
1.69865
1.70545
1.71614
1.72852
1.73974
1.74666
1.74641
1.73729
1.71966
1.69639
1.67235
1.65301
1.64253
1.64198
1.6487
1.65792
1.66531
1.66874
1.66872
1.66755
1.66796
1.67127
1.67613
1.67932
1.67763
1.66945
1.6551
1.6366
1.61741
1.60157
1.5919
1.58894
1.59153
1.59791
1.60616
1.61449
1.62149
1.62622
1.62793
1.62584
1.61945
1.60916
1.5969
1.58591
1.57979
1.58104
1.58995
1.60445
1.62109
1.63624
1.64737
1.65355
1.65552
1.65516
1.65472
1.65603
1.65997
1.6663
1.67397
1.68153
1.68763
1.69131
1.69218
1.69047
1.68703
1.6834
1.68131
1.68215
1.68625
1.69259
1.69958
1.70597
1.71136
1.71612
1.72084
1.72602
1.73199
1.73882
1.74609
1.75271
1.75702
1.75725
1.75217
1.74128
1.72468
1.70265
1.67564
1.64471
1.61193
1.58057
1.55484
1.53923
1.53733
1.54994
1.57397
1.60345
1.63161
1.65247
1.66147
1.65595
1.63582
1.60381
1.56516
1.52649
1.49443
1.47391
1.46717
1.47385
1.49182
1.51777
1.54752
1.57687
1.6027
1.62364
1.63966
1.65097
1.65723
1.6574
1.65016
1.63476
1.6117
1.58316
1.55251
1.52353
1.4994
1.48212
1.47255
1.47127
1.47916
1.49711
1.52476
1.5597
1.59779
1.63442
1.66561
1.68873
1.70262
1.70762
1.70535
1.69851
1.6904
1.68424
1.68226
1.68507
1.69154
1.69929
1.70548
1.70784
1.70537
1.69899
1.69158
1.68705
1.68881
1.69798
1.71283
1.72987
1.74559
1.75775
1.76563
1.76922
1.76824
1.76169
1.74838
1.72787
1.70128
1.67138
1.64197
1.6171
1.6
1.5923
1.59414
1.60515
1.62497
1.65283
1.68692
1.72458
1.76302
1.79998
1.83369
1.86251
1.88471
1.89865
1.90317
1.89818
1.88488
1.86568
1.84363
1.8215
1.80105
1.78298
1.76705
1.75201
1.7355
1.71462
1.68706
1.65251
1.6135
1.5759
1.54805
1.53779
1.54822
1.57544
1.6108
1.64543
1.6732
1.69126
1.69919
1.69806
1.68974
1.67654
1.66107
1.64589
1.63309
1.62375
1.61781
1.61452
1.61295
1.61269
1.61411
1.61809
1.62547
1.6363
1.64966
1.66418
1.67867
1.69258
1.70594
1.71905
1.73193
1.74416
1.7548
1.76263
1.76645
1.76548
1.75942
1.7486
1.7339
1.71693
1.69978
1.68458
1.6728
1.66504
1.66109
1.66058
1.66313
1.66842
1.67611
1.68582
1.69693
1.70822
1.71742
1.72129
1.7167
1.70219
1.67906
1.65114
1.62263
1.5956
1.56949
1.54424
1.5234
1.51292
1.51556
1.52709
1.53935
1.54688
1.54997
1.55267
1.55878
1.56892
1.58049
1.58971
1.59435
1.59548
1.59669
1.60061
1.60644
1.61117
1.61224
1.60892
1.60219
1.59453
1.58937
1.58987
1.5976
1.61223
1.63197
1.65415
1.6753
1.69154
1.69974
1.69832
1.68774
1.6705
1.6508
1.63345
1.62279
1.6219
1.63222
1.65304
1.68151
1.71313
1.74277
1.76577
1.77882
1.78076
1.77264
1.75733
1.7386
1.72023
1.7057
1.69804
1.69934
1.71015
1.72921
1.7536
1.77899
1.80028
1.81289
1.81411
1.80382
1.78435
1.75964
1.73398
1.71078
1.69187
1.67767
1.66771
1.6614
1.65869
1.65992
1.66513
1.67305
1.68073
1.68461
1.68186
1.67105
1.65218
1.62626
1.59511
1.56133
1.5288
1.50298
1.48972
1.49262
1.51138
1.54295
1.58372
1.63042
1.67977
1.72791
1.77034
1.8024
1.82026
1.8221
1.80948
1.78819
1.76658
1.75085
1.741
1.73212
1.71905
1.69949
1.67468
1.64916
1.62978
1.62294
1.63087
1.65048
1.67583
1.70115
1.7222
1.73639
1.74257
1.74097
1.73362
1.72475
1.72001
1.72398
1.7377
1.75826
1.78068
1.79996
1.81233
1.81571
1.80962
1.7949
1.77314
1.74618
1.71583
1.68392
1.65278
1.62519
1.60362
1.58956
1.58322
1.58392
1.5904
1.60136
1.61558
1.6319
1.64889
1.665
1.67929
1.69213
1.70484
1.7187
1.73371
1.74807
1.75898
1.76418
1.76341
1.75895
1.75479
1.75452
1.75925
1.76715
1.77484
1.77931
1.77891
1.77341
1.76366
1.75136
1.73832
1.7256
1.71296
1.69914
1.68296
1.66405
1.64305
1.62119
1.59982
1.58001
1.56208
1.54559
1.5293
1.51223
1.49591
1.48677
1.4939
1.52072
1.56005
1.60029
1.63314
1.65496
1.6644
1.66114
1.64645
1.62429
1.60164
1.58629
1.58353
1.59461
1.61761
1.64878
1.68331
1.71583
1.7414
1.75644
1.75926
1.75023
1.73147
1.70635
1.67882
1.65292
1.63244
1.62052
1.61933
1.62922
1.64786
1.6706
1.69253
1.71041
1.72342
1.73259
1.73953
1.7452
1.74927
1.75018
1.74597
1.73506
1.71699
1.69295
1.66596
1.64056
1.62179
1.61367
1.61753
1.63139
1.65105
1.6722
1.69189
1.70838
1.72071
1.72822
1.73054
1.72791
1.72161
1.71419
1.70913
1.71004
1.71954
1.73813
1.76382
1.79261
1.81959
1.84043
1.85244
1.85524
1.85038
1.84017
1.8264
1.81009
1.79268
1.77725
1.76777
1.76579
1.76862
1.77125
1.76976
1.76268
1.75061
1.73539
1.7195
1.70576
1.6968
1.69433
1.69861
1.70842
1.72143
1.73482
1.74593
1.75271
1.75403
1.74957
1.73973
1.7256
1.70871
1.69114
1.67546
1.66474
1.66183
1.66803
1.68173
1.69853
1.71278
1.71958
1.71612
1.70201
1.67885
1.64944
1.61696
1.58442
1.55469
1.53104
1.51741
1.51715
1.5304
1.55305
1.57851
1.60089
1.61679
1.6253
1.62721
1.62424
1.61834
1.61124
1.60424
1.59849
1.59532
1.5964
1.60302
1.61537
1.63211
1.6508
1.66876
1.68385
1.69478
1.70121
1.70358
1.70293
1.70069
1.69812
1.69566
1.69243
1.68652
1.67615
1.66053
1.64042
1.6181
1.59766
1.5843
1.58196
1.59087
1.60768
1.6281
1.64906
1.66921
1.68861
1.70867
1.73133
1.75682
1.78171
1.80003
1.80658
1.79954
1.78093
1.75564
1.72961
1.70769
1.69235
1.6836
1.68014
1.68069
1.6848
1.69276
1.70477
1.72024
1.73777
1.75586
1.77337
1.78932
1.80239
1.81097
1.8136
1.80946
1.79853
1.78148
1.75951
1.73422
1.70762
1.68228
1.66118
1.64706
1.64152
1.64418
1.65261
1.66332
1.67313
1.68082
1.68812
1.69966
1.72004
1.74953
1.7827
1.81232
1.83354
1.84479
1.84643
1.83921
1.82358
1.80032
1.7718
1.74297
1.72008
1.70685
1.70163
1.69912
1.69452
1.68589
1.674
1.66123
1.65022
1.64271
1.63905
1.63869
1.64106
1.64617
1.65431
1.66539
1.6785
1.69207
1.70449
1.71443
1.72034
1.71993
1.7109
1.69268
1.66771
1.64143
1.62042
1.60921
1.60782
1.61234
1.6178
1.62057
1.61909
1.61391
1.60727
1.60171
1.59806
1.59458
1.58844
1.57869
1.56862
1.5649
1.57302
1.59246
1.61695
1.63967
1.65715
1.66974
1.67975
1.68959
1.70081
1.71388
1.72855
1.74401
1.75903
1.77224
1.78264
1.78997
1.79465
1.79728
1.79801
1.79621
1.7906
1.77998
1.76438
1.74566
1.72689
1.71057
1.69714
1.68552
1.6749
1.66573
1.65934
1.65675
1.65801
1.66227
1.66834
1.67504
1.68135
1.68649
1.68998
1.69185
1.69236
1.69134
1.68774
1.67992
1.6667
1.64803
1.62504
1.59946
1.57333
1.54921
1.53062
1.52102
1.5222
1.53331
1.55165
1.57428
1.59919
1.62524
1.65153
1.67689
1.6998
1.71881
1.73289
1.74171
1.74553
1.74488
1.74021
1.73168
1.71928
1.70306
1.68332
1.66054
1.63493
1.60633
1.57488
1.54177
1.50951
1.48148
1.46132
1.452
1.4544
1.46684
1.48584
1.50798
1.53122
1.55521
1.58072
1.60849
1.63812
1.66776
1.69471
1.71644
1.73146
1.73979
1.74312
1.74417
1.74556
1.74873
1.75359
1.75917
1.76427
1.76772
1.76833
1.76495
1.75679
1.74383
1.72728
1.70941
1.69283
1.67947
1.67022
1.66518
1.66372
1.66444
1.66523
1.66431
1.66141
1.65832
1.65817
1.6639
1.67665
1.69503
1.71546
1.73333
1.74442
1.74617
1.7384
1.72337
1.7051
1.68789
1.67476
1.66649
1.66164
1.65761
1.6518
1.64255
1.62944
1.61358
1.59741
1.58413
1.57665
1.57643
1.58282
1.59325
1.60394
1.61113
1.61222
1.60668
1.59621
1.58428
1.5747
1.57026
1.57198
1.57931
1.5908
1.60471
1.61923
1.63266
1.64369
1.65182
1.65781
1.66364
1.67197
1.68507
1.7038
1.72761
1.75504
1.78439
1.81409
1.84251
1.86782
1.88819
1.90197
1.90807
1.90613
1.89664
1.88073
1.86005
1.83648
1.81175
1.78725
1.76393
1.74226
1.7223
1.7037
1.68598
1.66883
1.65246
1.63744
1.62426
1.6134
1.60612
1.6056
1.61616
1.63976
1.67304
1.70859
1.73921
1.76044
1.77039
1.76909
1.75842
1.74232
1.72597
1.71423
1.71011
1.71397
1.72389
1.73658
1.74805
1.75388
1.74985
1.73392
1.70965
1.68753
1.67931
1.68892
1.71163
1.73961
1.7654
1.7834
1.79116
1.78985
1.78365
1.77815
1.77836
1.78627
1.80019
1.81593
1.829
1.83589
1.83472
1.82526
1.80874
1.78743
1.76412
1.74152
1.72195
1.7071
1.69755
1.69224
1.6885
1.68361
1.67708
1.6718
1.67212
1.6804
1.69549
1.71426
1.73334
1.7502
1.76298
1.77001
1.76929
1.75845
1.73556
1.70045
1.65574
1.60716
1.56271
1.53006
1.51319
1.51045
1.51595
1.52346
1.52996
1.53664
1.54702
1.56328
1.58427
1.6067
1.6276
1.6455
1.66045
1.6734
1.68551
1.69759
1.70979
1.7216
1.73189
1.73884
1.73983
1.73148
1.71053
1.6771
1.64154
1.62633
1.64771
1.69552
1.74701
1.78908
1.82017
1.84348
1.86297
1.88219
1.90327
1.92586
1.94669
1.96087
1.96385
1.95306
1.92842
1.89249
1.85028
1.80884
1.77599
1.75798
1.75707
1.77051
1.79202
1.81445
1.83201
1.84107
1.83993
1.82826
1.80667
1.77651
1.7398
1.69952
1.65951
1.6238
1.59561
1.57645
1.56604
1.56288
1.56507
1.57103
1.5797
1.59036
1.6021
1.6136
1.62334
1.62998
1.6326
1.63085
1.62503
1.61615
1.60585
1.59626
1.58966
1.58794
1.59226
1.60275
1.6186
1.63821
1.65952
1.68037
1.6989
1.71389
1.72459
1.73071
1.73221
1.72922
1.72235
1.7127
1.70144
1.68912
1.67564
1.66062
1.64375
1.62478
1.60385
1.58179
1.56014
1.54071
1.52496
1.51363
1.50658
1.5033
1.50334
1.5064
1.51192
1.5189
1.52596
1.53189
1.53608
1.53873
1.54088
1.54416
1.55029
1.56046
1.57485
1.59253
1.61203
1.63219
1.65294
1.67523
1.69989
1.72646
1.75283
1.77603
1.79358
1.80413
1.80764
1.80499
1.79755
1.78647
1.772
1.75329
1.72889
1.69806
1.66174
1.62316
1.58719
1.55907
1.54253
1.53845
1.54494
1.55853
1.5753
1.59169
1.60495
1.6134
1.61676
1.61614
1.61373
1.61216
1.6135
1.61828
1.62515
1.63147
1.63419
1.63075
1.62
1.60322
1.58482
1.57129
1.56756
1.57343
1.58418
1.59487
1.60333
1.61005
1.61657
1.62376
1.63141
1.63874
1.6452
1.65083
1.65598
1.66093
1.66541
1.66844
1.66852
1.66417
1.65446
1.63946
1.62019
1.59864
1.5776
1.56009
1.5482
1.54247
1.54301
1.55112
1.56865
1.59571
1.62952
1.66556
1.69952
1.72858
1.75155
1.76843
1.77994
1.78708
1.7909
1.7924
1.79266
1.79257
1.79249
1.7918
1.78891
1.78182
1.76892
1.74954
1.72417
1.69453
1.66313
1.63252
1.60437
1.57938
1.55843
1.54389
1.5393
1.54704
1.56626
1.59306
1.62227
1.64906
1.66986
1.68279
1.68774
1.68597
1.67945
1.6702
1.65976
1.64915
1.63909
1.63015
1.62284
1.61736
1.6136
1.61115
1.60932
1.60761
1.60656
1.6084
1.61661
1.63358
1.65849
1.68727
1.71477
1.73658
1.74986
1.75341
1.74754
1.73416
1.71666
1.69927
1.6856
1.67734
1.67378
1.67271
1.67162
1.66865
1.6626
1.65294
1.64063
1.62976
1.62653
1.63431
1.65025
1.66897
1.68751
1.70572
1.72376
1.74071
1.7547
1.7637
1.76636
1.76242
1.75279
1.7393
1.72428
1.7101
1.69866
1.69093
1.68674
1.68523
1.68543
1.68672
1.68874
1.6916
1.69607
1.70361
1.71542
1.73109
1.74822
1.76335
1.77334
1.77624
1.77154
1.76009
1.74401
1.7264
1.71075
1.70028
1.69744
1.70318
1.71653
1.73479
1.75427
1.77109
1.78184
1.78419
1.77733
1.76201
1.74018
1.71418
1.68617
1.65788
1.63103
1.60761
1.59028
1.58202
1.58518
1.60027
1.62531
1.65591
1.68649
1.71175
1.72789
1.73284
1.72601
1.70795
1.6802
1.64529
1.60679
1.56905
1.53646
1.51259
1.49909
1.4952
1.49817
1.50454
1.51209
1.5216
1.53705
1.56199
1.59496
1.62952
1.65896
1.67956
1.69062
1.69327
1.68974
1.68274
1.67485
1.66771
1.66175
1.65648
1.65121
1.64581
1.64101
1.63831
1.63937
1.64497
1.65446
1.66577
1.67659
1.68532
1.69144
1.69523
1.69703
1.6969
1.69472
1.69084
1.68659
1.68413
1.6854
1.69089
1.69932
1.70853
1.7168
1.72354
1.72882
1.73244
1.73359
1.73151
1.72613
1.71819
1.70859
1.69784
1.68577
1.67163
1.65468
1.63486
1.61339
1.59312
1.5783
1.57367
1.58252
1.60454
1.63558
1.66976
1.70195
1.72892
1.74935
1.76326
1.77154
1.77545
1.77615
1.77432
1.76999
1.7624
1.75031
1.73237
1.70794
1.67773
1.64424
1.61103
1.58123
1.55629
1.53639
1.52192
1.51432
1.51544
1.52602
1.54484
1.56916
1.59558
1.62084
1.64199
1.65647
1.66254
1.66012
1.65152
1.64129
1.63422
1.63266
1.63559
1.63998
1.64282
1.64216
1.63747
1.62977
1.62114
1.6139
1.60968
1.60889
1.611
1.61533
1.62155
1.62974
1.64001
1.65234
1.66648
1.68182
1.69732
1.71155
1.72314
1.73136
1.73628
1.73845
1.73853
1.73699
1.734
1.72943
1.72278
1.71325
1.69995
1.68202
1.65936
1.63326
1.60699
1.58487
1.56983
1.56184
1.55906
1.56022
1.565
1.57276
1.58149
1.58821
1.59012
1.58601
1.57702
1.5666
1.55971
1.56106
1.57308
1.59475
1.62225
1.65087
1.67675
1.69757
1.71215
1.71987
1.72056
1.71465
1.70342
1.68901
1.67386
1.66005
1.64858
1.63927
1.63112
1.62301
1.6146
1.60691
1.60216
1.60227
1.60689
1.6131
1.61765
1.61906
1.61791
1.61596
1.61503
1.61654
1.62133
1.62956
1.64057
1.65298
1.66488
1.67434
1.67988
1.68092
1.67791
1.67224
1.66596
1.66124
1.65972
1.66184
1.66656
1.67149
1.67343
1.66932
1.65733
1.63768
1.61276
1.58683
1.56543
1.55459
1.55887
1.57845
1.60814
1.63998
1.66707
1.68557
1.69451
1.69463
1.68772
1.67637
1.6636
1.65224
1.64435
1.64115
1.64308
1.64964
1.65929
1.6702
1.6812
1.6921
1.70335
1.71538
1.72815
1.74098
1.7524
1.76054
1.76376
1.7615
1.75485
1.74636
1.73936
1.73676
1.73996
1.7485
1.76043
1.77315
1.78412
1.79157
1.79478
1.79417
1.79106
1.78713
1.78382
1.78193
1.78139
1.78158
1.78161
1.78059
1.77762
1.7718
1.76235
1.74907
1.73265
1.71476
1.69754
1.68266
1.67078
1.66139
1.65324
1.64483
1.63511
1.62445
1.61505
1.61041
1.61335
1.62417
1.64023
1.65719
1.67088
1.6784
1.67858
1.67212
1.6616
1.65105
1.64471
1.64534
1.65325
1.6669
1.68413
1.70275
1.72085
1.73711
1.75114
1.76326
1.77366
1.78201
1.78747
1.78901
1.78558
1.77641
1.76124
1.7409
1.71742
1.69351
1.67159
1.6534
1.64048
1.63486
1.63882
1.65283
1.67396
1.69676
1.71588
1.72816
1.73293
1.73109
1.72407
1.71329
1.70009
1.68588
1.67194
1.65939
1.64911
1.64175
1.63767
1.6366
1.63749
1.63852
1.63759
1.63293
1.62383
1.61137
1.59873
1.59057
1.5913
1.60298
1.6246
1.65278
1.68326
1.71237
1.73787
1.75893
1.77567
1.78837
1.7971
1.80159
1.80155
1.79713
1.78909
1.77871
1.76747
1.75686
1.74837
1.74334
1.74222
1.74413
1.7473
1.74984
1.75033
1.74821
1.74389
1.73862
1.73397
1.73116
1.73082
1.73307
1.73751
1.74325
1.74887
1.75257
1.75269
1.74829
1.73977
1.72891
1.71833
1.71027
1.7057
1.70419
1.70428
1.70386
1.70066
1.69302
1.68095
1.66685
1.65481
1.64849
1.6491
1.65474
1.66141
1.6648
1.66138
1.64893
1.62661
1.59507
1.55671
1.51577
1.47799
1.44958
1.43568
1.43869
1.45712
1.48606
1.51887
1.54951
1.57421
1.59202
1.60423
1.61326
1.62152
1.63067
1.64117
1.65234
1.66223
1.66781
1.6656
1.65286
1.62917
1.59755
1.56392
1.5349
1.51553
1.50832
1.51322
1.52836
1.55092
1.578
1.60698
1.63555
1.66155
1.68292
1.69799
1.70588
1.70712
1.70365
1.69815
1.69265
1.68757
1.68216
1.67558
1.66737
1.65742
1.64564
1.63215
1.61759
1.60331
1.59119
1.58293
1.57951
1.58088
1.58604
1.59337
1.60092
1.60686
1.60997
1.6101
1.60813
1.60531
1.6025
1.59963
1.59583
1.5899
1.58088
1.56877
1.55486
1.54186
1.53336
1.53266
1.54138
1.5587
1.58174
1.6067
1.63009
1.64941
1.66335
1.67175
1.67524
1.67502
1.67255
1.66921
1.66608
1.6638
1.66263
1.66235
1.6621
1.66024
1.65466
1.64362
1.62688
1.60662
1.58736
1.5742
1.57021
1.57524
1.58675
1.60169
1.6174
1.63177
1.64324
1.65063
1.65329
1.6513
1.64572
1.63831
1.63072
1.62326
1.61457
1.60243
1.58569
1.56544
1.54509
1.52917
1.52086
1.52012
1.52402
1.52936
1.53522
1.54332
1.55636
1.5762
1.60277
1.63399
1.66662
1.6974
1.72371
1.74389
1.75731
1.76432
1.76584
1.76291
1.75628
1.74638
1.73342
1.71758
1.69918
1.67868
1.65666
1.63405
1.61254
1.59485
1.58469
1.58564
1.59953
1.62521
1.65834
1.69258
1.72151
1.74055
1.74793
1.74466
1.73342
1.71737
1.69927
1.68136
1.66565
1.65387
1.64733
1.64654
1.65107
1.65949
1.66981
1.68008
1.68866
1.69403
1.69433
1.68744
1.67187
1.64765
1.61656
1.58169
1.5469
1.51616
1.49334
1.48163
1.48264
1.49536
1.51595
1.53924
1.56085
1.57859
1.59221
1.6023
1.60949
1.61422
1.61705
1.61881
1.62048
1.62275
1.6257
1.62894
1.63199
1.63458
1.63691
1.64021
1.64689
1.65943
1.67791
1.6992
1.71852
1.73139
1.73457
1.72619
1.70623
1.677
1.64317
1.61083
1.58562
1.57079
1.56644
1.57042
1.58003
1.59281
1.60671
1.62009
1.63205
1.64259
1.65258
1.66334
1.67605
1.69108
1.70765
1.72406
1.73828
1.74854
1.75358
1.75276
1.74599
1.73377
1.7171
1.69748
1.67683
1.65751
1.64226
1.63385
1.63444
1.64466
1.66292
1.68561
1.70798
1.72539
1.73429
1.73268
1.72025
1.69858
1.6711
1.6429
1.61965
1.60583
1.6033
1.61072
1.62457
1.64077
1.65591
1.66792
1.67619
1.68144
1.68506
1.68834
1.69151
1.69362
1.69288
1.68771
1.67775
1.66431
1.65002
1.63773
1.62943
1.62584
1.62689
1.6324
1.64246
1.65717
1.67634
1.69912
1.72352
1.74638
1.76385
1.77262
1.77116
1.76018
1.742
1.71943
1.69492
1.67034
1.64718
1.62649
1.60851
1.59276
1.57894
1.56787
1.56184
1.56359
1.57493
1.59565
1.62364
1.65592
1.68963
1.72257
1.7528
1.77805
1.79582
1.80402
1.80214
1.79141
1.77397
1.75166
1.72535
1.69542
1.66275
1.62888
1.59525
1.56247
1.53096
1.50244
1.48058
1.46993
1.4741
1.49408
1.52774
1.57043
1.61639
1.66024
1.69786
1.72651
1.74467
1.75186
1.74872
1.73716
1.72039
1.70253
1.68773
1.679
1.6774
1.6818
1.68965
1.69787
1.70402
1.70711
1.70759
1.70686
1.70631
1.70647
1.70671
1.70542
1.70089
1.69229
1.68027
1.66696
1.65537
1.64825
1.64703
1.65158
1.66104
1.67464
1.69196
1.71236
1.73438
1.75557
1.77301
1.78392
1.78627
1.77928
1.76378
1.74257
1.72022
1.70179
1.69062
1.68733
1.69017
1.69626
1.70263
1.70687
1.70801
1.70725
1.70759
1.71162
1.71907
1.72679
1.73103
1.72938
1.7213
1.70811
1.69258
1.67807
1.66737
1.66178
1.66087
1.66309
1.66658
1.66959
1.67036
1.66699
1.65781
1.64211
1.6209
1.59691
1.57384
1.55512
1.54295
1.53794
1.5394
1.54595
1.55625
1.56928
1.58422
1.60019
1.61609
1.63065
1.64253
1.65063
1.65451
1.65463
1.65226
1.64902
1.64619
1.64404
1.64181
1.63859
1.63462
1.63181
1.63282
1.63954
1.65199
1.66874
1.68784
1.70744
1.72599
1.74215
1.75476
1.76292
1.76602
1.76384
1.75655
1.74486
1.73006
1.71411
1.69938
1.68823
1.68246
1.68279
1.68856
1.69795
1.70865
1.71872
1.72712
1.7338
1.73945
1.74499
1.751
1.75723
1.76247
1.76483
1.76249
1.75464
1.74217
1.7276
1.71411
1.7043
1.69927
1.6986
1.70135
1.70686
1.71473
1.72383
1.73149
1.73434
1.72977
1.71705
1.69747
1.67362
1.64831
1.6239
1.60219
1.58476
1.57292
1.56706
1.56626
1.5684
1.57104
1.5724
1.57203
1.57077
1.57037
1.57301
1.5808
1.5951
1.6156
1.64021
1.66587
1.6897
1.70982
1.72556
1.73713
1.74514
1.75026
1.75304
1.75388
1.75298
1.75023
1.7455
1.73944
1.73403
1.73175
1.73361
1.73788
1.74118
1.74046
1.73403
1.72139
1.70279
1.67925
1.65277
1.62631
1.6034
1.58757
1.5813
1.58512
1.59721
1.61398
1.63132
1.64602
1.65672
1.66371
1.66762
1.66837
1.66536
1.65852
1.6486
1.63618
1.62055
1.59985
1.57282
1.54071
1.50865
1.48488
1.47695
1.48629
1.50658
1.52831
1.54458
1.55328
1.55593
1.55558
1.55518
1.5568
1.56147
1.56945
1.58067
1.59504
1.61238
1.63229
1.65405
1.6764
1.69768
1.71609
1.7303
1.73993
1.7456
1.74852
1.74973
1.74967
1.74796
1.74371
1.73597
1.7241
1.70803
1.68818
1.66533
1.64061
1.61542
1.59156
1.57101
1.55573
1.54743
1.5473
1.55548
1.57046
1.58914
1.6078
1.6237
1.63591
1.64546
1.65454
1.66504
1.67679
1.68736
1.69364
1.69364
1.68721
1.67583
1.66167
1.64651
1.63115
1.61575
