-6.36316
-6.3584
-6.35032
-6.33861
-6.32178
-6.29926
-6.27035
-6.23474
-6.19326
-6.14491
-6.08851
-6.02384
-5.95457
-5.87895
-5.80075
-5.72311
-5.65173
-5.58913
-5.53817
-5.50086
-5.47654
-5.46616
-5.46643
-5.47311
-5.48784
-5.50501
-5.52289
-5.54083
-5.5565
-5.56993
-5.58051
-5.58867
-5.59499
-5.59911
-5.60171
-5.60304
-5.60323
-5.60216
-5.60056
-5.59854
-5.59304
-5.58644
-5.5758
-5.56345
-5.54968
-5.53459
-5.5204
-5.50596
-5.49395
-5.48506
-5.48004
-5.47761
-5.47865
-5.48287
-5.49005
-5.49877
-5.50838
-5.51818
-5.52752
-5.53504
-5.53962
-5.54309
-5.54486
-5.54479
-5.54258
-5.53992
-5.53633
-5.5334
-5.53142
-5.53048
-5.53135
-5.53347
-5.53866
-5.54465
-5.55153
-5.55896
-5.56585
-5.57116
-5.57679
-5.58019
-5.58294
-5.58536
-5.58779
-5.58944
-5.59243
-5.59422
-5.59741
-5.60027
-5.60298
-5.60494
-5.60573
-5.60573
-5.60437
-5.60168
-5.59922
-5.5975
-5.59367
-5.59015
-5.58719
-5.58529
-5.58431
-5.58429
-5.58454
-5.58459
-5.58341
-5.58195
-5.58031
-5.57573
-5.57141
-5.56573
-5.55962
-5.55367
-5.54496
-5.53498
-5.52305
-5.51134
-5.49809
-5.48562
-5.47391
-5.46539
-5.45946
-5.45566
-5.45558
-5.45761
-5.46122
-5.46548
-5.4699
-5.47421
-5.47781
-5.4823
-5.48745
-5.49205
-5.49753
-5.50344
-5.51022
-5.51781
-5.5254
-5.53276
-5.53891
-5.54338
-5.54853
-5.55289
-5.55652
-5.56112
-5.56453
-5.5673
-5.56833
-5.56904
-5.56822
-5.56598
-5.56413
-5.55922
-5.55564
-5.55371
-5.55202
-5.55411
-5.55808
-5.56636
-5.57768
-5.59079
-5.60492
-5.62055
-5.63431
-5.64491
-5.65275
-5.6567
-5.65784
-5.65582
-5.65137
-5.64475
-5.63607
-5.62753
-5.61933
-5.61213
-5.60651
-5.60235
-5.60091
-5.60013
-5.5991
-5.59985
-5.60101
-5.60124
-5.60174
-5.60094
-5.60081
-5.59886
-5.59727
-5.59509
-5.59254
-5.59109
-5.59043
-5.59213
-5.59504
-5.59878
-5.6043
-5.61004
-5.61635
-5.62183
-5.62591
-5.62889
-5.63036
-5.631
-5.63054
-5.63012
-5.62796
-5.62634
-5.62606
-5.62694
-5.62731
-5.62812
-5.62914
-5.63008
-5.63038
-5.63069
-5.62951
-5.62751
-5.62487
-5.62157
-5.61765
-5.61378
-5.61043
-5.60651
-5.60239
-5.59892
-5.59559
-5.58977
-5.58289
-5.57536
-5.56715
-5.55938
-5.55344
-5.55025
-5.54905
-5.54908
-5.55052
-5.55186
-5.55454
-5.55919
-5.56333
-5.56926
-5.57795
-5.59003
-5.60395
-5.61843
-5.63302
-5.64609
-5.65733
-5.66552
-5.66912
-5.66998
-5.66638
-5.65934
-5.65039
-5.63923
-5.62714
-5.61604
-5.60613
-5.59792
-5.59118
-5.5852
-5.5806
-5.57721
-5.57558
-5.57541
-5.576
-5.57837
-5.58117
-5.58423
-5.5886
-5.59053
-5.59207
-5.59279
-5.59482
-5.59602
-5.59826
-5.6038
-5.61113
-5.61832
-5.62619
-5.63351
-5.63983
-5.64494
-5.64791
-5.64871
-5.64918
-5.64829
-5.64532
-5.63924
-5.63209
-5.62442
-5.61463
-5.60482
-5.59449
-5.58338
-5.57323
-5.56388
-5.557
-5.55063
-5.54563
-5.54188
-6.36316
-6.3584
-6.35032
-6.33861
-6.32178
-6.29926
-6.27035
-6.23474
-6.19326
-6.14491
-6.08851
-6.02384
-5.95457
-5.87895
-5.80075
-5.72311
-5.65173
-5.58913
-5.53817
-5.50086
-5.47654
-5.46616
-5.46643
-5.47311
-5.48784
-5.50501
-5.52289
-5.54083
-5.5565
-5.56993
-5.58051
-5.58867
-5.59499
-5.59911
-5.60171
-5.60304
-5.60323
-5.60216
-5.60056
-5.59854
-5.59304
-5.58644
-5.5758
-5.56345
-5.54968
-5.53459
-5.5204
-5.50596
-5.49395
-5.48506
-5.48004
-5.47761
-5.47865
-5.48287
-5.49005
-5.49877
-5.50838
-5.51818
-5.52752
-5.53504
-5.53962
-5.54309
-5.54486
-5.54479
-5.54258
-5.53992
-5.53633
-5.5334
-5.53142
-5.53048
-5.53135
-5.53347
-5.53866
-5.54465
-5.55153
-5.55896
-5.56585
-5.57116
-5.57679
-5.58019
-5.58294
-5.58536
-5.58779
-5.58944
-5.59243
-5.59422
-5.59741
-5.60027
-5.60298
-5.60494
-5.60573
-5.60573
-5.60437
-5.60168
-5.59922
-5.5975
-5.59367
-5.59015
-5.58719
-5.58529
-5.58431
-5.58429
-5.58454
-5.58459
-5.58341
-5.58195
-5.58031
-5.57573
-5.57141
-5.56573
-5.55962
-5.55367
-5.54496
-5.53498
-5.52305
-5.51134
-5.49809
-5.48562
-5.47391
-5.46539
-5.45946
-5.45566
-5.45558
-5.45761
-5.46122
-5.46548
-5.4699
-5.47421
-5.47781
-5.4823
-5.48745
-5.49205
-5.49753
-5.50344
-5.51022
-5.51781
-5.5254
-5.53276
-5.53891
-5.54338
-5.54853
-5.55289
-5.55652
-5.56112
-5.56453
-5.5673
-5.56833
-5.56904
-5.56822
-5.56598
-5.56413
-5.55922
-5.55564
-5.55371
-5.55202
-5.55411
-5.55808
-5.56636
-5.57768
-5.59079
-5.60492
-5.62055
-5.63431
-5.64491
-5.65275
-5.6567
-5.65784
-5.65582
-5.65137
-5.64475
-5.63607
-5.62753
-5.61933
-5.61213
-5.60651
-5.60235
-5.60091
-5.60013
-5.5991
-5.59985
-5.60101
-5.60124
-5.60174
-5.60094
-5.60081
-5.59886
-5.59727
-5.59509
-5.59254
-5.59109
-5.59043
-5.59213
-5.59504
-5.59878
-5.6043
-5.61004
-5.61635
-5.62183
-5.62591
-5.62889
-5.63036
-5.631
-5.63054
-5.63012
-5.62796
-5.62634
-5.62606
-5.62694
-5.62731
-5.62812
-5.62914
-5.63008
-5.63038
-5.63069
-5.62951
-5.62751
-5.62487
-5.62157
-5.61765
-5.61378
-5.61043
-5.60651
-5.60239
-5.59892
-5.59559
-5.58977
-5.58289
-5.57536
-5.56715
-5.55938
-5.55344
-5.55025
-5.54905
-5.54908
-5.55052
-5.55186
-5.55454
-5.55919
-5.56333
-5.56926
-5.57795
-5.59003
-5.60395
-5.61843
-5.63302
-5.64609
-5.65733
-5.66552
-5.66912
-5.66998
-5.66638
-5.65934
-5.65039
-5.63923
-5.62714
-5.61604
-5.60613
-5.59792
-5.59118
-5.5852
-5.5806
-5.57721
-5.57558
-5.57541
-5.576
-5.57837
-5.58117
-5.58423
-5.5886
-5.59053
-5.59207
-5.59279
-5.59482
-5.59602
-5.59826
-5.6038
-5.61113
-5.61832
-5.62619
-5.63351
-5.63983
-5.64494
-5.64791
-5.64871
-5.64918
-5.64829
-5.64532
-5.63924
-5.63209
-5.62442
-5.61463
-5.60482
-5.59449
-5.58338
-5.57323
-5.56388
-5.557
-5.55063
-5.54563
-5.54188
-6.36201
-6.35371
-6.33932
-6.3166
-6.28301
-6.23715
-6.17985
-6.10701
-6.01673
-5.90864
-5.78047
-5.63582
-5.4839
-5.33471
-5.20008
-5.09127
-5.01504
-4.97185
-4.9582
-4.96716
-4.9926
-5.02498
-5.05892
-5.09115
-5.11708
-5.13555
-5.14747
-5.15306
-5.15687
-5.15891
-5.15991
-5.16122
-5.16148
-5.15817
-5.14965
-5.13435
-5.11114
-5.08259
-5.05203
-5.02235
-4.99833
-4.97951
-4.96711
-4.96083
-4.95968
-4.96245
-4.97113
-4.98498
-5.00175
-5.01945
-5.03584
-5.04748
-5.05408
-5.05379
-5.04828
-5.03649
-5.02316
-5.01044
-5.00168
-4.9966
-4.99578
-4.99854
-5.00248
-5.00881
-5.01625
-5.02401
-5.02994
-5.0334
-5.03476
-5.0335
-5.03047
-5.02966
-5.03262
-5.03963
-5.0505
-5.06222
-5.07219
-5.07846
-5.08344
-5.08676
-5.08847
-5.08826
-5.09026
-5.08854
-5.08466
-5.08046
-5.07526
-5.07181
-5.07232
-5.07333
-5.0769
-5.08077
-5.08579
-5.0903
-5.09347
-5.09311
-5.09037
-5.08335
-5.07369
-5.05929
-5.04277
-5.02257
-4.99987
-4.97675
-4.95285
-4.93125
-4.91457
-4.90523
-4.90557
-4.91643
-4.93537
-4.96107
-4.99012
-5.01731
-5.0384
-5.05399
-5.06251
-5.06448
-5.05934
-5.05056
-5.04136
-5.03116
-5.02459
-5.01894
-5.0144
-5.0099
-5.00525
-5.00219
-5.00167
-5.0066
-5.01789
-5.03371
-5.05168
-5.07276
-5.09503
-5.11624
-5.13229
-5.14432
-5.15055
-5.15266
-5.15106
-5.14967
-5.1507
-5.15202
-5.15288
-5.15082
-5.14491
-5.13568
-5.12618
-5.11833
-5.1158
-5.11692
-5.12195
-5.12684
-5.12768
-5.12453
-5.11372
-5.09756
-5.07632
-5.05545
-5.03953
-5.03247
-5.03769
-5.05173
-5.06564
-5.0755
-5.07957
-5.08136
-5.08445
-5.09011
-5.0999
-5.11086
-5.12289
-5.13549
-5.14692
-5.15856
-5.16963
-5.18069
-5.1868
-5.18684
-5.1758
-5.1586
-5.13658
-5.11479
-5.09907
-5.09509
-5.10066
-5.11286
-5.12585
-5.1388
-5.14731
-5.15325
-5.15697
-5.15591
-5.1499
-5.139
-5.12229
-5.09933
-5.07266
-5.04478
-5.01586
-4.98843
-4.96398
-4.94607
-4.93422
-4.93176
-4.93686
-4.94889
-4.96784
-4.99359
-5.02656
-5.06204
-5.09933
-5.13528
-5.16629
-5.19231
-5.21022
-5.21894
-5.22095
-5.21547
-5.20527
-5.19067
-5.17374
-5.15687
-5.13796
-5.12041
-5.10395
-5.09064
-5.08145
-5.07666
-5.07824
-5.08451
-5.09678
-5.11363
-5.132
-5.1514
-5.16853
-5.18062
-5.18807
-5.18935
-5.18525
-5.17742
-5.16554
-5.15302
-5.1418
-5.13745
-5.13914
-5.14725
-5.16236
-5.17867
-5.19686
-5.21114
-5.22082
-5.22695
-5.22522
-5.21573
-5.19875
-5.18001
-5.16186
-5.14346
-5.12639
-5.10842
-5.09064
-5.07276
-5.05577
-5.04152
-5.03012
-5.02256
-5.01871
-5.01849
-5.02094
-5.02493
-5.02731
-5.0274
-5.02305
-5.01369
-5.00027
-4.98357
-4.96803
-4.95646
-4.95387
-4.96318
-4.98414
-5.01383
-5.04765
-5.07866
-5.10291
-5.11509
-5.11373
-5.1045
-5.08914
-5.07267
-5.05803
-5.05188
-5.05287
-5.06329
-5.0788
-5.0938
-5.10784
-5.11926
-6.36201
-6.35371
-6.33932
-6.3166
-6.28301
-6.23715
-6.17985
-6.10701
-6.01673
-5.90864
-5.78047
-5.63582
-5.4839
-5.33471
-5.20008
-5.09127
-5.01504
-4.97185
-4.9582
-4.96716
-4.9926
-5.02498
-5.05892
-5.09115
-5.11708
-5.13555
-5.14747
-5.15306
-5.15687
-5.15891
-5.15991
-5.16122
-5.16148
-5.15817
-5.14965
-5.13435
-5.11114
-5.08259
-5.05203
-5.02235
-4.99833
-4.97951
-4.96711
-4.96083
-4.95968
-4.96245
-4.97113
-4.98498
-5.00175
-5.01945
-5.03584
-5.04748
-5.05408
-5.05379
-5.04828
-5.03649
-5.02316
-5.01044
-5.00168
-4.9966
-4.99578
-4.99854
-5.00248
-5.00881
-5.01625
-5.02401
-5.02994
-5.0334
-5.03476
-5.0335
-5.03047
-5.02966
-5.03262
-5.03963
-5.0505
-5.06222
-5.07219
-5.07846
-5.08344
-5.08676
-5.08847
-5.08826
-5.09026
-5.08854
-5.08466
-5.08046
-5.07526
-5.07181
-5.07232
-5.07333
-5.0769
-5.08077
-5.08579
-5.0903
-5.09347
-5.09311
-5.09037
-5.08335
-5.07369
-5.05929
-5.04277
-5.02257
-4.99987
-4.97675
-4.95285
-4.93125
-4.91457
-4.90523
-4.90557
-4.91643
-4.93537
-4.96107
-4.99012
-5.01731
-5.0384
-5.05399
-5.06251
-5.06448
-5.05934
-5.05056
-5.04136
-5.03116
-5.02459
-5.01894
-5.0144
-5.0099
-5.00525
-5.00219
-5.00167
-5.0066
-5.01789
-5.03371
-5.05168
-5.07276
-5.09503
-5.11624
-5.13229
-5.14432
-5.15055
-5.15266
-5.15106
-5.14967
-5.1507
-5.15202
-5.15288
-5.15082
-5.14491
-5.13568
-5.12618
-5.11833
-5.1158
-5.11692
-5.12195
-5.12684
-5.12768
-5.12453
-5.11372
-5.09756
-5.07632
-5.05545
-5.03953
-5.03247
-5.03769
-5.05173
-5.06564
-5.0755
-5.07957
-5.08136
-5.08445
-5.09011
-5.0999
-5.11086
-5.12289
-5.13549
-5.14692
-5.15856
-5.16963
-5.18069
-5.1868
-5.18684
-5.1758
-5.1586
-5.13658
-5.11479
-5.09907
-5.09509
-5.10066
-5.11286
-5.12585
-5.1388
-5.14731
-5.15325
-5.15697
-5.15591
-5.1499
-5.139
-5.12229
-5.09933
-5.07266
-5.04478
-5.01586
-4.98843
-4.96398
-4.94607
-4.93422
-4.93176
-4.93686
-4.94889
-4.96784
-4.99359
-5.02656
-5.06204
-5.09933
-5.13528
-5.16629
-5.19231
-5.21022
-5.21894
-5.22095
-5.21547
-5.20527
-5.19067
-5.17374
-5.15687
-5.13796
-5.12041
-5.10395
-5.09064
-5.08145
-5.07666
-5.07824
-5.08451
-5.09678
-5.11363
-5.132
-5.1514
-5.16853
-5.18062
-5.18807
-5.18935
-5.18525
-5.17742
-5.16554
-5.15302
-5.1418
-5.13745
-5.13914
-5.14725
-5.16236
-5.17867
-5.19686
-5.21114
-5.22082
-5.22695
-5.22522
-5.21573
-5.19875
-5.18001
-5.16186
-5.14346
-5.12639
-5.10842
-5.09064
-5.07276
-5.05577
-5.04152
-5.03012
-5.02256
-5.01871
-5.01849
-5.02094
-5.02493
-5.02731
-5.0274
-5.02305
-5.01369
-5.00027
-4.98357
-4.96803
-4.95646
-4.95387
-4.96318
-4.98414
-5.01383
-5.04765
-5.07866
-5.10291
-5.11509
-5.11373
-5.1045
-5.08914
-5.07267
-5.05803
-5.05188
-5.05287
-5.06329
-5.0788
-5.0938
-5.10784
-5.11926
-6.36201
-6.35371
-6.33932
-6.3166
-6.28301
-6.23715
-6.17985
-6.10701
-6.01673
-5.90864
-5.78047
-5.63582
-5.4839
-5.33471
-5.20008
-5.09127
-5.01504
-4.97185
-4.9582
-4.96716
-4.9926
-5.02498
-5.05892
-5.09115
-5.11708
-5.13555
-5.14747
-5.15306
-5.15687
-5.15891
-5.15991
-5.16122
-5.16148
-5.15817
-5.14965
-5.13435
-5.11114
-5.08259
-5.05203
-5.02235
-4.99833
-4.97951
-4.96711
-4.96083
-4.95968
-4.96245
-4.97113
-4.98498
-5.00175
-5.01945
-5.03584
-5.04748
-5.05408
-5.05379
-5.04828
-5.03649
-5.02316
-5.01044
-5.00168
-4.9966
-4.99578
-4.99854
-5.00248
-5.00881
-5.01625
-5.02401
-5.02994
-5.0334
-5.03476
-5.0335
-5.03047
-5.02966
-5.03262
-5.03963
-5.0505
-5.06222
-5.07219
-5.07846
-5.08344
-5.08676
-5.08847
-5.08826
-5.09026
-5.08854
-5.08466
-5.08046
-5.07526
-5.07181
-5.07232
-5.07333
-5.0769
-5.08077
-5.08579
-5.0903
-5.09347
-5.09311
-5.09037
-5.08335
-5.07369
-5.05929
-5.04277
-5.02257
-4.99987
-4.97675
-4.95285
-4.93125
-4.91457
-4.90523
-4.90557
-4.91643
-4.93537
-4.96107
-4.99012
-5.01731
-5.0384
-5.05399
-5.06251
-5.06448
-5.05934
-5.05056
-5.04136
-5.03116
-5.02459
-5.01894
-5.0144
-5.0099
-5.00525
-5.00219
-5.00167
-5.0066
-5.01789
-5.03371
-5.05168
-5.07276
-5.09503
-5.11624
-5.13229
-5.14432
-5.15055
-5.15266
-5.15106
-5.14967
-5.1507
-5.15202
-5.15288
-5.15082
-5.14491
-5.13568
-5.12618
-5.11833
-5.1158
-5.11692
-5.12195
-5.12684
-5.12768
-5.12453
-5.11372
-5.09756
-5.07632
-5.05545
-5.03953
-5.03247
-5.03769
-5.05173
-5.06564
-5.0755
-5.07957
-5.08136
-5.08445
-5.09011
-5.0999
-5.11086
-5.12289
-5.13549
-5.14692
-5.15856
-5.16963
-5.18069
-5.1868
-5.18684
-5.1758
-5.1586
-5.13658
-5.11479
-5.09907
-5.09509
-5.10066
-5.11286
-5.12585
-5.1388
-5.14731
-5.15325
-5.15697
-5.15591
-5.1499
-5.139
-5.12229
-5.09933
-5.07266
-5.04478
-5.01586
-4.98843
-4.96398
-4.94607
-4.93422
-4.93176
-4.93686
-4.94889
-4.96784
-4.99359
-5.02656
-5.06204
-5.09933
-5.13528
-5.16629
-5.19231
-5.21022
-5.21894
-5.22095
-5.21547
-5.20527
-5.19067
-5.17374
-5.15687
-5.13796
-5.12041
-5.10395
-5.09064
-5.08145
-5.07666
-5.07824
-5.08451
-5.09678
-5.11363
-5.132
-5.1514
-5.16853
-5.18062
-5.18807
-5.18935
-5.18525
-5.17742
-5.16554
-5.15302
-5.1418
-5.13745
-5.13914
-5.14725
-5.16236
-5.17867
-5.19686
-5.21114
-5.22082
-5.22695
-5.22522
-5.21573
-5.19875
-5.18001
-5.16186
-5.14346
-5.12639
-5.10842
-5.09064
-5.07276
-5.05577
-5.04152
-5.03012
-5.02256
-5.01871
-5.01849
-5.02094
-5.02493
-5.02731
-5.0274
-5.02305
-5.01369
-5.00027
-4.98357
-4.96803
-4.95646
-4.95387
-4.96318
-4.98414
-5.01383
-5.04765
-5.07866
-5.10291
-5.11509
-5.11373
-5.1045
-5.08914
-5.07267
-5.05803
-5.05188
-5.05287
-5.06329
-5.0788
-5.0938
-5.10784
-5.11926
-5.12628
-5.12838
-5.12553
-5.11707
-5.10508
-5.09069
-5.07634
-5.06332
-5.05013
-5.03877
-5.02898
-5.02505
-5.0303
-5.04661
-5.06992
-5.09664
-5.12051
-5.13681
-5.14364
-5.1397
-5.1279
-5.1098
-5.09144
-5.0755
-5.06647
-5.06548
-5.07127
-5.08131
-5.09081
-5.09674
-5.09531
-5.08436
-5.06564
-5.04171
-5.01472
-4.98999
-4.97138
-4.96051
-4.95806
-4.96438
-4.9765
-4.9946
-5.01597
-5.03801
-5.05556
-5.06793
-5.07011
-5.06514
-5.05329
-5.04012
-5.03007
-5.0279
-5.03381
-5.04445
-5.05577
-5.0623
-5.0665
-5.06951
-5.07201
-5.07697
-5.08527
-5.09514
-5.1059
-5.11437
-5.12134
-5.12658
-5.12843
-5.12982
-5.12887
-5.12707
-5.12559
-5.12381
-5.12464
-5.12721
-5.13056
-5.13444
-5.13713
-5.13785
-5.13742
-5.13519
-5.13131
-5.12791
-5.12448
-5.12295
-5.12142
-5.11991
-5.1176
-5.1137
-5.11082
-5.10408
-5.0966
-5.09064
-5.0845
-5.07926
-5.0775
-5.07841
-5.0788
-5.07824
-5.07632
-5.07297
-5.07344
-5.07817
-5.0854
-5.09593
-5.10574
-5.11386
-5.11929
-5.12348
-5.1259
-5.12616
-5.12771
-5.13193
-5.13942
-5.14864
-5.15917
-5.16965
-5.1796
-5.18456
-5.18615
-5.18142
-5.17125
-5.15717
-5.13946
-5.12068
-5.10217
-5.08733
-5.07732
-5.07219
-5.07204
-5.07558
-5.08247
-5.09055
-5.09725
-5.10081
-5.10111
-5.09996
-5.09832
-5.09714
-5.09919
-5.10361
-5.10797
-5.1116
-5.11124
-5.10429
-5.08893
-5.06723
-5.04361
-5.02536
-5.01694
-5.01984
-5.03347
-5.05408
-5.07906
-5.10718
-5.13687
-5.16714
-5.19719
-5.22482
-5.24848
-5.26604
-5.27617
-5.27967
-5.27682
-5.26649
-5.24971
-5.22605
-5.19651
-5.1636
-5.13091
-5.09978
-5.07429
-5.05633
-5.04631
-5.04156
-5.04227
-5.04812
-5.05919
-5.07687
-5.1018
-5.12612
-5.14932
-5.16435
-5.16725
-5.16105
-5.14754
-5.13541
-5.13217
-5.13964
-5.15512
-5.17418
-5.19231
-5.20425
-5.20669
-5.19939
-5.18478
-5.16543
-5.14417
-5.12378
-5.10754
-5.09938
-5.09837
-5.10409
-5.11288
-5.12383
-5.13151
-5.13517
-5.13465
-5.12859
-5.11717
-5.09961
-5.07825
-5.05297
-5.03162
-5.01775
-5.0161
-5.0289
-5.05239
-5.08177
-5.11698
-5.15021
-5.18153
-5.2075
-5.22896
-5.24641
-5.26163
-5.27429
-5.28506
-5.2913
-5.28983
-5.28093
-5.26364
-5.24069
-5.21205
-5.17979
-5.14444
-5.10961
-5.07825
-5.05148
-5.03113
-5.01805
-5.0131
-5.01458
-5.01872
-5.02502
-5.0313
-5.0394
-5.05062
-5.06417
-5.081
-5.09505
-5.1067
-5.11238
-5.10965
-5.0997
-5.08306
-5.0623
-5.04033
-5.0223
-5.00644
-4.99269
-4.98046
-4.96821
-4.95794
-4.95276
-4.95516
-4.96775
-4.98851
-5.0144
-5.04409
-5.07319
-5.09802
-5.11561
-5.12595
-5.1276
-5.12089
-5.10865
-5.09356
-5.07992
-5.07023
-5.06556
-5.06292
-5.06014
-5.05712
-5.05037
-5.04008
-5.02675
-5.01104
-4.99352
-4.97354
-4.95533
-4.94039
-4.93363
-4.93906
-4.95502
-4.97674
-4.99954
-5.01957
-5.03736
-5.0511
-5.06336
-5.07612
-5.08986
-5.10341
-5.11446
-5.12309
-5.12685
-5.12641
-5.12521
-5.12169
-5.11611
-5.11002
-5.10309
-5.09615
-5.08541
-5.07377
-5.0614
-5.04983
-5.04266
-5.04132
-5.04736
-5.05949
-5.07597
-5.09048
-5.10164
-5.10509
-5.0981
-5.0781
-5.0491
-5.01346
-4.9784
-4.95063
-4.93216
-4.9223
-4.91921
-4.92169
-4.92777
-4.93765
-4.9521
-4.9705
-4.9933
-5.01921
-5.04674
-5.07263
-5.0968
-5.1164
-5.12962
-5.13392
-5.12895
-5.11355
-5.09041
-5.06295
-5.03819
-5.02225
-5.01929
-5.02937
-5.05036
-5.07955
-5.11201
-5.14457
-5.16988
-5.18705
-5.19348
-5.18996
-5.17816
-5.15944
-5.13828
-5.12045
-5.10951
-5.10592
-5.11041
-5.11938
-5.12858
-5.13816
-5.1424
-5.14534
-5.14863
-5.15404
-5.15912
-5.16043
-5.15632
-5.14387
-5.12249
-5.09524
-5.06601
-5.04178
-5.02502
-5.02005
-5.0259
-5.04102
-5.06191
-5.08483
-5.10373
-5.11886
-5.12513
-5.12328
-5.11469
-5.10042
-5.08369
-5.06988
-5.06214
-5.06226
-5.06993
-5.08598
-5.10753
-5.12984
-5.15146
-5.16902
-5.182
-5.18696
-5.18435
-5.17275
-5.15342
-5.1286
-5.09854
-5.0667
-5.03498
-5.00587
-4.98083
-4.96468
-4.95651
-4.9564
-4.95969
-4.9662
-4.97231
-4.97781
-4.9832
-4.98946
-4.99792
-5.01115
-5.02242
-5.03252
-5.03874
-5.0427
-5.05193
-5.06622
-5.08741
-5.11209
-5.13478
-5.15004
-5.15404
-5.14626
-5.12676
-5.09843
-5.06679
-5.03932
-5.02216
-5.02119
-5.03526
-5.06021
-5.09037
-5.12212
-5.15165
-5.1749
-5.1929
-5.20647
-5.21546
-5.22198
-5.22656
-5.22889
-5.22575
-5.21664
-5.19951
-5.17418
-5.14175
-5.10189
-5.05657
-5.00883
-4.96533
-4.93175
-4.90807
-4.89815
-4.89817
-4.90359
-4.91068
-4.91956
-4.92795
-4.93758
-4.95009
-4.96712
-4.9902
-5.01933
-5.05289
-5.08909
-5.12292
-5.15251
-5.17482
-5.18793
-5.19218
-5.18927
-5.17823
-5.15931
-5.13625
-5.1107
-5.08724
-5.06615
-5.04974
-5.03502
-5.02142
-5.00793
-4.99505
-4.98731
-4.98201
-4.98104
-4.98405
-4.98991
-4.99618
-5.00109
-5.0051
-5.00565
-5.00458
-5.00353
-5.00793
-5.01934
-5.03791
-5.06133
-5.08617
-5.10847
-5.12539
-5.13762
-5.14684
-5.15257
-5.15666
-5.15836
-5.15874
-5.15966
-5.15968
-5.16027
-5.16287
-5.16612
-5.17041
-5.17416
-5.17673
-5.17718
-5.17584
-5.17349
-5.16936
-5.16678
-5.16601
-5.16776
-5.17077
-5.17474
-5.17844
-5.18191
-5.18251
-5.17883
-5.17042
-5.1561
-5.13844
-5.11936
-5.10047
-5.08164
-5.06468
-5.04695
-5.02725
-5.01071
-5.00268
-5.00852
-5.02508
-5.04798
-5.06966
-5.08961
-5.10551
-5.11926
-5.13077
-5.1387
-5.1413
-5.14099
-5.13611
-5.12607
-5.11241
-5.09395
-5.07204
-5.04872
-5.02769
-5.01283
-5.00787
-5.01216
-5.0237
-5.03598
-5.04489
-5.0454
-5.03802
-5.0246
-5.00593
-4.98801
-4.9742
-4.96505
-4.96167
-4.96399
-4.97549
-4.99616
-5.02517
-5.06004
-5.09845
-5.1362
-5.16911
-5.196
-5.21406
-5.22295
-5.22609
-5.22189
-5.20958
-5.19167
-5.16728
-5.13689
-5.10297
-5.07057
-5.04138
-5.01872
-5.00102
-4.99066
-4.98728
-4.99139
-4.99868
-5.00978
-5.02051
-5.03332
-5.04482
-5.05664
-5.06804
-5.07896
-5.09032
-5.10135
-5.11228
-5.12095
-5.12707
-5.12715
-5.1214
-5.11129
-5.10122
-5.09567
-5.09833
-5.10804
-5.12257
-5.13768
-5.14602
-5.14613
-5.13724
-5.12227
-5.10429
-5.08457
-5.06463
-5.04724
-5.0371
-5.03754
-5.04911
-5.07168
-5.1022
-5.13091
-5.15176
-5.16417
-5.16565
-5.15717
-5.13848
-5.11443
-5.08613
-5.05341
-5.01893
-4.98341
-4.94778
-4.9186
-4.89572
-4.88017
-4.87194
-4.87153
-4.87618
-4.88757
-4.90207
-4.91982
-4.93674
-4.95329
-4.96753
-4.98267
-4.99831
-5.0146
-5.0289
-5.04364
-5.05661
-5.07013
-5.08213
-5.08937
-5.09007
-5.0828
-5.06624
-5.04393
-5.02176
-5.00637
-5.00168
-5.00776
-5.02271
-5.0412
-5.05721
-5.06949
-5.07797
-5.08575
-5.09412
-5.10404
-5.11385
-5.12162
-5.12348
-6.36201
-6.35371
-6.33932
-6.3166
-6.28301
-6.23715
-6.17985
-6.10701
-6.01673
-5.90864
-5.78047
-5.63582
-5.4839
-5.33471
-5.20008
-5.09127
-5.01504
-4.97185
-4.9582
-4.96716
-4.9926
-5.02498
-5.05892
-5.09115
-5.11708
-5.13555
-5.14747
-5.15306
-5.15687
-5.15891
-5.15991
-5.16122
-5.16148
-5.15817
-5.14965
-5.13435
-5.11114
-5.08259
-6.36201
-6.35371
-6.33932
-6.3166
-6.28301
-6.23715
-6.17985
-6.10701
-6.01673
-5.90864
-5.78047
-5.63582
-5.4839
-5.33471
-5.20008
-5.09127
-5.01504
-4.97185
-4.9582
-4.96716
-4.9926
-5.02498
-5.05892
-5.09115
-5.11708
-6.36201
-6.35371
-6.33932
-6.3166
-6.28301
-6.23715
-6.17985
-6.10701
-6.01673
-5.90864
-5.78047
-5.63582
-5.4839
-5.33471
-5.20008
-5.09127
-5.01504
-4.97185
-4.9582
-4.96716
-6.36201
-6.35371
-6.33932
-6.3166
-6.28301
-6.23715
-6.17985
-6.10701
-6.01673
-5.90864
-5.78047
-5.63582
-5.4839
-5.33471
-5.20008
-5.09127
-5.01504
-4.97185
-4.9582
-4.96716
-4.9926
-5.02498
-5.05892
-5.09115
-5.11708
-5.13555
-5.14747
-5.15306
-5.15687
-5.15891
-5.15991
-5.16122
-5.16148
-5.15817
-5.14965
-5.13435
-5.11114
-5.08259
-5.05203
-5.02235
-4.99833
-4.97951
-4.96711
-4.96083
-4.95968
-4.96245
-4.97113
-4.98498
-5.00175
-5.01945
-5.03584
-5.04748
-5.05408
-5.05379
-5.04828
-5.03649
-5.02316
-5.01044
-5.00168
-4.9966
-4.99578
-4.99854
-5.00248
-5.00881
-5.01625
-6.36201
-6.35371
-6.33932
-6.3166
-6.28301
-6.23715
-6.17985
-6.10701
-6.01673
-5.90864
-5.78047
-5.63582
-5.4839
-5.33471
-5.20008
-5.09127
-5.01504
-4.97185
-4.9582
-4.96716
-4.9926
-6.36201
-6.35371
-6.33932
-6.3166
-6.28301
-6.23715
-6.17985
-6.10701
-6.01673
-5.90864
-5.78047
-5.63582
-5.4839
-5.33471
-5.20008
-5.09127
-5.01504
-4.97185
-6.36201
-6.35371
-6.33932
-6.3166
-6.28301
-6.23715
-6.17985
-6.10701
-6.01673
-5.90864
-5.78047
-5.63582
-5.4839
-5.33471
-5.20008
-5.09127
-5.01504
-4.97185
-4.9582
-4.96716
-4.9926
-5.02498
-5.05892
-5.09115
-5.11708
-5.13555
-5.14747
-5.15306
-5.15687
-6.36201
-6.35371
-6.33932
-6.3166
-6.28301
-6.23715
-6.17985
-6.10701
-6.01673
-5.90864
-5.78047
-5.63582
-5.4839
-5.33471
-5.20008
-5.09127
-5.01504
-4.97185
-4.9582
-4.96716
-4.9926
-5.02498
-5.05892
-5.09115
-5.11708
-5.13555
-5.14747
-5.15306
-5.15687
-5.15891
-5.15991
-5.16122
-5.16148
-5.15817
-5.14965
-5.13435
-5.11114
-5.08259
-5.05203
-5.02235
-4.99833
-4.97951
-4.96711
-4.96083
-4.95968
-4.96245
-4.97113
-4.98498
-5.00175
-5.01945
-5.03584
-5.04748
-5.05408
-5.05379
-5.04828
-5.03649
-5.02316
-5.01044
-5.00168
-4.9966
-4.99578
-4.99854
-6.36201
-6.35371
-6.33932
-6.3166
-6.28301
-6.23715
-6.17985
-6.10701
-6.01673
-5.90864
-5.78047
-5.63582
-5.4839
-5.33471
-5.20008
-5.09127
-5.01504
-4.97185
-4.9582
-4.96716
-4.9926
-5.02498
-5.05892
-5.09115
-5.11708
-5.13555
-5.14747
-5.15306
-5.15687
-5.15891
-5.15991
-5.16122
-5.16148
-5.15817
-5.14965
-5.13435
-5.11114
-5.08259
-5.05203
-5.02235
-4.99833
-4.97951
-4.96711
-4.96083
-4.95968
-4.96245
-4.97113
-4.98498
-5.00175
-5.01945
-5.03584
-5.04748
-5.05408
-5.05379
-5.04828
-5.03649
-5.02316
-5.01044
-5.00168
-4.9966
-4.99578
-4.99854
-5.00248
-5.00881
-5.01625
-5.02401
-5.02994
-5.0334
-5.03476
-5.0335
-5.03047
-5.02966
-5.03262
-5.03963
-5.0505
-5.06222
-5.07219
-5.07846
-5.08344
-5.08676
-5.08847
-5.08826
-5.09026
-5.08854
-5.08466
-5.08046
-5.07526
-5.07181
-5.07232
-5.07333
-5.0769
-5.08077
-5.08579
-5.0903
-5.09347
-5.09311
-5.09037
-5.08335
-5.07369
-5.05929
-5.04277
-5.02257
-4.99987
-4.97675
-4.95285
-4.93125
-4.91457
-4.90523
-4.90557
-4.91643
-4.93537
-4.96107
-4.99012
-5.01731
-5.0384
-5.05399
-5.06251
-5.06448
-5.05934
-5.05056
-5.04136
-5.03116
-5.02459
-5.01894
-5.0144
-5.0099
-5.00525
-5.00219
-5.00167
-5.0066
-5.01789
-5.03371
-5.05168
-5.07276
-5.09503
-5.11624
-5.13229
-5.14432
-5.15055
-5.15266
-5.15106
-5.14967
-5.1507
-5.15202
-5.15288
-5.15082
-5.14491
-5.13568
-6.36201
-6.35371
-6.33932
-6.3166
-6.28301
-6.23715
-6.17985
-6.10701
-6.01673
-5.90864
-5.78047
-5.63582
-5.4839
-5.33471
-5.20008
-5.09127
-5.01504
-4.97185
-4.9582
-4.96716
-4.9926
-5.02498
-5.05892
-5.09115
-5.11708
-5.13555
-5.14747
-5.15306
-5.15687
-5.15891
-5.15991
-5.16122
-5.16148
-5.15817
-5.14965
-5.13435
-5.11114
-5.08259
-5.05203
-5.02235
-4.99833
-4.97951
-4.96711
-4.96083
-4.95968
-4.96245
-4.97113
-4.98498
-5.00175
-5.01945
-5.03584
-5.04748
-5.05408
-5.05379
-5.04828
-5.03649
-5.02316
-5.01044
-5.00168
-4.9966
-4.99578
-4.99854
-5.00248
-5.00881
-5.01625
-5.02401
-5.02994
-5.0334
-5.03476
-5.0335
-5.03047
-5.02966
-5.03262
-5.03963
-5.0505
-5.06222
-5.07219
-5.07846
-5.08344
-5.08676
-5.08847
-5.08826
-5.09026
-5.08854
-5.08466
-5.08046
-5.07526
-5.07181
-5.07232
-5.07333
-5.0769
-5.08077
-5.08579
-5.0903
-5.09347
-5.09311
-5.09037
-5.08335
-5.07369
-5.05929
-5.04277
-5.02257
-4.99987
-4.97675
-4.95285
-4.93125
-4.91457
-4.90523
-4.90557
-4.91643
-4.93537
-4.96107
-4.99012
-5.01731
-5.0384
-5.05399
-5.06251
-5.06448
-5.05934
-5.05056
-5.04136
-5.03116
-5.02459
-5.01894
-5.0144
-5.0099
-5.00525
-5.00219
-5.00167
-5.0066
-5.01789
-5.03371
-5.05168
-5.07276
-5.09503
-5.11624
-5.13229
-5.14432
-5.15055
-5.15266
-5.15106
-5.14967
-5.1507
-5.15202
-5.15288
-5.15082
-5.14491
-5.13568
-5.12618
-5.11833
-5.1158
-5.11692
-5.12195
-5.12684
-5.12768
-5.12453
-5.11372
-5.09756
-5.07632
-5.05545
-5.03953
-5.03247
-5.03769
-5.05173
-5.06564
-5.0755
-5.07957
-5.08136
-5.08445
-5.09011
-5.0999
-5.11086
-5.12289
-5.13549
-5.14692
-5.15856
-5.16963
-5.18069
-5.1868
-5.18684
-5.1758
-5.1586
-5.13658
-5.11479
-5.09907
-5.09509
-5.10066
-5.11286
-5.12585
-5.1388
-5.14731
-5.15325
-5.15697
-5.15591
-5.1499
-5.139
-5.12229
-5.09933
-5.07266
-5.04478
-5.01586
-4.98843
-4.96398
-4.94607
-4.93422
-4.93176
-4.93686
-4.94889
-4.96784
-4.99359
-5.02656
-5.06204
-5.09933
-5.13528
-5.16629
-5.19231
-5.21022
-5.21894
-5.22095
-5.21547
-5.20527
-5.19067
-5.17374
-5.15687
-5.13796
-5.12041
-5.10395
-5.09064
-5.08145
-5.07666
-5.07824
-5.08451
-5.09678
-5.11363
-5.132
-5.1514
-5.16853
-5.18062
-5.18807
-5.18935
-5.18525
-5.17742
-5.16554
-5.15302
-5.1418
-5.13745
-5.13914
-5.14725
-5.16236
-5.17867
-5.19686
-5.21114
-5.22082
-5.22695
-5.22522
-5.21573
-5.19875
-5.18001
-5.16186
-5.14346
-5.12639
-5.10842
-5.09064
-5.07276
-5.05577
-5.04152
-5.03012
-5.02256
-5.01871
-5.01849
-5.02094
-5.02493
-5.02731
-5.0274
-5.02305
-5.01369
-5.00027
-4.98357
-4.96803
-4.95646
-4.95387
-4.96318
-4.98414
-5.01383
-5.04765
-5.07866
-5.10291
-5.11509
-5.11373
-5.1045
-5.08914
-5.07267
-5.05803
-5.05188
-5.05287
-5.06329
-5.0788
-5.0938
-5.10784
-5.11926
-5.12628
-5.12838
-5.12553
-5.11707
-5.10508
-5.09069
-5.07634
-5.06332
-5.05013
-5.03877
-5.02898
-5.02505
-5.0303
-5.04661
-5.06992
-5.09664
-5.12051
-5.13681
-5.14364
-5.1397
-5.1279
-5.1098
-5.09144
-5.0755
-5.06647
-5.06548
-5.07127
-5.08131
-5.09081
-5.09674
-5.09531
-5.08436
-5.06564
-5.04171
-5.01472
-4.98999
-4.97138
-4.96051
-4.95806
-4.96438
-4.9765
-4.9946
-5.01597
-5.03801
-5.05556
-5.06793
-5.07011
-5.06514
-5.05329
-5.04012
-5.03007
-5.0279
-5.03381
-5.04445
-5.05577
-5.0623
-5.0665
-5.06951
-5.07201
-5.07697
-5.08527
-5.09514
-5.1059
-5.11437
-5.12134
-5.12658
-5.12843
-5.12982
-5.12887
-5.12707
-5.12559
-5.12381
-5.12464
-5.12721
-5.13056
-5.13444
-5.13713
-5.13785
-5.13742
-5.13519
-5.13131
-5.12791
-5.12448
-5.12295
-5.12142
-5.11991
-5.1176
-5.1137
-5.11082
-5.10408
-5.0966
-5.09064
-5.0845
-5.07926
-5.0775
-5.07841
-5.0788
-5.07824
-5.07632
-5.07297
-5.07344
-5.07817
-5.0854
-5.09593
-5.10574
-5.11386
-5.11929
-5.12348
-5.1259
-5.12616
-5.12771
-5.13193
-5.13942
-5.14864
-5.15917
-5.16965
-5.1796
-5.18456
-5.18615
-5.18142
-5.17125
-5.15717
-5.13946
-5.12068
-5.10217
-5.08733
-5.07732
-5.07219
-5.07204
-5.07558
-5.08247
-5.09055
-5.09725
-5.10081
-5.10111
-5.09996
-5.09832
-5.09714
-5.09919
-5.10361
-5.10797
-5.1116
-5.11124
-5.10429
-5.08893
-5.06723
-5.04361
-5.02536
-5.01694
-5.01984
-5.03347
-5.05408
-5.07906
-5.10718
-5.13687
-5.16714
-5.19719
-5.22482
-5.24848
-5.26604
-5.27617
-5.27967
-5.27682
-5.26649
-5.24971
-5.22605
-5.19651
-5.1636
-5.13091
-5.09978
-5.07429
-5.05633
-5.04631
-5.04156
-5.04227
-5.04812
-5.05919
-5.07687
-5.1018
-5.12612
-5.14932
-5.16435
-5.16725
-5.16105
-5.14754
-5.13541
-5.13217
-5.13964
-5.15512
-5.17418
-5.19231
-5.20425
-5.20669
-5.19939
-5.18478
-5.16543
-5.14417
-5.12378
-5.10754
-5.09938
-5.09837
-5.10409
-5.11288
-5.12383
-5.13151
-5.13517
-5.13465
-5.12859
-5.11717
-5.09961
-5.07825
-5.05297
-5.03162
-5.01775
-5.0161
-5.0289
-5.05239
-5.08177
-5.11698
-5.15021
-5.18153
-5.2075
-5.22896
-5.24641
-5.26163
-5.27429
-5.28506
-5.2913
-5.28983
-5.28093
-5.26364
-5.24069
-5.21205
-5.17979
-5.14444
-5.10961
-5.07825
-5.05148
-5.03113
-5.01805
-5.0131
-5.01458
-5.01872
-5.02502
-5.0313
-5.0394
-5.05062
-5.06417
-5.081
-5.09505
-5.1067
-5.11238
-5.10965
-5.0997
-5.08306
-5.0623
-5.04033
-5.0223
-5.00644
-4.99269
-4.98046
-4.96821
-4.95794
-4.95276
-4.95516
-4.96775
-4.98851
-5.0144
-5.04409
-5.07319
-5.09802
-5.11561
-5.12595
-5.1276
-5.12089
-5.10865
-5.09356
-5.07992
-5.07023
-5.06556
-5.06292
-5.06014
-5.05712
-5.05037
-5.04008
-5.02675
-5.01104
-4.99352
-4.97354
-4.95533
-4.94039
-4.93363
-4.93906
-4.95502
-4.97674
-4.99954
-5.01957
-5.03736
-5.0511
-5.06336
-5.07612
-5.08986
-5.10341
-5.11446
-5.12309
-5.12685
-5.12641
-5.12521
-5.12169
-5.11611
-5.11002
-5.10309
-5.09615
-5.08541
-5.07377
-5.0614
-5.04983
-5.04266
-5.04132
-5.04736
-5.05949
-5.07597
-5.09048
-5.10164
-5.10509
-5.0981
-5.0781
-5.0491
-5.01346
-4.9784
-4.95063
-4.93216
-4.9223
-4.91921
-4.92169
-4.92777
-4.93765
-4.9521
-4.9705
-4.9933
-5.01921
-5.04674
-5.07263
-5.0968
-5.1164
-5.12962
-5.13392
-5.12895
-5.11355
-5.09041
-5.06295
-5.03819
-5.02225
-5.01929
-5.02937
-5.05036
-5.07955
-5.11201
-5.14457
-5.16988
-5.18705
-5.19348
-5.18996
-5.17816
-5.15944
-5.13828
-5.12045
-5.10951
-5.10592
-5.11041
-5.11938
-5.12858
-5.13816
-5.1424
-5.14534
-5.14863
-5.15404
-5.15912
-5.16043
-5.15632
-5.14387
-5.12249
-5.09524
-5.06601
-5.04178
-5.02502
-5.02005
-5.0259
-5.04102
-5.06191
-5.08483
-5.10373
-5.11886
-5.12513
-5.12328
-5.11469
-5.10042
-5.08369
-5.06988
-5.06214
-5.06226
-5.06993
-5.08598
-5.10753
-5.12984
-5.15146
-5.16902
-5.182
-5.18696
-5.18435
-5.17275
-5.15342
-5.1286
-5.09854
-5.0667
-5.03498
-5.00587
-4.98083
-4.96468
-4.95651
-4.9564
-4.95969
-4.9662
-4.97231
-4.97781
-4.9832
-4.98946
-4.99792
-5.01115
-5.02242
-5.03252
-5.03874
-5.0427
-5.05193
-5.06622
-5.08741
-5.11209
-5.13478
-5.15004
-5.15404
-5.14626
-5.12676
-5.09843
-5.06679
-5.03932
-5.02216
-5.02119
-5.03526
-5.06021
-5.09037
-5.12212
-5.15165
-5.1749
-5.1929
-5.20647
-5.21546
-5.22198
-5.22656
-5.22889
-5.22575
-5.21664
-5.19951
-5.17418
-5.14175
-5.10189
-5.05657
-5.00883
-4.96533
-4.93175
-4.90807
-4.89815
-4.89817
-4.90359
-4.91068
-4.91956
-4.92795
-4.93758
-4.95009
-4.96712
-4.9902
-5.01933
-5.05289
-5.08909
-5.12292
-5.15251
-5.17482
-5.18793
-5.19218
-5.18927
-5.17823
-5.15931
-5.13625
-5.1107
-5.08724
-5.06615
-5.04974
-5.03502
-5.02142
-5.00793
-4.99505
-4.98731
-4.98201
-4.98104
-4.98405
-4.98991
-4.99618
-5.00109
-5.0051
-5.00565
-5.00458
-5.00353
-5.00793
-5.01934
-5.03791
-5.06133
-5.08617
-5.10847
-5.12539
-5.13762
-5.14684
-5.15257
-5.15666
-5.15836
-5.15874
-5.15966
-5.15968
-5.16027
-5.16287
-5.16612
-5.17041
-5.17416
-5.17673
-5.17718
-5.17584
-5.17349
-5.16936
-5.16678
-5.16601
-5.16776
-5.17077
-5.17474
-5.17844
-5.18191
-5.18251
-5.17883
-5.17042
-5.1561
-5.13844
-5.11936
-5.10047
-5.08164
-5.06468
-5.04695
-5.02725
-5.01071
-5.00268
-5.00852
-5.02508
-5.04798
-5.06966
-5.08961
-5.10551
-5.11926
-5.13077
-5.1387
-5.1413
-5.14099
-5.13611
-5.12607
-5.11241
-5.09395
-5.07204
-5.04872
-5.02769
-5.01283
-5.00787
-5.01216
-5.0237
-5.03598
-5.04489
-5.0454
-5.03802
-5.0246
-5.00593
-4.98801
-4.9742
-4.96505
-4.96167
-4.96399
-4.97549
-4.99616
-5.02517
-5.06004
-5.09845
-5.1362
-5.16911
-5.196
-5.21406
-5.22295
-5.22609
-5.22189
-5.20958
-5.19167
-5.16728
-5.13689
-5.10297
-5.07057
-5.04138
-5.01872
-5.00102
-4.99066
-4.98728
-4.99139
-4.99868
-5.00978
-5.02051
-5.03332
-5.04482
-5.05664
-5.06804
-5.07896
-5.09032
-5.10135
-5.11228
-5.12095
-5.12707
-5.12715
-5.1214
-5.11129
-5.10122
-5.09567
-5.09833
-5.10804
-5.12257
-5.13768
-5.14602
-5.14613
-5.13724
-5.12227
-5.10429
-5.08457
-5.06463
-5.04724
-5.0371
-5.03754
-5.04911
-5.07168
-5.1022
-5.13091
-5.15176
-5.16417
-5.16565
-5.15717
-5.13848
-5.11443
-5.08613
-5.05341
-5.01893
-4.98341
-4.94778
-4.9186
-4.89572
-4.88017
-4.87194
-4.87153
-4.87618
-4.88757
-4.90207
-4.91982
-4.93674
-4.95329
-4.96753
-4.98267
-4.99831
-5.0146
-5.0289
-5.04364
-5.05661
-5.07013
-5.08213
-5.08937
-5.09007
-5.0828
-5.06624
-5.04393
-5.02176
-5.00637
-5.00168
-5.00776
-5.02271
-5.0412
-5.05721
-5.06949
-5.07797
-5.08575
-5.09412
-5.10404
-5.11385
-5.12162
-5.12348
-6.36201
-6.35371
-6.33932
-6.3166
-6.28301
-6.23715
-6.17985
-6.10701
-6.01673
-5.90864
-5.78047
-5.63582
-5.4839
-5.33471
-5.20008
-5.09127
-5.01504
-4.97185
-4.9582
-4.96716
-4.9926
-5.02498
-5.05892
-5.09115
-5.11708
-5.13555
-5.14747
-5.15306
-5.15687
-5.15891
-5.15991
-5.16122
-5.16148
-5.15817
-5.14965
-5.13435
-5.11114
-5.08259
-5.05203
-5.02235
-4.99833
-4.97951
-4.96711
-4.96083
-4.95968
-4.96245
-4.97113
-4.98498
-5.00175
-5.01945
-5.03584
-5.04748
-5.05408
-5.05379
-5.04828
-5.03649
-5.02316
-5.01044
-5.00168
-4.9966
-4.99578
-4.99854
-5.00248
-5.00881
-5.01625
-5.02401
-5.02994
-5.0334
-5.03476
-5.0335
-5.03047
-5.02966
-5.03262
-5.03963
-5.0505
-5.06222
-5.07219
-5.07846
-5.08344
-5.08676
-5.08847
-5.08826
-5.09026
-5.08854
-5.08466
-5.08046
-5.07526
-5.07181
-5.07232
-5.07333
-5.0769
-5.08077
-5.08579
-5.0903
-5.09347
-5.09311
-5.09037
-5.08335
-5.07369
-5.05929
-5.04277
-5.02257
-4.99987
-4.97675
-4.95285
-4.93125
-4.91457
-4.90523
-4.90557
-4.91643
-4.93537
-4.96107
-4.99012
-5.01731
-5.0384
-5.05399
-5.06251
-5.06448
-5.05934
-5.05056
-5.04136
-5.03116
-5.02459
-5.01894
-5.0144
-5.0099
-5.00525
-5.00219
-5.00167
-5.0066
-5.01789
-5.03371
-5.05168
-5.07276
-5.09503
-5.11624
-5.13229
-5.14432
-5.15055
-5.15266
-5.15106
-5.14967
-5.1507
-5.15202
-5.15288
-5.15082
-5.14491
-5.13568
-5.12618
-5.11833
-5.1158
-5.11692
-5.12195
-5.12684
-5.12768
-5.12453
-5.11372
-5.09756
-5.07632
-5.05545
-5.03953
-5.03247
-5.03769
-5.05173
-5.06564
-5.0755
-5.07957
-5.08136
-5.08445
-5.09011
-5.0999
-5.11086
-5.12289
-5.13549
-5.14692
-5.15856
-5.16963
-5.18069
-5.1868
-5.18684
-5.1758
-5.1586
-5.13658
-5.11479
-5.09907
-5.09509
-5.10066
-5.11286
-5.12585
-5.1388
-5.14731
-5.15325
-5.15697
-5.15591
-5.1499
-5.139
-5.12229
-5.09933
-5.07266
-5.04478
-5.01586
-4.98843
-4.96398
-4.94607
-4.93422
-4.93176
-4.93686
-4.94889
-4.96784
-4.99359
-5.02656
-5.06204
-5.09933
-5.13528
-5.16629
-5.19231
-5.21022
-5.21894
-5.22095
-5.21547
-5.20527
-5.19067
-5.17374
-5.15687
-5.13796
-5.12041
-5.10395
-5.09064
-5.08145
-5.07666
-5.07824
-5.08451
-5.09678
-5.11363
-5.132
-5.1514
-5.16853
-5.18062
-5.18807
-5.18935
-5.18525
-5.17742
-5.16554
-5.15302
-5.1418
-5.13745
-5.13914
-5.14725
-5.16236
-5.17867
-5.19686
-5.21114
-5.22082
-5.22695
-5.22522
-5.21573
-5.19875
-5.18001
-5.16186
-5.14346
-5.12639
-5.10842
-5.09064
-5.07276
-5.05577
-5.04152
-5.03012
-5.02256
-5.01871
-5.01849
-5.02094
-5.02493
-5.02731
-5.0274
-5.02305
-5.01369
-5.00027
-4.98357
-4.96803
-4.95646
-4.95387
-4.96318
-4.98414
-5.01383
-5.04765
-5.07866
-5.10291
-5.11509
-5.11373
-5.1045
-5.08914
-5.07267
-5.05803
-5.05188
-5.05287
-5.06329
-5.0788
-5.0938
-5.10784
-5.11926
-5.12628
-5.12838
-5.12553
-5.11707
-5.10508
-5.09069
-5.07634
-5.06332
-5.05013
-5.03877
-5.02898
-5.02505
-5.0303
-5.04661
-5.06992
-5.09664
-5.12051
-5.13681
-5.14364
-5.1397
-5.1279
-5.1098
-5.09144
-5.0755
-5.06647
-5.06548
-5.07127
-5.08131
-5.09081
-5.09674
-5.09531
-5.08436
-5.06564
-5.04171
-5.01472
-4.98999
-4.97138
-4.96051
-4.95806
-4.96438
-4.9765
-4.9946
-5.01597
-5.03801
-5.05556
-5.06793
-5.07011
-5.06514
-5.05329
-5.04012
-5.03007
-5.0279
-5.03381
-5.04445
-5.05577
-5.0623
-5.0665
-5.06951
-5.07201
-5.07697
-5.08527
-5.09514
-5.1059
-5.11437
-5.12134
-5.12658
-5.12843
-5.12982
-5.12887
-5.12707
-5.12559
-5.12381
-5.12464
-5.12721
-5.13056
-5.13444
-5.13713
-5.13785
-5.13742
-5.13519
-5.13131
-5.12791
-5.12448
-5.12295
-5.12142
-5.11991
-5.1176
-5.1137
-5.11082
-5.10408
-5.0966
-5.09064
-5.0845
-5.07926
-5.0775
-5.07841
-5.0788
-5.07824
-5.07632
-5.07297
-5.07344
-5.07817
-5.0854
-5.09593
-5.10574
-5.11386
-5.11929
-5.12348
-5.1259
-5.12616
-5.12771
-5.13193
-5.13942
-5.14864
-5.15917
-5.16965
-5.1796
-5.18456
-5.18615
-5.18142
-5.17125
-5.15717
-5.13946
-5.12068
-5.10217
-5.08733
-5.07732
-5.07219
-5.07204
-5.07558
-5.08247
-5.09055
-5.09725
-5.10081
-5.10111
-5.09996
-5.09832
-5.09714
-5.09919
-5.10361
-5.10797
-5.1116
-5.11124
-5.10429
-5.08893
-5.06723
-5.04361
-5.02536
-5.01694
-5.01984
-5.03347
-5.05408
-5.07906
-5.10718
-5.13687
-5.16714
-5.19719
-5.22482
-5.24848
-5.26604
-5.27617
-5.27967
-5.27682
-5.26649
-5.24971
-5.22605
-5.19651
-5.1636
-5.13091
-5.09978
-5.07429
-5.05633
-5.04631
-5.04156
-5.04227
-5.04812
-5.05919
-5.07687
-5.1018
-5.12612
-5.14932
-5.16435
-5.16725
-5.16105
-5.14754
-5.13541
-5.13217
-5.13964
-5.15512
-5.17418
-5.19231
-5.20425
-5.20669
-5.19939
-5.18478
-5.16543
-5.14417
-5.12378
-5.10754
-5.09938
-5.09837
-5.10409
-5.11288
-5.12383
-5.13151
-5.13517
-5.13465
-5.12859
-5.11717
-5.09961
-5.07825
-5.05297
-5.03162
-5.01775
-5.0161
-5.0289
-5.05239
-5.08177
-5.11698
-5.15021
-5.18153
-5.2075
-5.22896
-5.24641
-5.26163
-5.27429
-5.28506
-5.2913
-5.28983
-5.28093
-5.26364
-5.24069
-5.21205
-5.17979
-5.14444
-5.10961
-5.07825
-5.05148
-5.03113
-5.01805
-5.0131
-5.01458
-5.01872
-5.02502
-5.0313
-5.0394
-5.05062
-5.06417
-5.081
-5.09505
-5.1067
-5.11238
-5.10965
-5.0997
-5.08306
-5.0623
-5.04033
-5.0223
-5.00644
-4.99269
-4.98046
-4.96821
-4.95794
-4.95276
-4.95516
-4.96775
-4.98851
-5.0144
-5.04409
-5.07319
-5.09802
-5.11561
-5.12595
-5.1276
-5.12089
-5.10865
-5.09356
-5.07992
-5.07023
-5.06556
-5.06292
-5.06014
-5.05712
-5.05037
-5.04008
-5.02675
-5.01104
-4.99352
-4.97354
-4.95533
-4.94039
-4.93363
-4.93906
-4.95502
-4.97674
-4.99954
-5.01957
-5.03736
-5.0511
-5.06336
-5.07612
-5.08986
-5.10341
-5.11446
-5.12309
-5.12685
-5.12641
-5.12521
-5.12169
-5.11611
-5.11002
-5.10309
-5.09615
-5.08541
-5.07377
-5.0614
-5.04983
-5.04266
-5.04132
-5.04736
-5.05949
-5.07597
-5.09048
-5.10164
-5.10509
-5.0981
-5.0781
-5.0491
-5.01346
-4.9784
-4.95063
-4.93216
-4.9223
-4.91921
-4.92169
-4.92777
-4.93765
-4.9521
-4.9705
-4.9933
-5.01921
-5.04674
-5.07263
-5.0968
-5.1164
-5.12962
-5.13392
-5.12895
-5.11355
-5.09041
-5.06295
-5.03819
-5.02225
-5.01929
-5.02937
-5.05036
-5.07955
-5.11201
-5.14457
-5.16988
-5.18705
-5.19348
-5.18996
-5.17816
-5.15944
-5.13828
-5.12045
-5.10951
-5.10592
-5.11041
-5.11938
-5.12858
-5.13816
-5.1424
-5.14534
-5.14863
-5.15404
-5.15912
-5.16043
-5.15632
-5.14387
-5.12249
-5.09524
-5.06601
-5.04178
-5.02502
-5.02005
-5.0259
-5.04102
-5.06191
-5.08483
-5.10373
-5.11886
-5.12513
-5.12328
-5.11469
-5.10042
-5.08369
-5.06988
-5.06214
-5.06226
-5.06993
-5.08598
-5.10753
-5.12984
-5.15146
-5.16902
-5.182
-5.18696
-5.18435
-5.17275
-5.15342
-5.1286
-5.09854
-5.0667
-5.03498
-5.00587
-4.98083
-4.96468
-4.95651
-4.9564
-4.95969
-4.9662
-4.97231
-4.97781
-4.9832
-4.98946
-4.99792
-5.01115
-5.02242
-5.03252
-5.03874
-5.0427
-5.05193
-5.06622
-5.08741
-5.11209
-5.13478
-5.15004
-5.15404
-5.14626
-5.12676
-5.09843
-5.06679
-5.03932
-5.02216
-5.02119
-5.03526
-5.06021
-5.09037
-5.12212
-5.15165
-5.1749
-5.1929
-5.20647
-5.21546
-5.22198
-5.22656
-5.22889
-5.22575
-5.21664
-5.19951
-5.17418
-5.14175
-5.10189
-5.05657
-5.00883
-4.96533
-4.93175
-4.90807
-4.89815
-4.89817
-4.90359
-4.91068
-4.91956
-4.92795
-4.93758
-4.95009
-4.96712
-4.9902
-5.01933
-5.05289
-5.08909
-5.12292
-5.15251
-5.17482
-5.18793
-5.19218
-5.18927
-5.17823
-5.15931
-5.13625
-5.1107
-5.08724
-5.06615
-5.04974
-5.03502
-5.02142
-5.00793
-4.99505
-4.98731
-4.98201
-4.98104
-4.98405
-4.98991
-4.99618
-5.00109
-5.0051
-5.00565
-5.00458
-5.00353
-5.00793
-5.01934
-5.03791
-5.06133
-5.08617
-5.10847
-5.12539
-5.13762
-5.14684
-5.15257
-5.15666
-5.15836
-5.15874
-5.15966
-5.15968
-5.16027
-5.16287
-5.16612
-5.17041
-5.17416
-5.17673
-5.17718
-5.17584
-5.17349
-5.16936
-5.16678
-5.16601
-5.16776
-5.17077
-5.17474
-5.17844
-5.18191
-5.18251
-5.17883
-5.17042
-5.1561
-5.13844
-5.11936
-5.10047
-5.08164
-5.06468
-5.04695
-5.02725
-5.01071
-5.00268
-5.00852
-5.02508
-5.04798
-5.06966
-5.08961
-5.10551
-5.11926
-5.13077
-5.1387
-5.1413
-5.14099
-5.13611
-5.12607
-5.11241
-5.09395
-5.07204
-5.04872
-5.02769
-5.01283
-5.00787
-5.01216
-5.0237
-5.03598
-5.04489
-5.0454
-5.03802
-5.0246
-5.00593
-4.98801
-4.9742
-4.96505
-4.96167
-4.96399
-4.97549
-4.99616
-5.02517
-5.06004
-5.09845
-5.1362
-5.16911
-5.196
-5.21406
-5.22295
-5.22609
-5.22189
-5.20958
-5.19167
-5.16728
-5.13689
-5.10297
-5.07057
-5.04138
-5.01872
-5.00102
-4.99066
-4.98728
-4.99139
-4.99868
-5.00978
-5.02051
-5.03332
-5.04482
-5.05664
-5.06804
-5.07896
-5.09032
-5.10135
-5.11228
-5.12095
-5.12707
-5.12715
-5.1214
-5.11129
-5.10122
-5.09567
-5.09833
-5.10804
-5.12257
-5.13768
-5.14602
-5.14613
-5.13724
-5.12227
-5.10429
-5.08457
-5.06463
-5.04724
-5.0371
-5.03754
-5.04911
-5.07168
-5.1022
-5.13091
-5.15176
-5.16417
-5.16565
-5.15717
-5.13848
-5.11443
-5.08613
-5.05341
-5.01893
-4.98341
-4.94778
-4.9186
-4.89572
-4.88017
-4.87194
-4.87153
-4.87618
-4.88757
-4.90207
-4.91982
-4.93674
-4.95329
-4.96753
-4.98267
-4.99831
-5.0146
-5.0289
-5.04364
-5.05661
-5.07013
-5.08213
-5.08937
-5.09007
-5.0828
-5.06624
-5.04393
-5.02176
-5.00637
-5.00168
-5.00776
-5.02271
-5.0412
-5.05721
-5.06949
-5.07797
-5.08575
-5.09412
-5.10404
-5.11385
-5.12162
-5.12348
-5.11849
-5.10605
-5.08987
-5.0719
-5.05164
-5.03585
-5.02568
-5.02284
-5.02695
-5.03433
-5.04457
-5.05289
-5.05835
-5.05919
-5.05456
-5.04768
-5.03944
-5.03287
-5.02847
-5.02771
-5.02857
-5.03166
-5.03369
-5.03582
-5.0369
-5.03684
-5.03839
-5.04195
-5.04688
-5.05188
-5.05464
-5.05176
-5.0406
-5.02115
-4.99768
-4.97143
-4.94587
-4.92496
-4.91014
-4.90284
-4.90119
-4.90711
-4.91827
-4.93196
-4.94749
-4.96544
-4.98246
-4.99937
-5.01478
-5.02991
-5.04165
-5.05105
-5.05887
-5.06488
-5.06922
-5.07321
-5.07441
-5.07446
-5.07224
-5.07146
-5.07383
-5.07767
-5.08399
-5.08823
-5.08815
-5.08138
-5.06745
-5.04632
-5.02194
-4.9983
-4.9801
-4.96948
-4.9659
-4.96814
-4.97191
-4.97423
-4.9733
-4.96878
-4.96099
-4.94837
-4.93622
-4.92312
-4.91366
-4.91113
-4.91827
-4.93089
-4.94964
-4.96917
-4.98722
-5.00346
-5.01435
-5.02121
-5.02432
-5.02483
-5.02365
-5.02247
-5.02386
-5.02942
-5.03826
-5.05065
-5.06404
-5.07876
-5.09571
-5.11013
-5.12412
-5.13519
-5.14564
-5.15181
-5.15513
-5.15354
-5.14804
-5.14017
-5.12995
-5.11824
-5.10798
-5.09803
-5.08865
-5.07742
-5.06659
-5.05535
-5.04303
-5.03273
-5.02429
-5.0194
-5.02107
-5.02618
-5.03284
-5.04204
-5.05086
-5.06007
-5.06751
-5.07551
-5.0817
-5.08787
-5.09403
-5.09968
-5.10534
-5.10982
-5.11308
-5.11835
-5.12537
-5.13257
-5.13971
-5.14672
-5.1553
-5.16447
-5.17309
-5.17929
-5.18276
-5.18006
-5.17189
-5.15697
-5.13687
-5.11294
-5.08742
-5.06391
-5.04833
-5.04144
-5.04441
-5.05925
-5.0823
-5.10865
-5.13936
-5.16795
-5.19232
-5.20979
-5.21901
-5.21731
-5.20641
-5.18373
-5.15431
-5.11853
-5.07918
-5.03994
-5.00446
-4.97746
-4.96169
-4.96034
-4.97303
-4.99641
-5.02625
-5.05994
-5.09167
-5.12087
-5.14381
-5.16041
-5.17245
-5.17873
-5.18014
-5.1773
-5.17025
-5.15857
-5.14377
-5.12609
-5.10581
-5.0833
-5.05724
-5.02995
-5.00399
-4.98235
-4.96967
-4.96512
-4.96975
-4.9817
-4.99848
-5.01645
-5.03371
-5.04675
-5.05697
-5.06467
-5.0695
-5.07154
-5.07085
-5.06805
-5.0647
-5.06189
-5.05722
-5.05037
-5.04015
-5.02707
-5.01236
-4.99774
-4.98319
-4.96968
-4.96165
-4.96592
-4.98251
-5.0104
-5.04503
-5.07795
-5.10505
-5.12122
-5.1274
-5.12361
-5.11052
-5.08908
-5.06113
-5.0258
-4.98848
-4.95311
-4.92797
-4.91925
-4.92586
-4.94312
-4.96258
-4.97692
-4.98249
-4.98032
-4.9732
-4.96407
-4.95674
-4.95389
-4.95525
-4.96328
-4.97715
-4.99396
-5.01133
-5.0286
-5.04707
-5.06567
-5.08613
-5.10881
-5.12917
-5.14634
-5.1598
-5.16749
-5.16971
-5.16505
-5.15625
-5.14389
-5.12933
-5.11457
-5.10112
-5.08744
-5.07581
-5.06331
-5.05147
-5.03893
-5.02538
-5.01197
-4.99857
-4.98689
-4.97951
-4.97856
-4.98241
-4.99037
-5.00267
-5.01851
-5.03957
-5.0662
-5.09787
-5.13279
-5.16819
-5.19881
-5.22205
-5.23482
-5.23841
-5.23174
-5.21883
-5.20138
-5.1803
-5.15888
-5.13846
-5.11956
-5.10228
-5.08708
-5.07582
-5.06839
-5.06454
-5.06368
-5.06633
-5.06897
-5.07093
-5.07421
-5.0787
-5.08415
-5.09178
-5.09941
-5.10524
-5.1081
-5.10557
-5.09932
-5.0892
-5.07684
-5.06306
-5.04949
-5.03583
-5.02368
-5.0137
-5.00821
-5.00651
-5.00731
-5.00583
-5.00213
-4.9913
-4.97422
-4.95583
-4.93807
-4.92502
-4.9178
-4.91656
-4.92188
-4.93678
-4.95638
-4.98258
-5.01204
-5.04005
-5.06166
-5.07649
-5.08373
-5.0829
-5.08028
-5.07467
-5.06801
-5.06098
-5.05402
-5.04959
-5.05058
-5.06006
-5.07446
-5.0912
-5.10891
-5.12575
-5.13886
-5.15019
-5.15579
-5.15737
-5.15417
-5.14575
-5.13226
-5.11421
-5.09393
-5.07373
-5.05258
-5.03019
-5.00722
-4.9854
-4.96999
-4.96233
-4.96661
-4.97856
-4.99446
-5.00989
-5.02188
-5.03105
-5.03702
-5.03944
-5.04201
-5.04484
-5.04844
-5.05531
-5.06209
-5.06851
-5.07351
-5.07798
-5.08074
-5.08312
-5.08297
-5.0794
-5.06922
-5.05386
-5.03421
-5.01227
-4.99291
-4.98384
-4.98611
-5.0005
-5.02258
-5.04678
-5.06613
-5.0751
-5.07261
-5.05922
-5.03869
-5.01687
-4.99788
-4.98498
-4.97987
-4.98311
-4.99357
-5.01228
-5.03614
-5.06348
-5.08995
-5.11172
-5.12745
-5.13609
-5.1398
-5.14041
-5.14082
-5.14535
-5.15233
-5.16162
-5.16991
-5.17897
-5.18347
-5.18455
-5.18233
-5.18128
-5.17979
-5.1823
-5.18836
-5.19738
-5.20563
-5.21134
-5.2132
-5.20873
-5.19814
-5.18267
-5.16453
-5.14648
-5.12513
-5.10142
-5.07388
-5.04311
-5.01385
-4.98831
-4.97186
-4.96305
-4.96336
-4.96756
-4.97392
-4.9821
-4.9906
-5.00181
-5.01411
-5.02856
-5.04694
-5.06697
-5.08901
-5.11208
-5.13532
-5.15643
-5.17455
-5.18604
-5.19321
-5.19423
-5.18912
-5.1818
-5.17025
-5.15773
-5.14582
-5.1344
-5.12543
-5.11846
-5.11464
-5.11072
-5.10899
-5.10905
-5.11034
-5.112
-5.11663
-5.12224
-5.13048
-5.13997
-5.15012
-5.15873
-5.16643
-5.17192
-5.17613
-5.17861
-5.18222
-5.18346
-5.18172
-5.17756
-5.17303
-5.16884
-5.1719
-5.18206
-5.19429
-5.20636
-5.21277
-5.21128
-5.20108
-5.18427
-5.16287
-5.13993
-5.11778
-5.10058
-5.09225
-5.09571
-5.10948
-5.13061
-5.15184
-5.16876
-5.17713
-5.1748
-5.16244
-5.14221
-5.11708
-5.09023
-5.06128
-5.03133
-5.00222
-4.97777
-4.96238
-4.9578
-4.96845
-4.98911
-5.01781
-5.04632
-5.06894
-5.08308
-5.08599
-5.07813
-5.06425
-5.04637
-5.03157
-5.02213
-5.02076
-5.02864
-5.04133
-5.05531
-5.06511
-5.06976
-5.06793
-5.06158
-5.0528
-5.04472
-5.03656
-5.02791
-5.01969
-5.01474
-5.01518
-5.02253
-5.03577
-5.05237
-5.06823
-5.08048
-5.08887
-5.09274
-5.09539
-5.09551
-5.09306
-5.08831
-5.08208
-5.07625
-5.07423
-5.07673
-5.0831
-5.09162
-5.1005
-5.10859
-5.11363
-5.11639
-5.11561
-5.11229
-5.10678
-5.09881
-5.08805
-5.07346
-5.05279
-5.03008
-5.00716
-4.98676
-4.97119
-4.96377
-4.9656
-4.97772
-4.99683
-5.0218
-5.04623
-5.06749
-5.08121
-5.08633
-5.08257
-5.0734
-5.05946
-5.04341
-5.02746
-5.01324
-5.00187
-4.99338
-4.9893
-4.99239
-5.00292
-5.02093
-5.04306
-5.06491
-5.0847
-5.1015
-5.1162
-5.12669
-5.13592
-5.14565
-5.15863
-5.17423
-5.19247
-5.21221
-5.2298
-5.24336
-5.25229
-5.25303
-5.24601
-5.23146
-5.21027
-5.18027
-5.1467
-5.11239
-5.08378
-5.06099
-5.04726
-5.04144
-5.04525
-5.05618
-5.07324
-5.08996
-5.10553
-5.1203
-5.13319
-5.14534
-5.1559
-5.16611
-5.17343
-5.17983
-5.18457
-5.18822
-5.19001
-5.18952
-5.18527
-5.17258
-5.15145
-5.12176
-5.08821
-5.0564
-5.03067
-5.01325
-5.00451
-5.00488
-5.01075
-5.01908
-5.03038
-5.04056
-5.04796
-5.05265
-5.05622
-5.06108
-5.06829
-5.07706
-5.08561
-5.09302
-5.09614
-5.09294
-5.08584
-5.07753
-5.0705
-5.06515
-5.0631
-5.06232
-5.06091
-5.05605
-5.04943
-5.04119
-5.03392
-5.02892
-5.02512
-5.02467
-5.02779
-5.03453
-5.04357
-5.05473
-5.06737
-5.08256
-5.09779
-5.11353
-5.12821
-5.13902
-5.14567
-5.14687
-5.14205
-5.13563
-5.12731
-5.12075
-5.11686
-5.11505
-5.1141
-5.11339
-5.11102
-5.10327
-5.09096
-5.07323
-5.05421
-5.04059
-5.04001
-5.05306
-5.0735
-5.09317
-5.10569
-5.11273
-5.11621
-5.11583
-5.11443
-5.111
-5.1078
-5.1031
-5.09873
-5.09306
-5.088
-5.08742
-5.0933
-5.10483
-5.12171
-5.14101
-5.15876
-5.17419
-5.18628
-5.19464
-5.20059
-5.20601
-5.21401
-5.22421
-5.23709
-5.24697
-5.25239
-5.25059
-5.24192
-5.22461
-5.20126
-5.17477
-5.14833
-5.12557
-5.1057
-5.09002
-5.07582
-5.06196
-5.04661
-5.03212
-5.01879
-5.00632
-4.99853
-4.99635
-5.003
-5.01637
-5.0314
-5.03932
-5.03581
-5.02054
-4.99691
-4.97619
-4.96369
-4.96489
-4.97673
-4.99118
-5.00295
-5.00863
-5.00799
-5.0019
-4.99257
-4.97984
-4.96602
-4.95684
-4.95138
-4.95122
-4.95608
-4.96442
-4.97471
-4.98563
-4.99633
-5.00279
-5.00672
-5.00868
-5.0109
-5.01356
-5.01559
-5.01758
-5.02011
-5.02256
-5.02685
-5.03174
-5.03644
-5.042
-5.04368
-5.04287
-5.03702
-5.0281
-5.01894
-5.013
-5.01253
-5.01574
-5.02235
-5.03192
-5.04373
-5.05372
-5.06386
-5.07131
-5.07747
-5.08146
-5.08203
-5.07935
-5.07272
-5.06301
-5.04965
-5.03503
-5.01907
-5.00557
-4.9925
-4.98077
-4.97374
-4.97283
-4.97917
-4.994
-5.01091
-5.02455
-5.03327
-5.03635
-5.03066
-5.01912
-5.00161
-4.9798
-4.96003
-4.9475
-4.94799
-4.96247
-4.98922
-5.02451
-5.06384
-5.10267
-5.13944
-5.1698
-5.19074
-5.20252
-5.20481
-5.19926
-5.18549
-5.16667
-5.14289
-5.11603
-5.08877
-5.06442
-5.04634
-5.03533
-5.03283
-5.03778
-5.04911
-5.06458
-5.08079
-5.09417
-5.1053
-5.11028
-5.10964
-5.10399
-5.09551
-5.08454
-5.07227
-5.06397
-5.0619
-5.0698
-5.08669
-5.10875
-5.13622
-5.16552
-5.19278
-5.21507
-5.2312
-5.2398
-5.23978
-5.2324
-5.21864
-5.20042
-5.17847
-5.15492
-5.13214
-5.11158
-5.09377
-5.08168
-5.07499
-5.07429
-5.07859
-5.08422
-5.09174
-5.09881
-5.10615
-5.11152
-5.11589
-5.11765
-5.11627
-5.10994
-5.10061
-5.08881
-5.07654
-5.06458
-5.05553
-5.05307
-5.05584
-5.06382
-5.07455
-5.08607
-5.09631
-5.10431
-5.10874
-5.10915
-5.10814
-5.1065
-5.10734
-5.10979
-5.1148
-5.11854
-5.12077
-5.12
-5.11629
-5.10925
-5.09896
-5.08661
-5.07324
-5.05959
-5.04684
-5.03434
-5.02165
-5.00623
-4.9875
-4.9699
-4.95622
-4.95474
-4.96691
-4.99002
-5.01589
-5.03854
-5.05485
-5.06564
-5.0726
-5.07694
-5.07955
-5.08466
-5.08922
-5.09686
-5.1069
-5.12017
-5.13606
-5.15182
-5.16556
-5.17448
-5.18104
-5.18363
-5.18178
-5.17684
-5.16989
-5.16227
-5.15428
-5.14684
-5.14086
-5.13624
-5.13298
-5.12993
-5.1255
-5.11998
-5.11518
-5.11537
-5.12419
-5.13518
-5.14388
-5.14414
-5.13523
-5.1203
-5.10129
-5.08091
-5.06167
-5.05034
-5.04373
-5.0435
-5.04517
-5.04609
-5.03973
-5.0263
-5.00477
-4.97884
-4.94975
-4.9224
-4.89841
-4.88093
-4.87396
-4.87706
-4.89171
-4.91581
-4.94791
-4.98403
-5.01881
-5.04879
-5.07449
-5.09393
-5.10665
-5.11585
-5.12263
-5.12983
-5.13804
-5.15133
-5.16864
-5.18693
-5.19973
-5.20437
-5.2003
-5.18702
-5.16708
-5.14303
-5.11648
-5.09122
-5.0665
-5.04529
-5.02746
-5.01558
-5.00978
-5.01112
-5.01924
-5.03163
-5.04388
-5.05106
-5.05018
-5.04266
-5.02787
-5.00997
-4.98685
-4.96324
-4.94083
-4.92223
-4.91311
-4.91149
-4.92048
-4.93652
-4.95898
-4.98167
-5.00503
-5.03003
-5.05556
-5.08182
-5.10566
-5.12569
-5.14057
-5.14834
-5.14762
-5.13962
-5.12578
-5.10712
-5.08679
-5.0648
-5.04126
-5.01702
-4.99314
-4.96935
-4.94729
-4.92709
-4.90673
-4.8877
-4.8715
-4.8593
-4.85468
-4.86012
-4.87528
-4.89842
-4.92997
-4.96596
-5.00709
-5.0482
-5.08611
-5.11611
-5.13803
-5.14912
-5.1511
-5.14639
-5.13793
-5.12702
-5.11361
-5.09854
-5.08218
-5.06426
-5.04824
-5.0348
-5.0247
-5.01903
-5.01559
-5.01361
-5.01196
-5.0073
-4.99968
-4.99126
-4.98185
-4.97197
-4.96313
-4.95829
-4.95685
-4.96208
-4.97695
-4.99845
-5.02507
-5.05113
-5.07516
-5.09468
-5.10937
-5.11922
-5.12275
-5.12431
-5.12169
-5.11882
-5.11302
-5.10582
-5.09617
-5.08331
-5.06824
-5.05138
-5.03598
-5.02265
-5.01337
-5.01067
-5.01413
-5.02502
-5.03648
-5.0451
-5.05078
-5.05027
-5.04399
-5.0347
-5.02518
-5.0157
-5.00923
-5.00834
-5.01311
-5.02383
-5.04009
-5.05792
-5.07194
-5.07918
-5.07709
-5.06323
-5.0409
-5.01312
-4.98341
-4.96021
-4.94737
-4.94462
-4.9492
-4.95622
-4.96282
-4.96681
-4.96994
-4.97221
-4.97587
-4.98239
-4.99221
-5.00911
-5.03423
-5.06506
-5.09882
-5.13336
-5.1629
-5.18419
-5.19423
-5.1904
-5.17231
-5.1431
-5.10325
-5.05901
-5.01528
-4.97887
-4.95201
-4.93836
-4.93876
-4.94882
-4.96072
-4.9721
-4.9807
-4.98546
-4.98847
-4.99342
-5.00223
-5.02003
-5.04489
-5.07659
-5.10935
-5.13628
-5.15435
-5.16025
-5.14993
-5.12644
-5.09118
-5.0527
-5.01248
-4.97514
-4.94515
-4.92265
-4.9086
-4.89857
-4.89425
-4.89333
-4.89341
-4.89263
-4.88902
-4.88377
-4.88041
-4.8811
-4.88938
-4.90546
-4.92373
-4.94262
-4.95499
-4.95853
-4.9539
-4.943
-4.93
-4.9195
-4.9181
-4.92624
-4.94682
-4.98033
-5.02394
-5.07248
-5.12212
-5.16765
-5.2047
-5.23005
-5.2445
-5.24554
-5.23341
-5.20899
-5.17699
-5.14206
-5.11183
-5.08804
-5.07739
-5.07814
-5.086
-5.09647
-5.10621
-5.11249
-5.11424
-5.11215
-5.10776
-5.10173
-5.09785
-5.09693
-5.09964
-5.10652
-5.11598
-5.12627
-5.13767
-5.14539
-5.14941
-5.14989
-5.14844
-5.14367
-5.14123
-5.14182
-5.14792
-5.16094
-5.1792
-5.19896
-5.21688
-5.22874
-5.23291
-5.22533
-5.20899
-5.18679
-5.16191
-5.13845
-5.11998
-5.10595
-5.09641
-5.08844
-5.07914
-5.07024
-5.06217
-5.05589
-5.05176
-5.0498
-5.04779
-5.04594
-5.04311
-5.04406
-5.04699
-5.05345
-5.0626
-5.07256
-5.08221
-5.09078
-5.0996
-5.10783
-5.11718
-5.12495
-5.13105
-5.13467
-5.13346
-5.12748
-5.11745
-5.10019
-5.08058
-5.05955
-5.04248
-5.03208
-5.03328
-5.04451
-5.06208
-5.08314
-5.10239
-5.11821
-5.13074
-5.14382
-5.15721
-5.17009
-5.18155
-5.18885
-5.18972
-5.18289
-5.16914
-5.15024
-5.13024
-5.1137
-5.09824
-5.08395
-5.07124
-5.0605
-5.05382
-5.05555
-5.06555
-5.08515
-5.11347
-5.1475
-5.18457
-5.21747
-5.24395
-5.26215
-5.26896
-5.26516
-5.25481
-5.23769
-5.21733
-5.19443
-5.17317
-5.15453
-5.13955
-5.13154
-5.12682
-5.12409
-5.12008
-5.11275
-5.09872
-5.07931
-5.05664
-5.03161
-5.00849
-4.98972
-4.98029
-4.97954
-4.99199
-5.01333
-5.03905
-5.06467
-5.08654
-5.10199
-5.11056
-5.115
-5.11732
-5.11801
-5.11646
-5.11481
-5.11118
-5.10713
-5.10368
-5.10221
-5.10292
-5.10553
-5.11266
-5.12033
-5.12971
-5.14151
-5.15524
-5.17117
-5.18802
-5.20449
-5.21889
-5.2285
-5.22995
-5.22246
-5.2055
-5.18003
-5.14892
-5.11457
-5.08127
-5.05116
-5.02873
-5.01556
-5.01306
-5.01988
-5.03178
-5.04823
-5.06409
-5.0794
-5.09229
-5.1044
-5.11467
-5.12439
-5.13208
-5.1366
-5.14067
-5.14389
-5.15338
-5.17121
-5.19405
-5.22419
-5.25123
-5.27239
-5.28591
-5.2911
-5.28847
-5.27877
-5.26613
-5.25033
-5.2336
-5.21438
-5.19276
-5.17067
-5.14832
-5.1269
-5.10623
-5.08309
-5.0574
-5.02966
-5.00332
-4.97912
-4.95798
-4.93754
-4.91672
-4.89727
-4.8853
-4.88034
-4.88554
-4.90076
-4.92543
-4.95596
-4.99216
-5.03099
-5.07166
-5.11031
-5.14379
-5.16726
-5.17938
-5.18166
-5.17484
-5.16129
-5.14427
-5.12642
-5.10335
-5.07724
-5.04588
-5.0093
-4.97183
-4.93669
-4.90593
-4.88317
-4.87029
-4.86682
-4.87166
-4.88207
-4.89636
-4.91293
-4.92895
-4.9455
-4.96176
-4.97629
-4.99072
-5.00376
-5.01965
-5.03732
-5.05486
-5.07426
-5.09545
-5.1156
-5.13211
-5.14251
-5.14209
-5.12865
-5.10142
-5.06438
-5.02353
-4.98812
-4.96232
-4.95077
-4.94798
-4.95182
-4.95651
-4.96413
-4.97235
-4.98167
-4.99257
-5.00454
-5.01947
-5.03593
-5.05667
-5.07723
-5.09791
-5.11658
-5.12941
-5.13654
-5.13834
-5.13577
-5.12947
-5.1226
-5.11594
-5.11196
-5.10748
-5.10447
-5.10093
-5.09725
-5.09263
-5.08928
-5.08495
-5.0807
-5.07326
-5.06418
-5.05464
-5.04586
-5.03973
-5.03916
-5.04412
-5.05361
-5.06692
-5.08218
-5.10015
-5.11919
-5.13852
-5.15861
-5.17667
-5.19497
-5.21134
-5.22194
-5.22921
-5.23308
-5.2318
-5.22584
-5.21455
-5.19739
-5.17403
-5.14532
-5.11415
-5.08514
-5.05895
-5.03899
-5.02703
-5.02537
-5.03114
-5.04016
-5.05024
-5.05779
-5.06203
-5.06081
-5.05612
-5.04853
-5.03886
-5.02775
-5.01639
-5.00591
-4.99768
-4.9931
-4.99213
-4.99364
-4.99567
-4.99909
-5.00138
-5.0017
-5.00106
-5.00388
-5.00746
-5.01368
-5.01989
-5.02251
-5.02061
-5.01263
-4.99987
-4.98636
-4.97589
-4.97143
-4.9748
-4.98241
-4.9937
-5.00647
-5.01808
-5.02886
-5.03886
-5.0488
-5.05682
-5.06041
-5.06407
-5.06922
-5.07738
-5.09019
-5.1083
-5.12903
-5.15197
-5.1761
-5.19735
-5.21395
-5.22413
-5.22607
-5.21812
-5.2005
-5.17506
-5.13991
-5.10002
-5.05527
-5.01199
-4.97298
-4.94472
-4.93191
-4.9362
-4.95723
-4.98998
-5.02264
-5.04837
-5.06485
-5.06796
-5.06215
-5.05512
-5.05181
-5.05656
-5.07224
-5.09571
-5.12174
-5.14265
-5.15613
-5.16036
-5.1572
-5.14624
-5.13134
-5.11396
-5.09797
-5.08434
-5.07414
-5.06983
-5.07108
-5.08193
-5.1045
-5.13617
-5.17488
-5.21411
-5.24649
-5.26456
-5.26645
-5.25333
-5.23107
-5.20826
-5.19298
-5.18646
-5.18736
-5.19025
-5.19179
-5.19263
-5.19282
-5.19098
-5.18826
-5.18085
-5.17124
-5.15851
-5.14324
-5.1294
-5.11925
-5.11196
-5.10951
-5.10873
-5.10938
-5.1077
-5.10345
-5.10032
-5.0992
-5.10338
-5.11246
-5.12674
-5.14142
-5.15634
-5.1675
-5.1749
-5.17477
-5.17089
-5.16468
-5.15935
-5.1589
-5.16349
-5.17486
-5.18901
-5.20569
-5.21778
-5.22354
-5.22445
-5.22069
-5.21167
-5.19851
-5.18023
-5.15898
-5.13643
-5.11566
-5.09968
-5.08939
-5.08237
-5.07341
-5.06316
-5.04959
-5.03195
-5.01483
-4.9985
-4.98484
-4.97734
-4.97428
-4.97638
-4.98022
-4.98673
-4.99704
-5.01154
-5.02945
-5.04962
-5.0679
-5.08396
-5.09536
-5.10124
-5.10182
-5.09955
-5.09395
-5.08669
-5.07662
-5.06405
-5.04879
-5.03116
-5.01549
-5.00378
-4.99746
-5.00142
-5.01396
-5.03401
-5.05775
-5.08377
-5.10871
-5.13
-5.14573
-5.15265
-5.15291
-5.14737
-5.13446
-5.11579
-5.09347
-5.06944
-5.04556
-5.02393
-5.008
-4.99996
-4.99903
-5.00314
-5.01067
-5.01698
-5.02271
-5.02565
-5.02585
-5.02381
-5.02034
-5.01687
-5.01269
-5.01413
-5.02211
-5.03619
-5.05006
-5.06262
-5.07074
-5.07016
-5.06315
-5.05041
-5.03458
-5.01394
-4.99527
-4.97867
-4.9661
-4.95933
-4.95521
-4.95346
-4.95296
-4.95234
-4.95448
-4.95775
-4.96178
-4.96848
-4.97645
-4.98611
-4.99465
-5.00333
-5.01279
-5.02476
-5.03882
-5.05453
-5.07132
-5.08874
-5.10628
-5.12278
-5.13751
-5.14893
-5.15891
-5.16538
-5.17229
-5.17717
-5.17892
-5.1764
-5.1714
-5.16247
-5.15214
-5.14259
-5.13384
-5.1277
-5.12362
-5.12176
-5.12188
-5.12187
-5.12645
-5.13073
-5.13542
-5.1384
-5.13698
-5.12854
-5.11202
-5.0911
-5.06724
-5.04561
-5.0315
-5.02507
-5.02824
-5.04049
-5.06036
-5.08159
-5.10215
-5.11575
-5.12142
-5.11916
-5.11104
-5.10318
-5.09647
-5.089
-5.08103
-5.06745
-5.04803
-5.02444
-4.99944
-4.97564
-4.95462
-4.93842
-4.92847
-4.92676
-4.93206
-4.94356
-4.9618
-4.98545
-5.0096
-5.03247
-5.04985
-5.05701
-5.05423
-5.04274
-5.02569
-5.01069
-5.00306
-5.00242
-5.01116
-5.02276
-5.03287
-5.03761
-5.03723
-5.03261
-5.02629
-5.01836
-5.00647
-4.99127
-4.97484
-4.95665
-4.9373
-4.91734
-4.89885
-4.88003
-4.86251
-4.8471
-4.83545
-4.82836
-4.82812
-4.83164
-4.8422
-4.85952
-4.88161
-4.90808
-4.93607
-4.96278
-4.98487
-5.00038
-5.00998
-5.0155
-5.01712
-5.0179
-5.01771
-5.01847
-5.02102
-5.02608
-5.03392
-5.04192
-5.04844
-5.0525
-5.05645
-5.06175
-5.06848
-5.07804
-5.09235
-5.10803
-5.12467
-5.13939
-5.15317
-5.16329
-5.16907
-5.16812
-5.15965
-5.14319
-5.11883
-5.08746
-5.05081
-5.00939
-4.96714
-4.92654
-4.89062
-4.86214
-4.84585
-4.84089
-4.84985
-4.87073
-4.90027
-4.93644
-4.9737
-5.00985
-5.04158
-5.06775
-5.08713
-5.09935
-5.10413
-5.10257
-5.09717
-5.09018
-5.08207
-5.07476
-5.06838
-5.06316
-5.05861
-5.0576
-5.0562
-5.05782
-5.05705
-5.05482
-5.04947
-5.03985
-5.02748
-5.01363
-5.00097
-4.99353
-4.99148
-4.99908
-5.01527
-5.0376
-5.06329
-5.0874
-5.10434
-5.11468
-5.11361
-5.10401
-5.0859
-5.0627
-5.03891
-5.01741
-5.03429
-5.05818
-5.07922
-5.09377
-5.09856
-5.09376
-5.08059
-5.05906
-5.03369
-5.00816
-4.98482
-4.9685
-4.96185
-4.96536
-4.98172
-5.00572
-5.03689
-5.06902
-5.09881
-5.1225
-5.13863
-5.1455
-5.14462
-5.13896
-5.13073
-5.12103
-5.10994
-5.09851
-5.08633
-5.07584
-5.06615
-5.05574
-5.04602
-5.03236
-5.01565
-4.99725
-4.97827
-4.96559
-4.96182
-4.96967
-4.99005
-5.01561
-5.04188
-5.05854
-5.06634
-5.06591
-5.0558
-5.04022
-5.02106
-5.00353
-4.98837
-4.97627
-4.96898
-4.96183
-4.95638
-4.95005
-4.94464
-4.94116
-4.94593
-4.9594
-4.9834
-5.0145
-5.04699
-5.07821
-5.10415
-5.12428
-5.13941
-5.1508
-5.15952
-5.16539
-5.16861
-5.16832
-5.16418
-5.15579
-5.13952
-5.1126
-5.08206
-5.05002
-5.02201
-5.00333
-4.99408
-4.99229
-4.997
-5.00749
-5.02118
-5.0361
-5.05262
-5.06684
-5.07751
-5.08353
-5.08227
-5.07564
-5.06346
-5.05017
-5.03808
-5.0302
-5.0281
-5.03261
-5.04225
-5.05591
-5.07103
-5.08636
-5.1003
-5.11221
-5.11864
-5.11969
-5.11174
-5.09722
-5.07329
-5.04336
-5.00821
-4.97209
-4.93804
-4.90845
-4.88681
-4.87495
-4.87214
-4.88032
-4.89582
-4.91913
-4.9467
-4.97726
-5.00646
-5.03162
-5.05179
-5.06535
-5.07275
-5.07433
-5.07409
-5.07161
-5.06639
-5.05841
-5.04817
-5.03431
-5.01751
-4.99924
-4.97829
-4.95565
-4.93538
-4.91835
-4.90574
-4.89899
-4.89753
-4.90244
-4.91405
-4.93253
-4.95707
-4.98828
-5.02169
-5.05656
-5.0868
-5.1119
-5.13327
-5.15014
-5.16117
-5.16632
-5.16487
-5.15525
-5.13836
-5.11834
-5.09575
-5.0774
-5.06253
-5.05206
-5.04585
-5.04293
-5.0396
-5.0365
-5.03188
-5.0246
-5.01686
-5.00755
-4.99529
-4.98387
-4.9743
-4.96723
-4.96398
-4.96251
-4.96333
-4.96401
-4.96681
-4.96875
-4.97067
-4.97282
-4.97304
-4.97229
-4.9679
-4.9658
-4.96532
-4.9683
-4.97451
-4.98517
-5.00063
-5.01766
-5.03304
-5.04364
-5.04738
-5.04451
-5.0366
-5.02682
-5.0208
-5.02009
-5.02806
-5.03945
-5.04976
-5.05819
-5.05893
-5.05219
-5.0385
-5.01922
-4.99627
-4.972
-4.94923
-4.92897
-4.91203
-4.89561
-4.88002
-4.86328
-4.84646
-4.83217
-4.82418
-4.82234
-4.83267
-4.85393
-4.88384
-4.9184
-4.95242
-4.98244
-5.00612
-5.02367
-5.03796
-5.04729
-5.05868
-5.07384
-5.09119
-5.10746
-5.11986
-5.12832
-5.13193
-5.1324
-5.13253
-5.13049
-5.12379
-5.10926
-5.08517
-5.0513
-5.01017
-4.96948
-4.93633
-4.91267
-4.9005
-4.89764
-4.90075
-4.9079
-4.91582
-4.92223
-4.92742
-4.9304
-4.93392
-4.93767
-4.94287
-4.94891
-4.95043
-4.94491
-4.93203
-4.91329
-4.89164
-4.87324
-4.86367
-4.86163
-4.86787
-4.8778
-4.88835
-4.90141
-4.9137
-4.92704
-4.94217
-4.95937
-4.9755
-4.99002
-5.00291
-5.01694
-5.03215
-5.0513
-5.07286
-5.09326
-5.10861
-5.11807
-5.12089
-5.11871
-5.11283
-5.10467
-5.09342
-5.07964
-5.06553
-5.0509
-5.03589
-5.02141
-5.00631
-4.99619
-4.99446
-5.00085
-5.01481
-5.0324
-5.05201
-5.06919
-5.08528
-5.09408
-5.09688
-5.09199
-5.07838
-5.06001
-5.03857
-5.01919
-5.00278
-4.99065
-4.98203
-4.9767
-4.97518
-4.97944
-4.98987
-5.00473
-5.02354
-5.04058
-5.05324
-5.05969
-5.05891
-5.04881
-5.03402
-5.01604
-4.99565
-4.97448
-4.95611
-4.93895
-4.92579
-4.91693
-4.91587
-4.92086
-4.93238
-4.94789
-4.96515
-4.98055
-4.99452
-5.00234
-5.00077
-4.99076
-4.97151
-4.94945
-4.93196
-4.924
-4.92922
-4.94616
-4.97067
-4.99768
-5.02076
-5.03711
-5.04294
-5.03865
-5.02903
-5.01865
-5.01116
-5.00856
-5.01154
-5.01553
-5.01855
-5.01729
-5.01149
-4.99889
-4.98216
-4.96207
-4.94244
-4.93215
-4.93582
-4.95142
-4.97582
-5.00469
-5.03445
-5.05944
-5.07878
-5.09113
-5.09908
-5.10396
-5.11019
-5.11569
-5.11772
-5.11422
-5.10161
-5.08326
-5.05635
-5.02393
-4.98894
-4.95687
-4.93011
-4.90999
-4.89636
-4.8883
-4.88416
-4.88253
-4.88372
-4.89014
-4.8977
-4.9075
-4.91722
-4.92603
-4.93264
-4.9369
-4.94008
-4.94345
-4.9465
-4.95199
-4.95595
-4.95881
-4.96143
-4.96556
-4.97232
-4.98624
-5.00581
-5.02885
-5.05326
-5.07616
-5.0951
-5.11024
-5.12043
-5.12529
-5.126
-5.12468
-5.12198
-5.11733
-5.11084
-5.1021
-5.08947
-5.07401
-5.05453
-5.03124
-5.00558
-4.9793
-4.95558
-4.93586
-4.92133
-4.91538
-4.9183
-4.92605
-4.93737
-4.95365
-4.9716
-4.99355
-5.01839
-5.0445
-5.06882
-5.0902
-5.10589
-5.11679
-5.1192
-5.11538
-5.10501
-5.08846
-5.07122
-5.05381
-5.03963
-5.03258
-5.02874
-5.02663
-5.02403
-5.01841
-5.01333
-5.01141
-5.01242
-5.01628
-5.01882
-5.01959
-5.01735
-5.01687
-5.0176
-5.01845
-5.01767
-5.01206
-5.0057
-5.00179
-5.00234
-5.00587
-5.01098
-5.01472
-5.01571
-5.01364
-5.00931
-5.00296
-4.99567
-4.98975
-4.98583
-4.9829
-4.98012
-4.97659
-4.97108
-4.96779
-4.96626
-4.96859
-4.97483
-4.98562
-4.99992
-5.01756
-5.03652
-5.056
-5.07016
-5.07639
-5.07597
-5.07033
-5.06231
-5.05222
-5.04231
-5.0336
-5.02284
-5.01314
-5.00461
-4.99866
-4.99576
-4.99375
-4.99071
-4.98367
-4.97066
-4.95125
-4.92643
-4.90138
-4.88316
-4.87397
-4.87447
-4.88421
-4.89867
-4.91413
-4.92663
-4.93665
-4.9404
-4.93915
-4.93298
-4.92632
-4.92117
-4.92035
-4.92415
-4.93181
-4.94317
-4.95444
-4.9647
-4.97085
-4.97372
-4.9731
-4.97038
-4.97099
-4.97737
-4.98794
-4.9995
-5.00945
-5.01723
-5.02339
-5.02639
-5.02801
-5.0306
-5.03271
-5.03617
-5.03752
-5.03853
-5.03697
-5.03309
-5.02934
-5.02672
-5.02553
-5.02503
-5.02573
-5.02461
-5.02199
-5.01671
-5.00945
-5.00343
-4.99654
-4.99149
-4.98887
-4.98841
-4.99005
-4.99318
-4.99777
-5.00449
-5.0113
-5.01698
-5.01959
-5.02196
-5.02771
-5.0421
-5.06179
-5.08099
-5.0896
-5.08102
-5.05931
-5.02896
-4.99633
-4.96534
-4.9377
-4.91663
-4.90062
-4.89277
-4.89278
-4.9024
-4.91789
-4.93693
-4.95531
-4.96963
-4.97812
-4.98152
-4.98113
-4.9781
-4.97467
-4.96892
-4.96495
-4.96275
-4.96384
-4.96641
-4.97188
-4.97847
-4.98672
-4.99566
-5.00458
-5.01151
-5.01714
-5.02267
-5.02947
-5.03775
-5.04581
-5.05471
-5.06346
-5.07027
-5.07682
-5.08062
-5.08116
-5.07754
-5.07243
-5.06182
-5.04912
-5.03547
-5.02046
-5.00553
-4.99188
-4.97758
-4.96392
-4.94891
-4.9362
-4.9244
-4.91576
-4.91293
-4.91581
-4.92337
-4.93355
-4.94279
-4.95157
-4.95458
-4.95318
-4.9476
-4.93902
-4.92969
-4.92091
-4.91489
-4.90975
-4.90965
-4.91087
-4.91333
-4.91801
-4.92595
-4.93584
-4.94896
-4.96373
-4.981
-4.99774
-5.01678
-5.0385
-5.06333
-5.08908
-5.11184
-5.1291
-5.13597
-5.13375
-5.12405
-5.10783
-5.09081
-5.0765
-5.06461
-5.05517
-5.04782
-5.04267
-5.03963
-5.03626
-5.03401
-5.03261
-5.03
-5.02864
-5.02873
-5.03005
-5.03118
-5.03199
-5.03274
-5.03917
-5.04637
-5.05517
-5.06101
-5.06347
-5.05937
-5.05087
-5.03739
-5.02161
-5.00597
-4.99298
-4.98676
-4.99049
-5.00446
-5.02436
-5.04532
-5.06018
-5.06706
-5.06693
-5.06234
-5.0567
-5.05458
-5.05766
-5.06417
-5.07544
-5.08664
-5.09728
-5.10284
-5.10145
-5.09157
-5.07411
-5.05097
-5.02701
-5.00886
-4.99969
-4.99943
-5.00679
-5.01615
-5.02319
-5.02728
-5.02656
-5.02498
-5.02566
-5.03059
-5.03454
-5.03677
-5.03446
-5.02577
-5.01075
-4.99169
-4.97327
-4.9581
-4.94896
-4.94708
-4.94999
-4.95663
-4.96528
-4.97338
-4.97973
-4.98464
-4.98616
-4.9823
-4.97578
-4.96397
-4.95061
-4.94162
-4.93554
-4.9385
-4.94779
-4.96253
-4.97947
-4.99417
-5.00465
-5.0099
-5.0123
-5.01138
-5.01195
-5.01395
-5.0171
-5.02543
-5.03226
-5.03988
-5.04668
-5.05023
-5.05083
-5.0495
-5.04702
-5.04392
-5.04192
-5.04264
-5.04672
-5.05366
-5.06033
-5.06571
-5.07011
-5.07498
-5.07988
-5.08498
-5.09073
-5.09658
-5.10369
-5.11017
-5.11445
-5.11465
-5.1096
-5.09813
-5.08067
-5.05751
-5.03036
-4.99822
-4.96541
-4.93426
-4.90919
-4.89467
-4.89334
-4.90744
-4.93247
-4.96212
-4.9895
-5.01057
-5.01684
-5.01011
-4.98923
-4.95614
-4.91686
-4.87872
-4.84733
-4.82723
-4.82113
-4.83011
-4.84936
-4.87573
-4.90684
-4.9358
-4.96147
-4.9813
-4.9973
-5.00798
-5.0146
-5.01439
-5.00604
-4.98892
-4.96594
-4.93672
-4.90667
-4.87775
-4.85318
-4.83649
-4.82939
-4.82943
-4.83845
-4.85742
-4.88609
-4.9226
-4.96031
-4.99746
-5.02688
-5.04911
-5.06132
-5.06519
-5.06203
-5.0555
-5.04745
-5.04132
-5.04013
-5.04248
-5.04966
-5.05768
-5.06281
-5.0638
-5.06041
-5.05408
-5.04661
-5.04334
-5.04644
-5.05645
-5.0723
-5.08981
-5.10539
-5.11684
-5.12398
-5.12729
-5.12551
-5.1197
-5.10506
-5.08386
-5.05619
-5.02464
-4.99581
-4.97189
-4.9569
-4.94941
-4.95249
-4.96515
-4.98552
-5.01365
-5.04944
-5.08669
-5.12477
-5.16209
-5.19614
-5.22452
-5.24506
-5.25855
-5.26287
-5.25863
-5.24401
-5.22499
-5.20251
-5.17958
-5.15935
-5.14122
-5.12576
-5.111
-5.09268
-5.0709
-5.04353
-5.00836
-4.96887
-4.93184
-4.90483
-4.89767
-4.91112
-4.93868
-4.97344
-5.00806
-5.03508
-5.05242
-5.05938
-5.05774
-5.05003
-5.03633
-5.02108
-5.00635
-4.99342
-4.98368
-4.9782
-4.97557
-4.97339
-4.97297
-4.97444
-4.97889
-4.98572
-4.99716
-5.01055
-5.02601
-5.04001
-5.05264
-5.06462
-5.07755
-5.09069
-5.10161
-5.11218
-5.11935
-5.12227
-5.1205
-5.11363
-5.10176
-5.08705
-5.07042
-5.05398
-5.03952
-5.02813
-5.02031
-5.01582
-5.01684
-5.01998
-5.02613
-5.03404
-5.04408
-5.05437
-5.06633
-5.07485
-5.07816
-5.07275
-5.05772
-5.03512
-5.00697
-4.97796
-4.95168
-4.92622
-4.90088
-4.88065
-4.87131
-4.87455
-4.88652
-4.89832
-4.905
-4.90723
-4.91105
-4.91668
-4.92774
-4.93969
-4.9482
-4.95314
-4.95334
-4.95506
-4.95941
-4.96512
-4.97003
-4.97128
-4.96739
-4.96043
-4.95286
-4.94738
-4.94781
-4.95567
-4.97136
-4.99148
-5.01313
-5.03441
-5.04997
-5.05725
-5.05485
-5.04376
-5.02562
-5.00683
-4.98983
-4.97972
-4.97962
-4.99121
-5.01356
-5.04393
-5.07514
-5.10567
-5.12733
-5.13899
-5.13908
-5.12979
-5.11335
-5.0948
-5.07696
-5.0642
-5.05781
-5.05931
-5.07119
-5.09063
-5.11549
-5.14176
-5.16298
-5.17407
-5.1732
-5.16246
-5.14197
-5.11621
-5.08946
-5.06739
-5.0491
-5.03474
-5.02472
-5.01862
-5.01643
-5.01807
-5.02334
-5.03169
-5.03961
-5.04294
-5.03911
-5.02824
-5.00905
-4.98252
-4.94992
-4.9153
-4.88165
-4.85654
-4.84525
-4.8495
-4.86955
-4.90251
-4.94432
-4.99174
-5.04116
-5.08909
-5.13039
-5.16012
-5.17657
-5.17682
-5.16316
-5.1416
-5.11962
-5.10474
-5.09586
-5.08691
-5.07264
-5.05228
-5.02745
-5.00221
-4.98217
-4.97801
-4.98808
-5.0084
-5.03429
-5.05889
-5.07875
-5.09277
-5.09874
-5.09598
-5.08795
-5.07954
-5.07505
-5.07956
-5.09416
-5.11454
-5.13837
-5.1583
-5.16985
-5.17228
-5.16572
-5.15021
-5.128
-5.10063
-5.06973
-5.03748
-5.00642
-4.97918
-4.95876
-4.94503
-4.93989
-4.94108
-4.94898
-4.96107
-4.9754
-4.99292
-5.00944
-5.02554
-5.0395
-5.0527
-5.06518
-5.07858
-5.09348
-5.10793
-5.1182
-5.12157
-5.11952
-5.1149
-5.111
-5.11122
-5.11655
-5.12474
-5.13147
-5.13596
-5.1358
-5.12966
-5.12017
-5.10818
-5.09438
-5.0814
-5.06901
-5.05545
-5.03915
-5.02014
-4.99899
-4.97757
-4.95572
-4.93549
-4.91729
-4.90149
-4.88514
-4.8677
-4.85037
-4.84276
-4.85233
-4.88087
-4.92067
-4.9594
-4.98884
-5.00946
-5.01792
-5.01404
-4.99791
-4.97444
-4.95293
-4.93806
-4.93669
-4.95029
-4.97566
-5.00832
-5.04349
-5.07568
-5.10108
-5.11585
-5.11684
-5.10641
-5.08775
-5.0622
-5.0342
-5.00792
-4.98832
-4.97739
-4.97749
-4.98931
-5.00814
-5.03057
-5.05204
-5.06989
-5.08184
-5.08997
-5.0978
-5.10335
-5.10734
-5.10889
-5.10542
-5.09365
-5.07474
-5.04979
-5.02288
-4.99807
-4.98006
-4.97193
-4.97724
-4.99204
-5.01082
-5.03254
-5.05211
-5.06929
-5.08131
-5.08831
-5.09027
-5.08734
-5.07913
-5.07284
-5.06837
-5.06944
-5.07911
-5.09778
-5.12429
-5.15313
-5.17983
-5.19941
-5.21063
-5.21152
-5.20587
-5.19523
-5.18163
-5.16497
-5.14788
-5.13258
-5.12354
-5.12163
-5.12542
-5.12824
-5.12622
-5.11828
-5.10671
-5.09084
-5.07443
-5.06121
-5.0533
-5.05106
-5.05537
-5.06532
-5.07925
-5.09298
-5.10404
-5.11107
-5.11106
-5.10603
-5.09555
-5.08121
-5.0637
-5.0465
-5.03102
-5.02035
-5.01789
-5.02496
-5.03982
-5.05692
-5.06926
-5.07572
-5.07088
-5.05682
-5.03199
-5.00107
-4.9686
-4.93621
-4.90678
-4.88334
-4.86987
-4.87102
-4.88607
-4.90946
-4.9347
-4.95684
-4.97156
-4.97935
-4.98083
-4.97733
-4.97094
-4.96425
-4.95718
-4.95116
-4.94773
-4.94886
-4.95562
-4.9688
-4.986
-5.00519
-5.02235
-5.03797
-5.04891
-5.05566
-5.05721
-5.05648
-5.05462
-5.05326
-5.05064
-5.04694
-5.0405
-5.03022
-5.01485
-4.99454
-4.97325
-4.95374
-4.94149
-4.94034
-4.94963
-4.96683
-4.98726
-5.00819
-5.02899
-5.04867
-5.06861
-5.09159
-5.1174
-5.14328
-5.16136
-5.16612
-5.15838
-5.13854
-5.11307
-5.08755
-5.06532
-5.05097
-5.04191
-5.04041
-5.04192
-5.0461
-5.05416
-5.06747
-5.08261
-5.10026
-5.11819
-5.13484
-5.14981
-5.16235
-5.16949
-5.17146
-5.16648
-5.1549
-5.1373
-5.11522
-5.08939
-5.06083
-5.03578
-5.01511
-5.0009
-4.99593
-4.99976
-5.00768
-5.01887
-5.02894
-5.03585
-5.04258
-5.05619
-5.07727
-5.10684
-5.14013
-5.16997
-5.19097
-5.20199
-5.20361
-5.19523
-5.17894
-5.1544
-5.12619
-5.09782
-5.07641
-5.06415
-5.05946
-5.05738
-5.05316
-5.04444
-5.0328
-5.02069
-5.01088
-5.00407
-4.99986
-5.00024
-5.00228
-5.00768
-5.01627
-5.02701
-5.04055
-5.05377
-5.06478
-5.07425
-5.07995
-5.07983
-5.06895
-5.04884
-5.0239
-4.99785
-4.97753
-4.96707
-4.96634
-4.97209
-4.97771
-4.98145
-4.97894
-4.9738
-4.96777
-4.96209
-4.95979
-4.95557
-4.94965
-4.9404
-4.93003
-4.92867
-4.93702
-4.95669
-4.98098
-5.00326
-5.02034
-5.0324
-5.04138
-5.05161
-5.06286
-5.07703
-5.09197
-5.10714
-5.12204
-5.13515
-5.1454
-5.15213
-5.15749
-5.16069
-5.16152
-5.1597
-5.15348
-5.14233
-5.12645
-5.10728
-5.08852
-5.07235
-5.05765
-5.04449
-5.03336
-5.02516
-5.01731
-5.01543
-5.01718
-5.02123
-5.02741
-5.03382
-5.03974
-5.04427
-5.04835
-5.05053
-5.04985
-5.04788
-5.04483
-5.03773
-5.02288
-5.00295
-4.97977
-4.95359
-4.92692
-4.90349
-4.88504
-4.87603
-4.87843
-4.89026
-4.90946
-4.93163
-4.95655
-4.98297
-5.00922
-5.0344
-5.05835
-5.07781
-5.08986
-5.09876
-5.10075
-5.10089
-5.09597
-5.08691
-5.07489
-5.05799
-5.03672
-5.01486
-4.98941
-4.96036
-4.92972
-4.89566
-4.86426
-4.8367
-4.81737
-4.80891
-4.81229
-4.82419
-4.84441
-4.86597
-4.88836
-4.91231
-4.93878
-4.96769
-4.99772
-5.02707
-5.05436
-5.07532
-5.09069
-5.09812
-5.10063
-5.10146
-5.10269
-5.10484
-5.10967
-5.11435
-5.12025
-5.12377
-5.12433
-5.12096
-5.11336
-5.10012
-5.08392
-5.06667
-5.05095
-5.03722
-5.02794
-5.0242
-5.02259
-5.02598
-5.02606
-5.02371
-5.02022
-5.01743
-5.01821
-5.02447
-5.03789
-5.05773
-5.07918
-5.09609
-5.10557
-5.10663
-5.0977
-5.0823
-5.06531
-5.049
-5.03576
-5.02822
-5.02223
-5.01782
-5.01097
-5.00027
-4.98757
-4.97185
-4.95491
-4.94209
-4.93561
-4.93626
-4.94275
-4.95354
-4.9642
-4.97161
-4.97158
-4.96483
-4.95223
-4.94111
-4.93104
-4.92735
-4.92998
-4.9372
-4.94871
-4.96277
-4.97755
-4.992
-5.00274
-5.0094
-5.01556
-5.02197
-5.03084
-5.04283
-5.06227
-5.08757
-5.11618
-5.14669
-5.17422
-5.20302
-5.22822
-5.24755
-5.26014
-5.26589
-5.26453
-5.25463
-5.23922
-5.21892
-5.19577
-5.1701
-5.14568
-5.12251
-5.10148
-5.08091
-5.06182
-5.04371
-5.02753
-5.01021
-4.99521
-4.98298
-4.9727
-4.96592
-4.96617
-4.97786
-5.00132
-5.03519
-5.07085
-5.10129
-5.12129
-5.12948
-5.12742
-5.1154
-5.09948
-5.08353
-5.07231
-5.06917
-5.07405
-5.08487
-5.09793
-5.10889
-5.11376
-5.10797
-5.09107
-5.06689
-5.04631
-5.04016
-5.05124
-5.07364
-5.10202
-5.1268
-5.14322
-5.15025
-5.14794
-5.14123
-5.13626
-5.13736
-5.14616
-5.16077
-5.1772
-5.19009
-5.19668
-5.19452
-5.18413
-5.16746
-5.14567
-5.12262
-5.10052
-5.08106
-5.06659
-5.05724
-5.05162
-5.04666
-5.04067
-5.03363
-5.02812
-5.02903
-5.03929
-5.05568
-5.07491
-5.09297
-5.1086
-5.12178
-5.12738
-5.125
-5.11379
-5.08979
-5.0534
-5.0089
-4.9611
-4.91767
-4.8865
-4.87212
-4.86991
-4.87557
-4.88289
-4.88883
-4.89526
-4.90558
-4.92347
-4.94431
-4.96655
-4.9884
-5.00598
-5.02007
-5.03244
-5.04497
-5.05707
-5.06956
-5.08022
-5.09058
-5.09737
-5.09849
-5.08841
-5.06519
-5.03115
-4.99769
-4.98531
-5.01113
-5.06
-5.11121
-5.15273
-5.18241
-5.2047
-5.22417
-5.24275
-5.2633
-5.28681
-5.30766
-5.3206
-5.32214
-5.30931
-5.28399
-5.24747
-5.20484
-5.16405
-5.13276
-5.11613
-5.11776
-5.13219
-5.15305
-5.17477
-5.19115
-5.19818
-5.19674
-5.18404
-5.16122
-5.1309
-5.09414
-5.0537
-5.01288
-4.97841
-4.95123
-4.93344
-4.92263
-4.92024
-4.92272
-4.92944
-4.93804
-4.94871
-4.96079
-4.97233
-4.98273
-4.9887
-4.99028
-4.98719
-4.98085
-4.9722
-4.96127
-4.95127
-4.94493
-4.94287
-4.94767
-4.95905
-4.97506
-4.99494
-5.01584
-5.03699
-5.05566
-5.07086
-5.08036
-5.08631
-5.0875
-5.08454
-5.07719
-5.06793
-5.0564
-5.04383
-5.02961
-5.01441
-4.9984
-4.97877
-4.95783
-4.93633
-4.91527
-4.8963
-4.88038
-4.86995
-4.86239
-4.85916
-4.85951
-4.86345
-4.86933
-4.87608
-4.88323
-4.8893
-4.8924
-4.89494
-4.89637
-4.89956
-4.90711
-4.91787
-4.93264
-4.95073
-4.97048
-4.99113
-5.01214
-5.03524
-5.06029
-5.08712
-5.11391
-5.13604
-5.15248
-5.16276
-5.16469
-5.1612
-5.1538
-5.14239
-5.12635
-5.10728
-5.08362
-5.05185
-5.01543
-4.97686
-4.9416
-4.91481
-4.89953
-4.89678
-4.90355
-4.91688
-4.93407
-4.94844
-4.96112
-4.96921
-4.9724
-4.97194
-4.9695
-4.96859
-4.97119
-4.97627
-4.98397
-4.99068
-4.99168
-4.98768
-4.97637
-4.95948
-4.9408
-4.9287
-4.92679
-4.93371
-4.94404
-4.95485
-4.96263
-4.96942
-4.97477
-4.98308
-4.99029
-4.99709
-5.00286
-5.00842
-5.01309
-5.01666
-5.02135
-5.0231
-5.02266
-5.01795
-5.00783
-4.99159
-4.97169
-4.95095
-4.93043
-4.91312
-4.90245
-4.89687
-4.89749
-4.90721
-4.92619
-4.95379
-4.98834
-5.02435
-5.05808
-5.08686
-5.10951
-5.12536
-5.13578
-5.14148
-5.14412
-5.14484
-5.14608
-5.14644
-5.14636
-5.14568
-5.14276
-5.13515
-5.12025
-5.10008
-5.07465
-5.04305
-5.01237
-4.98089
-4.95319
-4.92855
-4.90824
-4.89499
-4.89203
-4.90056
-4.92165
-4.94924
-4.97947
-5.00504
-5.02586
-5.03737
-5.04232
-5.03998
-5.03326
-5.02337
-5.01303
-5.00215
-4.99232
-4.98382
-4.97654
-4.9717
-4.96795
-4.96635
-4.96393
-4.96149
-4.96074
-4.96306
-4.97329
-4.99205
-5.01848
-5.04692
-5.07387
-5.09508
-5.10878
-5.11226
-5.10598
-5.09155
-5.07463
-5.05837
-5.04414
-5.03597
-5.03187
-5.03106
-5.03151
-5.02767
-5.02128
-5.01141
-4.99825
-4.98847
-4.98704
-4.99585
-5.01261
-5.03063
-5.04761
-5.0655
-5.08275
-5.10024
-5.11473
-5.12344
-5.12634
-5.12192
-5.11242
-5.09791
-5.08453
-5.0713
-5.06006
-5.05165
-5.04808
-5.04587
-5.04485
-5.04606
-5.04921
-5.05249
-5.05659
-5.06407
-5.07631
-5.09212
-5.10996
-5.12516
-5.13511
-5.13695
-5.13136
-5.11948
-5.10386
-5.08704
-5.07252
-5.06212
-5.06027
-5.0661
-5.07993
-5.09804
-5.11683
-5.13257
-5.14242
-5.14386
-5.13564
-5.11987
-5.09706
-5.07137
-5.0434
-5.01534
-4.98873
-4.96564
-4.94862
-4.94127
-4.94639
-4.96231
-4.98753
-5.01779
-5.04746
-5.07164
-5.08749
-5.09172
-5.08221
-5.064
-5.03526
-4.9986
-4.95997
-4.92255
-4.891
-4.86797
-4.85671
-4.85321
-4.85818
-4.86458
-4.87147
-4.88107
-4.8966
-4.92282
-4.95644
-4.99
-5.01806
-5.03679
-5.04755
-5.04977
-5.04455
-5.03705
-5.02872
-5.0211
-5.01449
-5.00924
-5.0035
-4.99826
-4.99284
-4.99105
-4.99255
-4.99845
-5.00853
-5.01929
-5.0292
-5.03872
-5.04369
-5.04878
-5.04994
-5.04991
-5.04784
-5.04339
-5.03966
-5.03825
-5.04011
-5.04507
-5.05322
-5.06195
-5.07052
-5.07681
-5.08119
-5.0849
-5.08651
-5.08469
-5.07977
-5.07238
-5.06265
-5.05179
-5.03985
-5.02531
-5.00836
-4.9889
-4.9671
-4.94761
-4.93374
-4.93112
-4.94167
-4.96437
-4.99615
-5.02944
-5.06167
-5.08741
-5.10687
-5.12062
-5.12841
-5.1321
-5.13267
-5.13121
-5.12735
-5.11968
-5.10691
-5.08848
-5.06311
-5.03198
-4.9979
-4.96491
-4.93526
-4.91052
-4.89143
-4.87771
-4.87015
-4.87252
-4.8834
-4.90353
-4.92836
-4.95421
-4.97994
-5.00083
-5.01423
-5.01836
-5.01472
-5.00588
-4.99456
-4.98813
-4.98757
-4.99111
-4.99637
-4.99923
-4.99831
-4.99326
-4.98415
-4.9748
-4.96735
-4.96423
-4.96301
-4.96688
-4.97125
-4.97918
-4.98712
-4.9973
-5.01013
-5.02427
-5.03893
-5.05361
-5.06793
-5.07996
-5.08799
-5.09336
-5.09514
-5.0955
-5.09456
-5.09128
-5.08713
-5.08023
-5.06977
-5.05512
-5.03717
-5.01362
-4.98762
-4.96112
-4.93992
-4.92609
-4.91977
-4.91742
-4.92016
-4.92543
-4.93386
-4.94193
-4.94722
-4.9487
-4.94401
-4.93468
-4.92393
-4.91706
-4.92123
-4.93447
-4.95632
-4.98309
-5.01189
-5.03795
-5.05864
-5.07135
-5.07837
-5.07836
-5.0729
-5.06019
-5.0456
-5.03065
-5.01765
-5.00552
-4.99548
-4.98797
-4.97998
-4.97157
-4.96361
-4.95868
-4.95795
-4.96288
-4.96815
-4.97167
-4.97367
-4.97175
-4.96952
-4.96862
-4.97058
-4.97603
-4.98503
-4.99625
-5.0081
-5.01909
-5.02821
-5.03437
-5.03512
-5.03191
-5.02593
-5.01956
-5.01344
-5.01274
-5.0161
-5.02127
-5.02605
-5.02797
-5.02282
-5.01093
-4.9903
-4.96536
-4.94068
-4.919
-4.91058
-4.91648
-4.93707
-4.96811
-4.99944
-5.02685
-5.0447
-5.05346
-5.05248
-5.045
-5.03397
-5.02122
-5.01059
-5.00252
-4.99922
-5.0012
-5.008
-5.0174
-5.02836
-5.04054
-5.0513
-5.06247
-5.07353
-5.0862
-5.09956
-5.11044
-5.11876
-5.12128
-5.11942
-5.11289
-5.10485
-5.09909
-5.09583
-5.099
-5.10753
-5.12027
-5.13277
-5.14316
-5.15019
-5.15253
-5.15206
-5.14788
-5.1441
-5.14076
-5.13871
-5.13889
-5.13926
-5.13953
-5.13669
-5.13318
-5.12747
-5.11854
-5.1049
-5.08809
-5.07078
-5.05464
-5.03915
-5.0277
-5.01941
-5.01055
-5.00234
-4.99339
-4.98211
-4.97348
-4.9704
-4.97477
-4.98553
-5.00173
-5.01779
-5.03096
-5.03656
-5.03632
-5.02961
-5.01813
-5.00827
-5.00239
-5.00302
-5.01129
-5.02525
-5.04286
-5.06106
-5.07932
-5.09566
-5.10888
-5.12083
-5.13014
-5.13764
-5.14291
-5.14475
-5.14078
-5.13146
-5.11511
-5.09465
-5.071
-5.04749
-5.02633
-5.00859
-4.99644
-4.99139
-4.9979
-5.01266
-5.03362
-5.05733
-5.07677
-5.08874
-5.09295
-5.09068
-5.08337
-5.07243
-5.06013
-5.04392
-5.02947
-5.01727
-5.00695
-5.00051
-4.99676
-4.99564
-4.99619
-4.99697
-4.99603
-4.99124
-4.98172
-4.96952
-4.95634
-4.9483
-4.94856
-4.96149
-4.98364
-5.0127
-5.04304
-5.07125
-5.09617
-5.11755
-5.13447
-5.14573
-5.15449
-5.15945
-5.15896
-5.15368
-5.14534
-5.13314
-5.1225
-5.11188
-5.10384
-5.09996
-5.10056
-5.10193
-5.10602
-5.10796
-5.1076
-5.10492
-5.10073
-5.09516
-5.09034
-5.08791
-5.08783
-5.09063
-5.09419
-5.10105
-5.10595
-5.11012
-5.10982
-5.10496
-5.09459
-5.08394
-5.07413
-5.0664
-5.06112
-5.06015
-5.06014
-5.05894
-5.05611
-5.04768
-5.03435
-5.02041
-5.0082
-5.00303
-5.00337
-5.00991
-5.0166
-5.01854
-5.01476
-5.00224
-4.97894
-4.94703
-4.90879
-4.86804
-4.83016
-4.8021
-4.78984
-4.79497
-4.81413
-4.84406
-4.8769
-4.90662
-4.93033
-4.94734
-4.95927
-4.96871
-4.97701
-4.98629
-4.99707
-5.00761
-5.01843
-5.02399
-5.01977
-5.00605
-4.98137
-4.9488
-4.91655
-4.88739
-4.86917
-4.86427
-4.87046
-4.88662
-4.90871
-4.93549
-4.96543
-4.99354
-5.01962
-5.04088
-5.0551
-5.06303
-5.06369
-5.05959
-5.05388
-5.04843
-5.04365
-5.03831
-5.03309
-5.02396
-5.01277
-5.00081
-4.98763
-4.97332
-4.95902
-4.94676
-4.93956
-4.938
-4.94011
-4.94557
-4.95301
-4.96017
-4.96632
-4.96912
-4.96839
-4.96627
-4.96282
-4.96033
-4.95773
-4.95407
-4.94847
-4.93882
-4.92659
-4.91294
-4.89961
-4.89206
-4.89226
-4.90086
-4.91891
-4.94171
-4.96682
-4.98974
-5.00826
-5.02073
-5.02785
-5.03075
-5.03084
-5.02898
-5.02547
-5.02241
-5.02069
-5.01902
-5.01864
-5.01801
-5.01497
-5.0083
-4.99622
-4.98019
-4.95979
-4.94078
-4.92829
-4.92557
-4.93108
-4.94292
-4.9576
-4.97326
-4.98801
-4.99911
-5.00605
-5.00838
-5.00687
-5.00026
-4.99384
-4.98642
-4.97742
-4.96848
-4.95606
-4.93887
-4.91797
-4.89801
-4.88274
-4.8748
-4.87364
-4.87795
-4.88364
-4.88946
-4.89793
-4.91175
-4.93275
-4.96082
-4.99203
-5.02462
-5.05521
-5.0793
-5.09927
-5.11187
-5.11858
-5.11961
-5.11629
-5.10976
-5.09925
-5.08569
-5.06912
-5.05079
-5.03026
-5.00737
-4.98479
-4.96396
-4.94761
-4.93841
-4.94106
-4.95684
-4.98336
-5.01737
-5.04999
-5.07794
-5.09569
-5.10072
-5.09756
-5.08495
-5.07024
-5.05206
-5.03399
-5.01889
-5.0079
-5.00207
-5.00321
-5.00957
-5.01903
-5.02927
-5.03944
-5.04747
-5.05273
-5.05195
-5.04485
-5.02747
-5.00156
-4.97053
-4.93534
-4.90016
-4.8696
-4.84776
-4.83774
-4.84093
-4.8545
-4.87544
-4.89827
-4.91851
-4.93567
-4.9492
-4.95898
-4.96575
-4.96981
-4.97264
-4.97495
-4.97741
-4.98037
-4.98336
-4.98646
-4.99053
-4.99382
-4.99587
-4.99908
-5.00626
-5.01913
-5.03794
-5.0582
-5.07615
-5.08803
-5.09102
-5.08145
-5.06026
-5.03033
-4.99561
-4.9636
-4.94038
-4.92634
-4.92295
-4.92671
-4.93689
-4.95002
-4.96303
-4.97674
-4.98734
-4.99717
-5.00687
-5.01778
-5.03102
-5.04671
-5.0623
-5.07903
-5.09294
-5.10272
-5.10539
-5.10305
-5.09571
-5.08284
-5.06685
-5.04688
-5.02731
-5.00782
-4.99449
-4.98675
-4.9883
-4.99944
-5.01863
-5.04106
-5.06419
-5.08059
-5.08881
-5.08655
-5.07295
-5.05096
-5.02224
-4.99474
-4.97286
-4.95985
-4.95887
-4.96667
-4.98063
-4.99837
-5.01266
-5.02521
-5.03268
-5.03754
-5.04184
-5.04572
-5.0487
-5.05061
-5.04918
-5.04261
-5.03237
-5.0181
-5.00449
-4.99178
-4.98394
-4.98128
-4.98247
-4.98768
-4.99881
-5.01443
-5.03386
-5.05722
-5.08133
-5.10352
-5.11965
-5.12849
-5.12571
-5.11418
-5.09498
-5.07106
-5.04616
-5.02121
-4.99826
-4.97906
-4.96132
-4.94622
-4.93277
-4.92208
-4.91609
-4.9183
-4.93047
-4.95219
-4.98151
-5.01314
-5.04581
-5.07842
-5.10841
-5.13409
-5.15097
-5.15845
-5.15667
-5.14592
-5.12748
-5.10399
-5.07714
-5.04628
-5.01371
-4.97875
-4.94777
-4.91584
-4.88557
-4.85799
-4.83733
-4.82803
-4.83349
-4.85393
-4.88874
-4.93247
-4.97815
-5.02245
-5.06033
-5.08783
-5.10369
-5.1104
-5.10707
-5.09376
-5.07623
-5.0591
-5.04661
-5.03874
-5.03706
-5.04285
-5.05102
-5.05792
-5.06394
-5.06596
-5.06701
-5.06609
-5.06485
-5.06491
-5.06584
-5.0643
-5.05953
-5.05084
-5.03826
-5.02604
-5.01585
-5.00958
-5.00821
-5.01329
-5.02304
-5.03582
-5.05289
-5.07293
-5.09484
-5.11609
-5.13255
-5.14312
-5.14455
-5.13635
-5.12011
-5.09916
-5.07759
-5.05886
-5.04895
-5.0476
-5.05105
-5.05655
-5.06341
-5.0678
-5.06941
-5.06815
-5.06833
-5.07247
-5.08026
-5.08704
-5.09063
-5.08696
-5.07888
-5.06426
-5.04928
-5.03504
-5.02528
-5.0202
-5.01984
-5.02257
-5.02594
-5.02896
-5.02895
-5.02477
-5.0151
-4.99937
-4.97697
-4.95261
-4.93028
-4.91214
-4.90038
-4.89621
-4.89765
-4.90479
-4.91555
-4.9282
-4.94329
-4.95885
-4.97544
-4.98964
-5.00087
-5.00841
-5.01142
-5.01062
-5.00809
-5.00484
-5.00179
-5.00013
-4.99769
-4.99374
-4.98933
-4.98708
-4.98906
-4.99698
-5.01069
-5.02793
-5.04761
-5.06792
-5.08554
-5.10079
-5.1136
-5.12097
-5.1237
-5.12174
-5.11458
-5.10265
-5.08794
-5.07155
-5.05647
-5.04518
-5.04092
-5.04155
-5.04839
-5.05786
-5.06797
-5.07715
-5.08626
-5.09265
-5.09825
-5.10261
-5.10852
-5.11427
-5.1178
-5.11946
-5.11704
-5.10865
-5.09509
-5.08138
-5.06862
-5.05866
-5.05349
-5.05412
-5.05732
-5.06338
-5.07221
-5.08191
-5.08894
-5.09175
-5.08636
-5.07242
-5.05197
-5.0283
-5.00299
-4.97938
-4.95773
-4.94081
-4.92821
-4.92307
-4.92237
-4.92558
-4.9286
-4.92994
-4.92912
-4.92815
-4.92962
-4.93252
-4.94077
-4.95635
-4.97693
-5.00164
-5.02618
-5.05015
-5.06924
-5.08484
-5.09573
-5.10463
-5.11025
-5.11282
-5.11363
-5.113
-5.11111
-5.1059
-5.09934
-5.09414
-5.09212
-5.09403
-5.09958
-5.10245
-5.10091
-5.09236
-5.07804
-5.05888
-5.03616
-5.00923
-4.98189
-4.95954
-4.94503
-4.94054
-4.94546
-4.95774
-4.97491
-4.99166
-5.00643
-5.01704
-5.024
-5.02806
-5.02801
-5.02596
-5.01816
-5.00844
-4.99486
-4.97896
-4.95811
-4.93016
-4.89715
-4.86536
-4.8435
-4.83812
-4.84804
-4.86785
-4.88791
-4.90238
-4.90961
-4.91196
-4.91148
-4.91226
-4.91446
-4.91885
-4.92565
-4.93674
-4.95172
-4.97069
-4.99144
-5.01438
-5.03519
-5.05717
-5.07506
-5.08821
-5.09754
-5.10318
-5.10695
-5.10833
-5.10798
-5.10516
-5.10015
-5.0908
-5.07881
-5.06249
-5.0426
-5.0186
-4.99376
-4.96832
-4.9447
-4.92459
-4.90978
-4.90241
-4.90329
-4.91164
-4.92821
-4.94735
-4.96553
-4.98046
-4.99234
-5.00083
-5.00983
-5.02125
-5.03318
-5.04421
-5.05053
-5.04956
-5.04255
-5.03094
-5.01692
-5.00142
-4.98589
-4.97081
