1.09914
1.09618
1.09103
1.08348
1.07324
1.05997
1.04319
1.0224
0.997043
0.966642
0.930892
0.889808
0.843864
0.794144
0.742394
0.690966
0.64253
0.599708
0.56458
0.538377
0.521366
0.512941
0.511868
0.516545
0.52525
0.536335
0.548338
0.560072
0.570672
0.579604
0.586644
0.591858
0.595501
0.597944
0.599546
0.600582
0.601153
0.601209
0.600533
0.598805
0.595698
0.590965
0.584536
0.576543
0.567354
0.557528
0.547725
0.538599
0.530745
0.524621
0.520552
0.51871
0.519085
0.521506
0.525646
0.531057
0.537216
0.543561
0.549545
0.554674
0.558569
0.561025
0.562043
0.561801
0.560607
0.558863
0.556967
0.555281
0.554101
0.553686
0.554257
0.555957
0.558802
0.562618
0.567063
0.571718
0.57615
0.580055
0.583276
0.585809
0.587787
0.589422
0.590938
0.592527
0.594299
0.59628
0.598399
0.600516
0.602455
0.604011
0.605004
0.605281
0.604758
0.603444
0.601457
0.599031
0.596471
0.594092
0.59216
0.590831
0.590123
0.589876
0.589837
0.589696
0.58916
0.588049
0.586307
0.584012
0.58127
0.578132
0.574517
0.570226
0.565029
0.558781
0.551524
0.543475
0.535053
0.526796
0.519285
0.513051
0.50851
0.505879
0.505144
0.506053
0.508164
0.510965
0.514004
0.516992
0.519814
0.522508
0.525228
0.528159
0.531468
0.535258
0.539531
0.544161
0.548921
0.553553
0.557801
0.561541
0.564811
0.567741
0.570478
0.573062
0.575376
0.577187
0.578255
0.578425
0.577661
0.576048
0.57376
0.571107
0.568489
0.566413
0.565444
0.566139
0.568961
0.574145
0.581582
0.590793
0.600973
0.611146
0.620357
0.627831
0.633091
0.635962
0.636538
0.635074
0.631948
0.627629
0.622592
0.617302
0.612198
0.607634
0.603892
0.601118
0.599357
0.598545
0.598503
0.598967
0.599636
0.600216
0.600484
0.600305
0.599656
0.598596
0.597252
0.595797
0.59447
0.593552
0.593328
0.594055
0.595883
0.59878
0.602497
0.606614
0.610651
0.614177
0.616889
0.618664
0.619526
0.619618
0.619155
0.618385
0.617548
0.616845
0.616422
0.616365
0.616684
0.617299
0.618071
0.618816
0.619347
0.619501
0.619165
0.618289
0.616884
0.615024
0.612839
0.610468
0.60804
0.605622
0.603189
0.600601
0.597627
0.59402
0.589616
0.584457
0.57889
0.573547
0.569156
0.566262
0.565003
0.565112
0.566108
0.567578
0.569335
0.571473
0.574336
0.578354
0.583884
0.59107
0.599726
0.609325
0.619082
0.628116
0.6356
0.640903
0.643667
0.643794
0.641428
0.636924
0.630784
0.623615
0.616061
0.608714
0.602023
0.596252
0.591459
0.587586
0.584545
0.5823
0.580919
0.580504
0.581104
0.582607
0.584732
0.587074
0.58922
0.59087
0.591949
0.592649
0.59337
0.594595
0.596778
0.600149
0.604643
0.60989
0.61535
0.620485
0.624893
0.628304
0.630601
0.631753
0.631774
0.630686
0.62851
0.625266
0.621002
0.615779
0.60973
0.603038
0.595968
0.588851
0.582034
0.575826
0.570445
0.566002
0.562485
0.559804
1.09914
1.09618
1.09103
1.08348
1.07324
1.05997
1.04319
1.0224
0.997043
0.966642
0.930892
0.889808
0.843864
0.794144
0.742394
0.690966
0.64253
0.599708
0.56458
0.538377
0.521366
0.512941
0.511868
0.516545
0.52525
0.536335
0.548338
0.560072
0.570672
0.579604
0.586644
0.591858
0.595501
0.597944
0.599546
0.600582
0.601153
0.601209
0.600533
0.598805
0.595698
0.590965
0.584536
0.576543
0.567354
0.557528
0.547725
0.538599
0.530745
0.524621
0.520552
0.51871
0.519085
0.521506
0.525646
0.531057
0.537216
0.543561
0.549545
0.554674
0.558569
0.561025
0.562043
0.561801
0.560607
0.558863
0.556967
0.555281
0.554101
0.553686
0.554257
0.555957
0.558802
0.562618
0.567063
0.571718
0.57615
0.580055
0.583276
0.585809
0.587787
0.589422
0.590938
0.592527
0.594299
0.59628
0.598399
0.600516
0.602455
0.604011
0.605004
0.605281
0.604758
0.603444
0.601457
0.599031
0.596471
0.594092
0.59216
0.590831
0.590123
0.589876
0.589837
0.589696
0.58916
0.588049
0.586307
0.584012
0.58127
0.578132
0.574517
0.570226
0.565029
0.558781
0.551524
0.543475
0.535053
0.526796
0.519285
0.513051
0.50851
0.505879
0.505144
0.506053
0.508164
0.510965
0.514004
0.516992
0.519814
0.522508
0.525228
0.528159
0.531468
0.535258
0.539531
0.544161
0.548921
0.553553
0.557801
0.561541
0.564811
0.567741
0.570478
0.573062
0.575376
0.577187
0.578255
0.578425
0.577661
0.576048
0.57376
0.571107
0.568489
0.566413
0.565444
0.566139
0.568961
0.574145
0.581582
0.590793
0.600973
0.611146
0.620357
0.627831
0.633091
0.635962
0.636538
0.635074
0.631948
0.627629
0.622592
0.617302
0.612198
0.607634
0.603892
0.601118
0.599357
0.598545
0.598503
0.598967
0.599636
0.600216
0.600484
0.600305
0.599656
0.598596
0.597252
0.595797
0.59447
0.593552
0.593328
0.594055
0.595883
0.59878
0.602497
0.606614
0.610651
0.614177
0.616889
0.618664
0.619526
0.619618
0.619155
0.618385
0.617548
0.616845
0.616422
0.616365
0.616684
0.617299
0.618071
0.618816
0.619347
0.619501
0.619165
0.618289
0.616884
0.615024
0.612839
0.610468
0.60804
0.605622
0.603189
0.600601
0.597627
0.59402
0.589616
0.584457
0.57889
0.573547
0.569156
0.566262
0.565003
0.565112
0.566108
0.567578
0.569335
0.571473
0.574336
0.578354
0.583884
0.59107
0.599726
0.609325
0.619082
0.628116
0.6356
0.640903
0.643667
0.643794
0.641428
0.636924
0.630784
0.623615
0.616061
0.608714
0.602023
0.596252
0.591459
0.587586
0.584545
0.5823
0.580919
0.580504
0.581104
0.582607
0.584732
0.587074
0.58922
0.59087
0.591949
0.592649
0.59337
0.594595
0.596778
0.600149
0.604643
0.60989
0.61535
0.620485
0.624893
0.628304
0.630601
0.631753
0.631774
0.630686
0.62851
0.625266
0.621002
0.615779
0.60973
0.603038
0.595968
0.588851
0.582034
0.575826
0.570445
0.566002
0.562485
0.559804
1.89852
1.89337
1.88421
1.87038
1.85093
1.82456
1.78963
1.74432
1.68693
1.61631
1.53251
1.43759
1.3362
1.23551
1.1439
1.06889
1.01512
0.983574
0.97207
0.976423
0.991664
1.01289
1.03585
1.05723
1.07486
1.08776
1.09603
1.10065
1.10303
1.10453
1.1059
1.10712
1.10745
1.10563
1.10027
1.09027
1.07535
1.05651
1.03587
1.01607
0.999271
0.986512
0.977769
0.972631
0.970912
0.972788
0.978415
0.98745
0.998875
1.0111
1.02232
1.03091
1.03573
1.03619
1.03239
1.02529
1.01656
1.00823
1.00194
0.998377
0.997395
0.99854
1.00142
1.00572
1.01101
1.01652
1.02122
1.02414
1.02486
1.02382
1.02236
1.02212
1.02433
1.02926
1.03617
1.0437
1.05039
1.05528
1.05826
1.05995
1.06121
1.06239
1.06311
1.06253
1.06029
1.05695
1.05361
1.05128
1.05046
1.05118
1.05325
1.05626
1.0597
1.06288
1.06503
1.0655
1.0638
1.05967
1.05307
1.0441
1.03299
1.02
1.00541
0.989666
0.973678
0.958955
0.94741
0.940813
0.9403
0.946289
0.958368
0.975061
0.993872
1.012
1.02716
1.03793
1.0438
1.04494
1.04216
1.03669
1.03008
1.02379
1.01868
1.01472
1.01128
1.00779
1.00443
1.00221
1.00237
1.00581
1.0127
1.02268
1.03506
1.04901
1.06347
1.07716
1.08874
1.09703
1.10147
1.10245
1.10139
1.10018
1.10021
1.10144
1.10252
1.1018
1.09835
1.09246
1.08578
1.08059
1.07855
1.07974
1.08273
1.08542
1.08597
1.08314
1.07643
1.06599
1.05273
1.03864
1.02706
1.02177
1.0245
1.03302
1.04263
1.04957
1.05298
1.05444
1.05635
1.06029
1.06651
1.07432
1.08273
1.09089
1.09845
1.10571
1.11308
1.12007
1.12489
1.12527
1.11973
1.10845
1.09355
1.07877
1.06828
1.0647
1.06785
1.07523
1.0838
1.09148
1.09744
1.10158
1.10386
1.10383
1.10069
1.09363
1.08239
1.0675
1.0501
1.03148
1.01259
0.994193
0.977443
0.96406
0.955697
0.953079
0.955964
0.963811
0.976294
0.99323
1.01415
1.038
1.06314
1.08758
1.10942
1.12705
1.13945
1.14622
1.14766
1.14451
1.1378
1.12858
1.11771
1.10592
1.09381
1.08204
1.07132
1.06243
1.05611
1.05297
1.05345
1.05775
1.0657
1.07659
1.08925
1.10214
1.11368
1.12248
1.12763
1.12887
1.12646
1.12109
1.11371
1.10557
1.09829
1.09389
1.09401
1.09907
1.10795
1.11883
1.12999
1.14009
1.14786
1.15197
1.15133
1.14559
1.13561
1.12324
1.11041
1.09809
1.08618
1.07423
1.06208
1.05011
1.03896
1.02928
1.02157
1.01618
1.01335
1.01306
1.01484
1.01767
1.02018
1.02089
1.01863
1.01285
1.00386
0.992925
0.982193
0.974432
0.972408
0.978009
0.991463
1.01101
1.0333
1.05431
1.0705
1.0796
1.08087
1.07512
1.0645
1.05218
1.04175
1.03616
1.03671
1.04271
1.05205
1.06236
1.07187
1.07951
1.89852
1.89337
1.88421
1.87038
1.85093
1.82456
1.78963
1.74432
1.68693
1.61631
1.53251
1.43759
1.3362
1.23551
1.1439
1.06889
1.01512
0.983574
0.97207
0.976423
0.991664
1.01289
1.03585
1.05723
1.07486
1.08776
1.09603
1.10065
1.10303
1.10453
1.1059
1.10712
1.10745
1.10563
1.10027
1.09027
1.07535
1.05651
1.03587
1.01607
0.999271
0.986512
0.977769
0.972631
0.970912
0.972788
0.978415
0.98745
0.998875
1.0111
1.02232
1.03091
1.03573
1.03619
1.03239
1.02529
1.01656
1.00823
1.00194
0.998377
0.997395
0.99854
1.00142
1.00572
1.01101
1.01652
1.02122
1.02414
1.02486
1.02382
1.02236
1.02212
1.02433
1.02926
1.03617
1.0437
1.05039
1.05528
1.05826
1.05995
1.06121
1.06239
1.06311
1.06253
1.06029
1.05695
1.05361
1.05128
1.05046
1.05118
1.05325
1.05626
1.0597
1.06288
1.06503
1.0655
1.0638
1.05967
1.05307
1.0441
1.03299
1.02
1.00541
0.989666
0.973678
0.958955
0.94741
0.940813
0.9403
0.946289
0.958368
0.975061
0.993872
1.012
1.02716
1.03793
1.0438
1.04494
1.04216
1.03669
1.03008
1.02379
1.01868
1.01472
1.01128
1.00779
1.00443
1.00221
1.00237
1.00581
1.0127
1.02268
1.03506
1.04901
1.06347
1.07716
1.08874
1.09703
1.10147
1.10245
1.10139
1.10018
1.10021
1.10144
1.10252
1.1018
1.09835
1.09246
1.08578
1.08059
1.07855
1.07974
1.08273
1.08542
1.08597
1.08314
1.07643
1.06599
1.05273
1.03864
1.02706
1.02177
1.0245
1.03302
1.04263
1.04957
1.05298
1.05444
1.05635
1.06029
1.06651
1.07432
1.08273
1.09089
1.09845
1.10571
1.11308
1.12007
1.12489
1.12527
1.11973
1.10845
1.09355
1.07877
1.06828
1.0647
1.06785
1.07523
1.0838
1.09148
1.09744
1.10158
1.10386
1.10383
1.10069
1.09363
1.08239
1.0675
1.0501
1.03148
1.01259
0.994193
0.977443
0.96406
0.955697
0.953079
0.955964
0.963811
0.976294
0.99323
1.01415
1.038
1.06314
1.08758
1.10942
1.12705
1.13945
1.14622
1.14766
1.14451
1.1378
1.12858
1.11771
1.10592
1.09381
1.08204
1.07132
1.06243
1.05611
1.05297
1.05345
1.05775
1.0657
1.07659
1.08925
1.10214
1.11368
1.12248
1.12763
1.12887
1.12646
1.12109
1.11371
1.10557
1.09829
1.09389
1.09401
1.09907
1.10795
1.11883
1.12999
1.14009
1.14786
1.15197
1.15133
1.14559
1.13561
1.12324
1.11041
1.09809
1.08618
1.07423
1.06208
1.05011
1.03896
1.02928
1.02157
1.01618
1.01335
1.01306
1.01484
1.01767
1.02018
1.02089
1.01863
1.01285
1.00386
0.992925
0.982193
0.974432
0.972408
0.978009
0.991463
1.01101
1.0333
1.05431
1.0705
1.0796
1.08087
1.07512
1.0645
1.05218
1.04175
1.03616
1.03671
1.04271
1.05205
1.06236
1.07187
1.07951
1.89852
1.89337
1.88421
1.87038
1.85093
1.82456
1.78963
1.74432
1.68693
1.61631
1.53251
1.43759
1.3362
1.23551
1.1439
1.06889
1.01512
0.983574
0.97207
0.976423
0.991664
1.01289
1.03585
1.05723
1.07486
1.08776
1.09603
1.10065
1.10303
1.10453
1.1059
1.10712
1.10745
1.10563
1.10027
1.09027
1.07535
1.05651
1.03587
1.01607
0.999271
0.986512
0.977769
0.972631
0.970912
0.972788
0.978415
0.98745
0.998875
1.0111
1.02232
1.03091
1.03573
1.03619
1.03239
1.02529
1.01656
1.00823
1.00194
0.998377
0.997395
0.99854
1.00142
1.00572
1.01101
1.01652
1.02122
1.02414
1.02486
1.02382
1.02236
1.02212
1.02433
1.02926
1.03617
1.0437
1.05039
1.05528
1.05826
1.05995
1.06121
1.06239
1.06311
1.06253
1.06029
1.05695
1.05361
1.05128
1.05046
1.05118
1.05325
1.05626
1.0597
1.06288
1.06503
1.0655
1.0638
1.05967
1.05307
1.0441
1.03299
1.02
1.00541
0.989666
0.973678
0.958955
0.94741
0.940813
0.9403
0.946289
0.958368
0.975061
0.993872
1.012
1.02716
1.03793
1.0438
1.04494
1.04216
1.03669
1.03008
1.02379
1.01868
1.01472
1.01128
1.00779
1.00443
1.00221
1.00237
1.00581
1.0127
1.02268
1.03506
1.04901
1.06347
1.07716
1.08874
1.09703
1.10147
1.10245
1.10139
1.10018
1.10021
1.10144
1.10252
1.1018
1.09835
1.09246
1.08578
1.08059
1.07855
1.07974
1.08273
1.08542
1.08597
1.08314
1.07643
1.06599
1.05273
1.03864
1.02706
1.02177
1.0245
1.03302
1.04263
1.04957
1.05298
1.05444
1.05635
1.06029
1.06651
1.07432
1.08273
1.09089
1.09845
1.10571
1.11308
1.12007
1.12489
1.12527
1.11973
1.10845
1.09355
1.07877
1.06828
1.0647
1.06785
1.07523
1.0838
1.09148
1.09744
1.10158
1.10386
1.10383
1.10069
1.09363
1.08239
1.0675
1.0501
1.03148
1.01259
0.994193
0.977443
0.96406
0.955697
0.953079
0.955964
0.963811
0.976294
0.99323
1.01415
1.038
1.06314
1.08758
1.10942
1.12705
1.13945
1.14622
1.14766
1.14451
1.1378
1.12858
1.11771
1.10592
1.09381
1.08204
1.07132
1.06243
1.05611
1.05297
1.05345
1.05775
1.0657
1.07659
1.08925
1.10214
1.11368
1.12248
1.12763
1.12887
1.12646
1.12109
1.11371
1.10557
1.09829
1.09389
1.09401
1.09907
1.10795
1.11883
1.12999
1.14009
1.14786
1.15197
1.15133
1.14559
1.13561
1.12324
1.11041
1.09809
1.08618
1.07423
1.06208
1.05011
1.03896
1.02928
1.02157
1.01618
1.01335
1.01306
1.01484
1.01767
1.02018
1.02089
1.01863
1.01285
1.00386
0.992925
0.982193
0.974432
0.972408
0.978009
0.991463
1.01101
1.0333
1.05431
1.0705
1.0796
1.08087
1.07512
1.0645
1.05218
1.04175
1.03616
1.03671
1.04271
1.05205
1.06236
1.07187
1.07951
1.08458
1.08652
1.08489
1.07968
1.0716
1.06199
1.05218
1.04293
1.0342
1.02595
1.01908
1.01576
1.01847
1.02826
1.04378
1.06168
1.07804
1.08971
1.09485
1.09309
1.08532
1.07361
1.0608
1.05002
1.04376
1.04307
1.04715
1.05384
1.06034
1.06408
1.06316
1.05663
1.04473
1.02894
1.01166
0.995526
0.982789
0.974904
0.972513
0.975598
0.983629
0.995586
1.0099
1.02449
1.03702
1.04538
1.04813
1.04514
1.03783
1.02919
1.0228
1.0213
1.025
1.03184
1.0389
1.0441
1.04699
1.04855
1.05032
1.05354
1.0586
1.065
1.0717
1.07767
1.08226
1.0853
1.08696
1.08749
1.08713
1.08617
1.08506
1.08441
1.08474
1.08625
1.08863
1.09123
1.09331
1.09432
1.09406
1.09266
1.09053
1.08808
1.08566
1.08359
1.08202
1.08088
1.07986
1.07844
1.07612
1.07265
1.06814
1.06317
1.05858
1.05523
1.05359
1.05339
1.05367
1.0533
1.05189
1.0503
1.05018
1.05275
1.05787
1.06433
1.07074
1.07609
1.07988
1.08202
1.08292
1.08337
1.08449
1.08721
1.09199
1.0986
1.10619
1.11365
1.11986
1.12384
1.12483
1.12234
1.1163
1.10709
1.09555
1.08296
1.0708
1.06045
1.05304
1.04916
1.04883
1.05145
1.05593
1.06093
1.06522
1.06797
1.06894
1.06848
1.0674
1.06672
1.06732
1.06952
1.07278
1.07566
1.07608
1.07206
1.06265
1.04871
1.03321
1.02034
1.01378
1.01495
1.02304
1.03618
1.05267
1.07134
1.09135
1.11184
1.13179
1.15004
1.16553
1.17743
1.18522
1.1886
1.18738
1.18138
1.17056
1.15521
1.13604
1.11436
1.09201
1.07118
1.05395
1.04157
1.03404
1.03052
1.03028
1.03332
1.04027
1.05162
1.06683
1.08384
1.09935
1.10984
1.11287
1.10837
1.09935
1.091
1.08805
1.09224
1.10224
1.11496
1.12691
1.13498
1.13724
1.13318
1.12361
1.11026
1.0954
1.08149
1.07075
1.06469
1.06374
1.0671
1.07311
1.07974
1.08517
1.0881
1.08797
1.08457
1.07763
1.06691
1.05274
1.03682
1.02225
1.01272
1.01105
1.01814
1.03294
1.05322
1.07627
1.09936
1.12033
1.13808
1.15258
1.16452
1.17472
1.18351
1.19051
1.19472
1.1949
1.19011
1.17992
1.16467
1.14532
1.12321
1.09979
1.07657
1.05502
1.03658
1.02252
1.01358
1.00963
1.00968
1.01236
1.01645
1.02137
1.02717
1.03437
1.04342
1.05395
1.06453
1.07303
1.07742
1.07646
1.07003
1.0591
1.0455
1.03149
1.01887
1.0083
0.999324
0.99113
0.983398
0.976773
0.97284
0.973657
0.980698
0.993894
1.01155
1.03109
1.05006
1.06646
1.07877
1.08583
1.08709
1.08299
1.07501
1.06538
1.05642
1.04978
1.04591
1.04403
1.04262
1.04017
1.0357
1.02896
1.02016
1.00963
0.997677
0.984804
0.972228
0.962167
0.957396
0.959945
0.969674
0.98407
0.999717
1.014
1.02589
1.0358
1.04481
1.0538
1.06296
1.07177
1.07932
1.0848
1.08785
1.08858
1.08743
1.08499
1.08173
1.07792
1.07348
1.06807
1.06135
1.05338
1.04492
1.03733
1.03231
1.03127
1.03484
1.04248
1.05264
1.06294
1.07077
1.07359
1.06949
1.05763
1.03877
1.01564
0.99234
0.972969
0.959801
0.952784
0.950446
0.951325
0.954727
0.960732
0.969745
0.981993
0.997148
1.01429
1.03214
1.04942
1.06505
1.07803
1.0872
1.09108
1.08837
1.07875
1.06346
1.04542
1.02865
1.01721
1.01385
1.01941
1.03291
1.05215
1.07418
1.0958
1.11397
1.1263
1.13151
1.12963
1.12177
1.10987
1.09637
1.08402
1.07543
1.07227
1.07449
1.08026
1.08686
1.09204
1.09507
1.09677
1.09876
1.10195
1.1056
1.10749
1.10518
1.09717
1.08352
1.06582
1.04688
1.03004
1.01841
1.01402
1.01721
1.02668
1.04006
1.05466
1.06792
1.07774
1.08266
1.08207
1.07639
1.06703
1.05627
1.0468
1.04106
1.04066
1.04603
1.0564
1.07022
1.08556
1.10042
1.11304
1.12194
1.12598
1.1245
1.11741
1.10519
1.0888
1.0694
1.04826
1.02685
1.0069
0.990279
0.978648
0.972737
0.971936
0.974513
0.978411
0.982143
0.98525
0.988287
0.99239
0.99852
1.00652
1.01482
1.02148
1.02582
1.02922
1.03444
1.04379
1.05756
1.07365
1.08868
1.09925
1.1029
1.09843
1.08614
1.06789
1.04711
1.02842
1.01642
1.01412
1.02197
1.03786
1.05832
1.07976
1.09943
1.11572
1.12819
1.13732
1.14401
1.14901
1.15244
1.15375
1.15202
1.14629
1.13578
1.11995
1.09858
1.07206
1.0418
1.01032
0.981005
0.957297
0.941565
0.93418
0.933547
0.937084
0.942436
0.948153
0.953923
0.960323
0.96851
0.979793
0.995155
1.0147
1.03736
1.06111
1.08361
1.10284
1.11742
1.12662
1.13021
1.1283
1.12123
1.10963
1.0946
1.07793
1.06165
1.04734
1.03547
1.02543
1.01622
1.0073
0.999002
0.992398
0.988553
0.987895
0.989981
0.993779
0.998161
1.00213
1.00486
1.00582
1.0052
1.0044
1.00585
1.012
1.02368
1.03926
1.0557
1.07033
1.08193
1.09055
1.0968
1.10128
1.10433
1.10618
1.10703
1.10718
1.10709
1.10732
1.10835
1.11034
1.11296
1.1156
1.11752
1.11817
1.11732
1.11524
1.11268
1.11066
1.10998
1.1109
1.11311
1.11602
1.11893
1.12107
1.12158
1.11961
1.11454
1.10621
1.09515
1.08252
1.06959
1.05719
1.04517
1.03289
1.02033
1.00928
1.00331
1.00552
1.01572
1.03037
1.04545
1.05876
1.06996
1.07931
1.08679
1.09202
1.09454
1.09413
1.09077
1.08447
1.07525
1.06321
1.04879
1.03316
1.01849
1.00765
1.00313
1.00555
1.01303
1.0219
1.02844
1.03014
1.02617
1.01732
1.00561
0.993662
0.983756
0.977184
0.974434
0.975922
0.982519
0.995079
1.01366
1.03704
1.06294
1.08859
1.11134
1.12931
1.14162
1.14837
1.15021
1.14765
1.1407
1.12913
1.11299
1.09312
1.0712
1.04938
1.02963
1.01332
1.00126
0.993964
0.991543
0.993411
0.998346
1.00502
1.01253
1.02044
1.0285
1.0365
1.04423
1.05164
1.05892
1.06626
1.07357
1.0801
1.08448
1.08534
1.0821
1.07566
1.06854
1.0641
1.06497
1.07147
1.08132
1.09091
1.09687
1.09724
1.09184
1.08191
1.06929
1.05558
1.04209
1.0304
1.02279
1.0218
1.02899
1.04364
1.06257
1.08154
1.09668
1.10555
1.10726
1.10213
1.09128
1.07603
1.05745
1.03627
1.01313
0.989059
0.965725
0.945177
0.929204
0.918601
0.913056
0.911788
0.914313
0.92054
0.930041
0.941477
0.953109
0.96393
0.974064
0.984138
0.994451
1.00473
1.01462
1.02407
1.03333
1.04239
1.05047
1.05596
1.05704
1.05249
1.04234
1.02831
1.01367
1.00254
0.998319
1.00204
1.01188
1.02425
1.03567
1.04417
1.04992
1.0546
1.05996
1.06657
1.07348
1.07882
1.08078
1.89852
1.89337
1.88421
1.87038
1.85093
1.82456
1.78963
1.74432
1.68693
1.61631
1.53251
1.43759
1.3362
1.23551
1.1439
1.06889
1.01512
0.983574
0.97207
0.976423
0.991664
1.01289
1.03585
1.05723
1.07486
1.08776
1.09603
1.10065
1.10303
1.10453
1.1059
1.10712
1.10745
1.10563
1.10027
1.09027
1.07535
1.05651
1.89852
1.89337
1.88421
1.87038
1.85093
1.82456
1.78963
1.74432
1.68693
1.61631
1.53251
1.43759
1.3362
1.23551
1.1439
1.06889
1.01512
0.983574
0.97207
0.976423
0.991664
1.01289
1.03585
1.05723
1.07486
1.89852
1.89337
1.88421
1.87038
1.85093
1.82456
1.78963
1.74432
1.68693
1.61631
1.53251
1.43759
1.3362
1.23551
1.1439
1.06889
1.01512
0.983574
0.97207
0.976423
1.89852
1.89337
1.88421
1.87038
1.85093
1.82456
1.78963
1.74432
1.68693
1.61631
1.53251
1.43759
1.3362
1.23551
1.1439
1.06889
1.01512
0.983574
0.97207
0.976423
0.991664
1.01289
1.03585
1.05723
1.07486
1.08776
1.09603
1.10065
1.10303
1.10453
1.1059
1.10712
1.10745
1.10563
1.10027
1.09027
1.07535
1.05651
1.03587
1.01607
0.999271
0.986512
0.977769
0.972631
0.970912
0.972788
0.978415
0.98745
0.998875
1.0111
1.02232
1.03091
1.03573
1.03619
1.03239
1.02529
1.01656
1.00823
1.00194
0.998377
0.997395
0.99854
1.00142
1.00572
1.01101
1.89852
1.89337
1.88421
1.87038
1.85093
1.82456
1.78963
1.74432
1.68693
1.61631
1.53251
1.43759
1.3362
1.23551
1.1439
1.06889
1.01512
0.983574
0.97207
0.976423
0.991664
1.89852
1.89337
1.88421
1.87038
1.85093
1.82456
1.78963
1.74432
1.68693
1.61631
1.53251
1.43759
1.3362
1.23551
1.1439
1.06889
1.01512
0.983574
1.89852
1.89337
1.88421
1.87038
1.85093
1.82456
1.78963
1.74432
1.68693
1.61631
1.53251
1.43759
1.3362
1.23551
1.1439
1.06889
1.01512
0.983574
0.97207
0.976423
0.991664
1.01289
1.03585
1.05723
1.07486
1.08776
1.09603
1.10065
1.10303
1.89852
1.89337
1.88421
1.87038
1.85093
1.82456
1.78963
1.74432
1.68693
1.61631
1.53251
1.43759
1.3362
1.23551
1.1439
1.06889
1.01512
0.983574
0.97207
0.976423
0.991664
1.01289
1.03585
1.05723
1.07486
1.08776
1.09603
1.10065
1.10303
1.10453
1.1059
1.10712
1.10745
1.10563
1.10027
1.09027
1.07535
1.05651
1.03587
1.01607
0.999271
0.986512
0.977769
0.972631
0.970912
0.972788
0.978415
0.98745
0.998875
1.0111
1.02232
1.03091
1.03573
1.03619
1.03239
1.02529
1.01656
1.00823
1.00194
0.998377
0.997395
0.99854
1.89852
1.89337
1.88421
1.87038
1.85093
1.82456
1.78963
1.74432
1.68693
1.61631
1.53251
1.43759
1.3362
1.23551
1.1439
1.06889
1.01512
0.983574
0.97207
0.976423
0.991664
1.01289
1.03585
1.05723
1.07486
1.08776
1.09603
1.10065
1.10303
1.10453
1.1059
1.10712
1.10745
1.10563
1.10027
1.09027
1.07535
1.05651
1.03587
1.01607
0.999271
0.986512
0.977769
0.972631
0.970912
0.972788
0.978415
0.98745
0.998875
1.0111
1.02232
1.03091
1.03573
1.03619
1.03239
1.02529
1.01656
1.00823
1.00194
0.998377
0.997395
0.99854
1.00142
1.00572
1.01101
1.01652
1.02122
1.02414
1.02486
1.02382
1.02236
1.02212
1.02433
1.02926
1.03617
1.0437
1.05039
1.05528
1.05826
1.05995
1.06121
1.06239
1.06311
1.06253
1.06029
1.05695
1.05361
1.05128
1.05046
1.05118
1.05325
1.05626
1.0597
1.06288
1.06503
1.0655
1.0638
1.05967
1.05307
1.0441
1.03299
1.02
1.00541
0.989666
0.973678
0.958955
0.94741
0.940813
0.9403
0.946289
0.958368
0.975061
0.993872
1.012
1.02716
1.03793
1.0438
1.04494
1.04216
1.03669
1.03008
1.02379
1.01868
1.01472
1.01128
1.00779
1.00443
1.00221
1.00237
1.00581
1.0127
1.02268
1.03506
1.04901
1.06347
1.07716
1.08874
1.09703
1.10147
1.10245
1.10139
1.10018
1.10021
1.10144
1.10252
1.1018
1.09835
1.09246
1.89852
1.89337
1.88421
1.87038
1.85093
1.82456
1.78963
1.74432
1.68693
1.61631
1.53251
1.43759
1.3362
1.23551
1.1439
1.06889
1.01512
0.983574
0.97207
0.976423
0.991664
1.01289
1.03585
1.05723
1.07486
1.08776
1.09603
1.10065
1.10303
1.10453
1.1059
1.10712
1.10745
1.10563
1.10027
1.09027
1.07535
1.05651
1.03587
1.01607
0.999271
0.986512
0.977769
0.972631
0.970912
0.972788
0.978415
0.98745
0.998875
1.0111
1.02232
1.03091
1.03573
1.03619
1.03239
1.02529
1.01656
1.00823
1.00194
0.998377
0.997395
0.99854
1.00142
1.00572
1.01101
1.01652
1.02122
1.02414
1.02486
1.02382
1.02236
1.02212
1.02433
1.02926
1.03617
1.0437
1.05039
1.05528
1.05826
1.05995
1.06121
1.06239
1.06311
1.06253
1.06029
1.05695
1.05361
1.05128
1.05046
1.05118
1.05325
1.05626
1.0597
1.06288
1.06503
1.0655
1.0638
1.05967
1.05307
1.0441
1.03299
1.02
1.00541
0.989666
0.973678
0.958955
0.94741
0.940813
0.9403
0.946289
0.958368
0.975061
0.993872
1.012
1.02716
1.03793
1.0438
1.04494
1.04216
1.03669
1.03008
1.02379
1.01868
1.01472
1.01128
1.00779
1.00443
1.00221
1.00237
1.00581
1.0127
1.02268
1.03506
1.04901
1.06347
1.07716
1.08874
1.09703
1.10147
1.10245
1.10139
1.10018
1.10021
1.10144
1.10252
1.1018
1.09835
1.09246
1.08578
1.08059
1.07855
1.07974
1.08273
1.08542
1.08597
1.08314
1.07643
1.06599
1.05273
1.03864
1.02706
1.02177
1.0245
1.03302
1.04263
1.04957
1.05298
1.05444
1.05635
1.06029
1.06651
1.07432
1.08273
1.09089
1.09845
1.10571
1.11308
1.12007
1.12489
1.12527
1.11973
1.10845
1.09355
1.07877
1.06828
1.0647
1.06785
1.07523
1.0838
1.09148
1.09744
1.10158
1.10386
1.10383
1.10069
1.09363
1.08239
1.0675
1.0501
1.03148
1.01259
0.994193
0.977443
0.96406
0.955697
0.953079
0.955964
0.963811
0.976294
0.99323
1.01415
1.038
1.06314
1.08758
1.10942
1.12705
1.13945
1.14622
1.14766
1.14451
1.1378
1.12858
1.11771
1.10592
1.09381
1.08204
1.07132
1.06243
1.05611
1.05297
1.05345
1.05775
1.0657
1.07659
1.08925
1.10214
1.11368
1.12248
1.12763
1.12887
1.12646
1.12109
1.11371
1.10557
1.09829
1.09389
1.09401
1.09907
1.10795
1.11883
1.12999
1.14009
1.14786
1.15197
1.15133
1.14559
1.13561
1.12324
1.11041
1.09809
1.08618
1.07423
1.06208
1.05011
1.03896
1.02928
1.02157
1.01618
1.01335
1.01306
1.01484
1.01767
1.02018
1.02089
1.01863
1.01285
1.00386
0.992925
0.982193
0.974432
0.972408
0.978009
0.991463
1.01101
1.0333
1.05431
1.0705
1.0796
1.08087
1.07512
1.0645
1.05218
1.04175
1.03616
1.03671
1.04271
1.05205
1.06236
1.07187
1.07951
1.08458
1.08652
1.08489
1.07968
1.0716
1.06199
1.05218
1.04293
1.0342
1.02595
1.01908
1.01576
1.01847
1.02826
1.04378
1.06168
1.07804
1.08971
1.09485
1.09309
1.08532
1.07361
1.0608
1.05002
1.04376
1.04307
1.04715
1.05384
1.06034
1.06408
1.06316
1.05663
1.04473
1.02894
1.01166
0.995526
0.982789
0.974904
0.972513
0.975598
0.983629
0.995586
1.0099
1.02449
1.03702
1.04538
1.04813
1.04514
1.03783
1.02919
1.0228
1.0213
1.025
1.03184
1.0389
1.0441
1.04699
1.04855
1.05032
1.05354
1.0586
1.065
1.0717
1.07767
1.08226
1.0853
1.08696
1.08749
1.08713
1.08617
1.08506
1.08441
1.08474
1.08625
1.08863
1.09123
1.09331
1.09432
1.09406
1.09266
1.09053
1.08808
1.08566
1.08359
1.08202
1.08088
1.07986
1.07844
1.07612
1.07265
1.06814
1.06317
1.05858
1.05523
1.05359
1.05339
1.05367
1.0533
1.05189
1.0503
1.05018
1.05275
1.05787
1.06433
1.07074
1.07609
1.07988
1.08202
1.08292
1.08337
1.08449
1.08721
1.09199
1.0986
1.10619
1.11365
1.11986
1.12384
1.12483
1.12234
1.1163
1.10709
1.09555
1.08296
1.0708
1.06045
1.05304
1.04916
1.04883
1.05145
1.05593
1.06093
1.06522
1.06797
1.06894
1.06848
1.0674
1.06672
1.06732
1.06952
1.07278
1.07566
1.07608
1.07206
1.06265
1.04871
1.03321
1.02034
1.01378
1.01495
1.02304
1.03618
1.05267
1.07134
1.09135
1.11184
1.13179
1.15004
1.16553
1.17743
1.18522
1.1886
1.18738
1.18138
1.17056
1.15521
1.13604
1.11436
1.09201
1.07118
1.05395
1.04157
1.03404
1.03052
1.03028
1.03332
1.04027
1.05162
1.06683
1.08384
1.09935
1.10984
1.11287
1.10837
1.09935
1.091
1.08805
1.09224
1.10224
1.11496
1.12691
1.13498
1.13724
1.13318
1.12361
1.11026
1.0954
1.08149
1.07075
1.06469
1.06374
1.0671
1.07311
1.07974
1.08517
1.0881
1.08797
1.08457
1.07763
1.06691
1.05274
1.03682
1.02225
1.01272
1.01105
1.01814
1.03294
1.05322
1.07627
1.09936
1.12033
1.13808
1.15258
1.16452
1.17472
1.18351
1.19051
1.19472
1.1949
1.19011
1.17992
1.16467
1.14532
1.12321
1.09979
1.07657
1.05502
1.03658
1.02252
1.01358
1.00963
1.00968
1.01236
1.01645
1.02137
1.02717
1.03437
1.04342
1.05395
1.06453
1.07303
1.07742
1.07646
1.07003
1.0591
1.0455
1.03149
1.01887
1.0083
0.999324
0.99113
0.983398
0.976773
0.97284
0.973657
0.980698
0.993894
1.01155
1.03109
1.05006
1.06646
1.07877
1.08583
1.08709
1.08299
1.07501
1.06538
1.05642
1.04978
1.04591
1.04403
1.04262
1.04017
1.0357
1.02896
1.02016
1.00963
0.997677
0.984804
0.972228
0.962167
0.957396
0.959945
0.969674
0.98407
0.999717
1.014
1.02589
1.0358
1.04481
1.0538
1.06296
1.07177
1.07932
1.0848
1.08785
1.08858
1.08743
1.08499
1.08173
1.07792
1.07348
1.06807
1.06135
1.05338
1.04492
1.03733
1.03231
1.03127
1.03484
1.04248
1.05264
1.06294
1.07077
1.07359
1.06949
1.05763
1.03877
1.01564
0.99234
0.972969
0.959801
0.952784
0.950446
0.951325
0.954727
0.960732
0.969745
0.981993
0.997148
1.01429
1.03214
1.04942
1.06505
1.07803
1.0872
1.09108
1.08837
1.07875
1.06346
1.04542
1.02865
1.01721
1.01385
1.01941
1.03291
1.05215
1.07418
1.0958
1.11397
1.1263
1.13151
1.12963
1.12177
1.10987
1.09637
1.08402
1.07543
1.07227
1.07449
1.08026
1.08686
1.09204
1.09507
1.09677
1.09876
1.10195
1.1056
1.10749
1.10518
1.09717
1.08352
1.06582
1.04688
1.03004
1.01841
1.01402
1.01721
1.02668
1.04006
1.05466
1.06792
1.07774
1.08266
1.08207
1.07639
1.06703
1.05627
1.0468
1.04106
1.04066
1.04603
1.0564
1.07022
1.08556
1.10042
1.11304
1.12194
1.12598
1.1245
1.11741
1.10519
1.0888
1.0694
1.04826
1.02685
1.0069
0.990279
0.978648
0.972737
0.971936
0.974513
0.978411
0.982143
0.98525
0.988287
0.99239
0.99852
1.00652
1.01482
1.02148
1.02582
1.02922
1.03444
1.04379
1.05756
1.07365
1.08868
1.09925
1.1029
1.09843
1.08614
1.06789
1.04711
1.02842
1.01642
1.01412
1.02197
1.03786
1.05832
1.07976
1.09943
1.11572
1.12819
1.13732
1.14401
1.14901
1.15244
1.15375
1.15202
1.14629
1.13578
1.11995
1.09858
1.07206
1.0418
1.01032
0.981005
0.957297
0.941565
0.93418
0.933547
0.937084
0.942436
0.948153
0.953923
0.960323
0.96851
0.979793
0.995155
1.0147
1.03736
1.06111
1.08361
1.10284
1.11742
1.12662
1.13021
1.1283
1.12123
1.10963
1.0946
1.07793
1.06165
1.04734
1.03547
1.02543
1.01622
1.0073
0.999002
0.992398
0.988553
0.987895
0.989981
0.993779
0.998161
1.00213
1.00486
1.00582
1.0052
1.0044
1.00585
1.012
1.02368
1.03926
1.0557
1.07033
1.08193
1.09055
1.0968
1.10128
1.10433
1.10618
1.10703
1.10718
1.10709
1.10732
1.10835
1.11034
1.11296
1.1156
1.11752
1.11817
1.11732
1.11524
1.11268
1.11066
1.10998
1.1109
1.11311
1.11602
1.11893
1.12107
1.12158
1.11961
1.11454
1.10621
1.09515
1.08252
1.06959
1.05719
1.04517
1.03289
1.02033
1.00928
1.00331
1.00552
1.01572
1.03037
1.04545
1.05876
1.06996
1.07931
1.08679
1.09202
1.09454
1.09413
1.09077
1.08447
1.07525
1.06321
1.04879
1.03316
1.01849
1.00765
1.00313
1.00555
1.01303
1.0219
1.02844
1.03014
1.02617
1.01732
1.00561
0.993662
0.983756
0.977184
0.974434
0.975922
0.982519
0.995079
1.01366
1.03704
1.06294
1.08859
1.11134
1.12931
1.14162
1.14837
1.15021
1.14765
1.1407
1.12913
1.11299
1.09312
1.0712
1.04938
1.02963
1.01332
1.00126
0.993964
0.991543
0.993411
0.998346
1.00502
1.01253
1.02044
1.0285
1.0365
1.04423
1.05164
1.05892
1.06626
1.07357
1.0801
1.08448
1.08534
1.0821
1.07566
1.06854
1.0641
1.06497
1.07147
1.08132
1.09091
1.09687
1.09724
1.09184
1.08191
1.06929
1.05558
1.04209
1.0304
1.02279
1.0218
1.02899
1.04364
1.06257
1.08154
1.09668
1.10555
1.10726
1.10213
1.09128
1.07603
1.05745
1.03627
1.01313
0.989059
0.965725
0.945177
0.929204
0.918601
0.913056
0.911788
0.914313
0.92054
0.930041
0.941477
0.953109
0.96393
0.974064
0.984138
0.994451
1.00473
1.01462
1.02407
1.03333
1.04239
1.05047
1.05596
1.05704
1.05249
1.04234
1.02831
1.01367
1.00254
0.998319
1.00204
1.01188
1.02425
1.03567
1.04417
1.04992
1.0546
1.05996
1.06657
1.07348
1.07882
1.08078
1.89852
1.89337
1.88421
1.87038
1.85093
1.82456
1.78963
1.74432
1.68693
1.61631
1.53251
1.43759
1.3362
1.23551
1.1439
1.06889
1.01512
0.983574
0.97207
0.976423
0.991664
1.01289
1.03585
1.05723
1.07486
1.08776
1.09603
1.10065
1.10303
1.10453
1.1059
1.10712
1.10745
1.10563
1.10027
1.09027
1.07535
1.05651
1.03587
1.01607
0.999271
0.986512
0.977769
0.972631
0.970912
0.972788
0.978415
0.98745
0.998875
1.0111
1.02232
1.03091
1.03573
1.03619
1.03239
1.02529
1.01656
1.00823
1.00194
0.998377
0.997395
0.99854
1.00142
1.00572
1.01101
1.01652
1.02122
1.02414
1.02486
1.02382
1.02236
1.02212
1.02433
1.02926
1.03617
1.0437
1.05039
1.05528
1.05826
1.05995
1.06121
1.06239
1.06311
1.06253
1.06029
1.05695
1.05361
1.05128
1.05046
1.05118
1.05325
1.05626
1.0597
1.06288
1.06503
1.0655
1.0638
1.05967
1.05307
1.0441
1.03299
1.02
1.00541
0.989666
0.973678
0.958955
0.94741
0.940813
0.9403
0.946289
0.958368
0.975061
0.993872
1.012
1.02716
1.03793
1.0438
1.04494
1.04216
1.03669
1.03008
1.02379
1.01868
1.01472
1.01128
1.00779
1.00443
1.00221
1.00237
1.00581
1.0127
1.02268
1.03506
1.04901
1.06347
1.07716
1.08874
1.09703
1.10147
1.10245
1.10139
1.10018
1.10021
1.10144
1.10252
1.1018
1.09835
1.09246
1.08578
1.08059
1.07855
1.07974
1.08273
1.08542
1.08597
1.08314
1.07643
1.06599
1.05273
1.03864
1.02706
1.02177
1.0245
1.03302
1.04263
1.04957
1.05298
1.05444
1.05635
1.06029
1.06651
1.07432
1.08273
1.09089
1.09845
1.10571
1.11308
1.12007
1.12489
1.12527
1.11973
1.10845
1.09355
1.07877
1.06828
1.0647
1.06785
1.07523
1.0838
1.09148
1.09744
1.10158
1.10386
1.10383
1.10069
1.09363
1.08239
1.0675
1.0501
1.03148
1.01259
0.994193
0.977443
0.96406
0.955697
0.953079
0.955964
0.963811
0.976294
0.99323
1.01415
1.038
1.06314
1.08758
1.10942
1.12705
1.13945
1.14622
1.14766
1.14451
1.1378
1.12858
1.11771
1.10592
1.09381
1.08204
1.07132
1.06243
1.05611
1.05297
1.05345
1.05775
1.0657
1.07659
1.08925
1.10214
1.11368
1.12248
1.12763
1.12887
1.12646
1.12109
1.11371
1.10557
1.09829
1.09389
1.09401
1.09907
1.10795
1.11883
1.12999
1.14009
1.14786
1.15197
1.15133
1.14559
1.13561
1.12324
1.11041
1.09809
1.08618
1.07423
1.06208
1.05011
1.03896
1.02928
1.02157
1.01618
1.01335
1.01306
1.01484
1.01767
1.02018
1.02089
1.01863
1.01285
1.00386
0.992925
0.982193
0.974432
0.972408
0.978009
0.991463
1.01101
1.0333
1.05431
1.0705
1.0796
1.08087
1.07512
1.0645
1.05218
1.04175
1.03616
1.03671
1.04271
1.05205
1.06236
1.07187
1.07951
1.08458
1.08652
1.08489
1.07968
1.0716
1.06199
1.05218
1.04293
1.0342
1.02595
1.01908
1.01576
1.01847
1.02826
1.04378
1.06168
1.07804
1.08971
1.09485
1.09309
1.08532
1.07361
1.0608
1.05002
1.04376
1.04307
1.04715
1.05384
1.06034
1.06408
1.06316
1.05663
1.04473
1.02894
1.01166
0.995526
0.982789
0.974904
0.972513
0.975598
0.983629
0.995586
1.0099
1.02449
1.03702
1.04538
1.04813
1.04514
1.03783
1.02919
1.0228
1.0213
1.025
1.03184
1.0389
1.0441
1.04699
1.04855
1.05032
1.05354
1.0586
1.065
1.0717
1.07767
1.08226
1.0853
1.08696
1.08749
1.08713
1.08617
1.08506
1.08441
1.08474
1.08625
1.08863
1.09123
1.09331
1.09432
1.09406
1.09266
1.09053
1.08808
1.08566
1.08359
1.08202
1.08088
1.07986
1.07844
1.07612
1.07265
1.06814
1.06317
1.05858
1.05523
1.05359
1.05339
1.05367
1.0533
1.05189
1.0503
1.05018
1.05275
1.05787
1.06433
1.07074
1.07609
1.07988
1.08202
1.08292
1.08337
1.08449
1.08721
1.09199
1.0986
1.10619
1.11365
1.11986
1.12384
1.12483
1.12234
1.1163
1.10709
1.09555
1.08296
1.0708
1.06045
1.05304
1.04916
1.04883
1.05145
1.05593
1.06093
1.06522
1.06797
1.06894
1.06848
1.0674
1.06672
1.06732
1.06952
1.07278
1.07566
1.07608
1.07206
1.06265
1.04871
1.03321
1.02034
1.01378
1.01495
1.02304
1.03618
1.05267
1.07134
1.09135
1.11184
1.13179
1.15004
1.16553
1.17743
1.18522
1.1886
1.18738
1.18138
1.17056
1.15521
1.13604
1.11436
1.09201
1.07118
1.05395
1.04157
1.03404
1.03052
1.03028
1.03332
1.04027
1.05162
1.06683
1.08384
1.09935
1.10984
1.11287
1.10837
1.09935
1.091
1.08805
1.09224
1.10224
1.11496
1.12691
1.13498
1.13724
1.13318
1.12361
1.11026
1.0954
1.08149
1.07075
1.06469
1.06374
1.0671
1.07311
1.07974
1.08517
1.0881
1.08797
1.08457
1.07763
1.06691
1.05274
1.03682
1.02225
1.01272
1.01105
1.01814
1.03294
1.05322
1.07627
1.09936
1.12033
1.13808
1.15258
1.16452
1.17472
1.18351
1.19051
1.19472
1.1949
1.19011
1.17992
1.16467
1.14532
1.12321
1.09979
1.07657
1.05502
1.03658
1.02252
1.01358
1.00963
1.00968
1.01236
1.01645
1.02137
1.02717
1.03437
1.04342
1.05395
1.06453
1.07303
1.07742
1.07646
1.07003
1.0591
1.0455
1.03149
1.01887
1.0083
0.999324
0.99113
0.983398
0.976773
0.97284
0.973657
0.980698
0.993894
1.01155
1.03109
1.05006
1.06646
1.07877
1.08583
1.08709
1.08299
1.07501
1.06538
1.05642
1.04978
1.04591
1.04403
1.04262
1.04017
1.0357
1.02896
1.02016
1.00963
0.997677
0.984804
0.972228
0.962167
0.957396
0.959945
0.969674
0.98407
0.999717
1.014
1.02589
1.0358
1.04481
1.0538
1.06296
1.07177
1.07932
1.0848
1.08785
1.08858
1.08743
1.08499
1.08173
1.07792
1.07348
1.06807
1.06135
1.05338
1.04492
1.03733
1.03231
1.03127
1.03484
1.04248
1.05264
1.06294
1.07077
1.07359
1.06949
1.05763
1.03877
1.01564
0.99234
0.972969
0.959801
0.952784
0.950446
0.951325
0.954727
0.960732
0.969745
0.981993
0.997148
1.01429
1.03214
1.04942
1.06505
1.07803
1.0872
1.09108
1.08837
1.07875
1.06346
1.04542
1.02865
1.01721
1.01385
1.01941
1.03291
1.05215
1.07418
1.0958
1.11397
1.1263
1.13151
1.12963
1.12177
1.10987
1.09637
1.08402
1.07543
1.07227
1.07449
1.08026
1.08686
1.09204
1.09507
1.09677
1.09876
1.10195
1.1056
1.10749
1.10518
1.09717
1.08352
1.06582
1.04688
1.03004
1.01841
1.01402
1.01721
1.02668
1.04006
1.05466
1.06792
1.07774
1.08266
1.08207
1.07639
1.06703
1.05627
1.0468
1.04106
1.04066
1.04603
1.0564
1.07022
1.08556
1.10042
1.11304
1.12194
1.12598
1.1245
1.11741
1.10519
1.0888
1.0694
1.04826
1.02685
1.0069
0.990279
0.978648
0.972737
0.971936
0.974513
0.978411
0.982143
0.98525
0.988287
0.99239
0.99852
1.00652
1.01482
1.02148
1.02582
1.02922
1.03444
1.04379
1.05756
1.07365
1.08868
1.09925
1.1029
1.09843
1.08614
1.06789
1.04711
1.02842
1.01642
1.01412
1.02197
1.03786
1.05832
1.07976
1.09943
1.11572
1.12819
1.13732
1.14401
1.14901
1.15244
1.15375
1.15202
1.14629
1.13578
1.11995
1.09858
1.07206
1.0418
1.01032
0.981005
0.957297
0.941565
0.93418
0.933547
0.937084
0.942436
0.948153
0.953923
0.960323
0.96851
0.979793
0.995155
1.0147
1.03736
1.06111
1.08361
1.10284
1.11742
1.12662
1.13021
1.1283
1.12123
1.10963
1.0946
1.07793
1.06165
1.04734
1.03547
1.02543
1.01622
1.0073
0.999002
0.992398
0.988553
0.987895
0.989981
0.993779
0.998161
1.00213
1.00486
1.00582
1.0052
1.0044
1.00585
1.012
1.02368
1.03926
1.0557
1.07033
1.08193
1.09055
1.0968
1.10128
1.10433
1.10618
1.10703
1.10718
1.10709
1.10732
1.10835
1.11034
1.11296
1.1156
1.11752
1.11817
1.11732
1.11524
1.11268
1.11066
1.10998
1.1109
1.11311
1.11602
1.11893
1.12107
1.12158
1.11961
1.11454
1.10621
1.09515
1.08252
1.06959
1.05719
1.04517
1.03289
1.02033
1.00928
1.00331
1.00552
1.01572
1.03037
1.04545
1.05876
1.06996
1.07931
1.08679
1.09202
1.09454
1.09413
1.09077
1.08447
1.07525
1.06321
1.04879
1.03316
1.01849
1.00765
1.00313
1.00555
1.01303
1.0219
1.02844
1.03014
1.02617
1.01732
1.00561
0.993662
0.983756
0.977184
0.974434
0.975922
0.982519
0.995079
1.01366
1.03704
1.06294
1.08859
1.11134
1.12931
1.14162
1.14837
1.15021
1.14765
1.1407
1.12913
1.11299
1.09312
1.0712
1.04938
1.02963
1.01332
1.00126
0.993964
0.991543
0.993411
0.998346
1.00502
1.01253
1.02044
1.0285
1.0365
1.04423
1.05164
1.05892
1.06626
1.07357
1.0801
1.08448
1.08534
1.0821
1.07566
1.06854
1.0641
1.06497
1.07147
1.08132
1.09091
1.09687
1.09724
1.09184
1.08191
1.06929
1.05558
1.04209
1.0304
1.02279
1.0218
1.02899
1.04364
1.06257
1.08154
1.09668
1.10555
1.10726
1.10213
1.09128
1.07603
1.05745
1.03627
1.01313
0.989059
0.965725
0.945177
0.929204
0.918601
0.913056
0.911788
0.914313
0.92054
0.930041
0.941477
0.953109
0.96393
0.974064
0.984138
0.994451
1.00473
1.01462
1.02407
1.03333
1.04239
1.05047
1.05596
1.05704
1.05249
1.04234
1.02831
1.01367
1.00254
0.998319
1.00204
1.01188
1.02425
1.03567
1.04417
1.04992
1.0546
1.05996
1.06657
1.07348
1.07882
1.08078
1.07832
1.07135
1.06066
1.04779
1.03478
1.02384
1.0168
1.01453
1.01668
1.0219
1.02831
1.0341
1.0379
1.03886
1.03685
1.03245
1.02689
1.02169
1.01814
1.01681
1.01744
1.01913
1.02093
1.02213
1.0226
1.02275
1.02339
1.02531
1.02868
1.03256
1.03497
1.03372
1.02734
1.01566
0.999906
0.982261
0.965232
0.951015
0.941064
0.935925
0.935395
0.938883
0.945636
0.95486
0.965703
0.977333
0.98909
1.00052
1.01128
1.02099
1.02928
1.03591
1.04097
1.04478
1.04765
1.04962
1.05044
1.05007
1.04909
1.04866
1.04984
1.05285
1.05676
1.05979
1.05992
1.0556
1.04621
1.03238
1.01603
0.999979
0.987099
0.979273
0.976631
0.977672
0.980157
0.982053
0.98206
0.979612
0.974567
0.967163
0.958235
0.949468
0.943102
0.941109
0.944429
0.952708
0.96455
0.978024
0.991188
1.00247
1.01086
1.01596
1.018
1.01779
1.01662
1.01592
1.01684
1.02001
1.02548
1.03296
1.04197
1.05192
1.06222
1.07228
1.08169
1.0901
1.09704
1.1019
1.1041
1.10334
1.09981
1.09422
1.08748
1.08038
1.07341
1.06667
1.05993
1.05289
1.04532
1.03726
1.02911
1.02163
1.01578
1.01252
1.01241
1.01535
1.02053
1.02681
1.03314
1.03885
1.04378
1.04815
1.05236
1.05675
1.06127
1.0655
1.06904
1.07196
1.07481
1.07816
1.08218
1.08664
1.09129
1.09614
1.1014
1.10717
1.11297
1.11777
1.12029
1.11937
1.11436
1.10512
1.09206
1.0762
1.05928
1.04363
1.03183
1.02604
1.02748
1.03611
1.05068
1.06918
1.08931
1.10885
1.12576
1.13825
1.14484
1.14461
1.13733
1.12343
1.10391
1.08018
1.05407
1.02779
1.00403
0.985647
0.975069
0.973554
0.980807
0.995278
1.01471
1.03657
1.05827
1.07765
1.09336
1.10502
1.11298
1.11776
1.11961
1.11843
1.11413
1.10691
1.09726
1.08565
1.07231
1.05726
1.04072
1.02335
1.0065
0.992026
0.981932
0.977758
0.979936
0.987552
0.998621
1.01081
1.02217
1.03159
1.03873
1.04367
1.04658
1.04761
1.04708
1.04558
1.04367
1.04145
1.03836
1.03368
1.02706
1.01878
1.00944
0.999624
0.989788
0.980889
0.975149
0.975953
0.985869
1.00421
1.02693
1.04907
1.06689
1.07854
1.08352
1.08202
1.07448
1.06133
1.04307
1.02056
0.995745
0.97219
0.954757
0.947517
0.951161
0.962309
0.975388
0.985522
0.990218
0.98945
0.98486
0.978797
0.973522
0.970792
0.971703
0.976577
0.984928
0.995576
1.00721
1.01902
1.031
1.04361
1.05716
1.07135
1.08523
1.09751
1.10693
1.11256
1.11405
1.11161
1.10592
1.09795
1.08872
1.07909
1.06967
1.0608
1.05249
1.04454
1.03657
1.02817
1.0191
1.00957
1.00035
0.992636
0.98769
0.986284
0.988507
0.993925
1.00207
1.01285
1.02666
1.04404
1.06503
1.08856
1.11239
1.13371
1.15001
1.15972
1.16248
1.159
1.15059
1.13882
1.12509
1.11071
1.09671
1.08369
1.07194
1.06173
1.05358
1.04804
1.0453
1.04503
1.04639
1.04842
1.05045
1.05234
1.05447
1.05748
1.06166
1.06645
1.07049
1.07237
1.07121
1.06693
1.06018
1.05193
1.04307
1.03412
1.02529
1.017
1.01022
1.00615
1.00498
1.00529
1.00472
1.00121
0.993864
0.983228
0.971009
0.959396
0.950271
0.944849
0.943761
0.94742
0.956051
0.96948
0.98675
1.00602
1.02479
1.04044
1.05099
1.05594
1.05643
1.05443
1.05129
1.04716
1.04203
1.0369
1.03373
1.03444
1.0398
1.04919
1.06092
1.07308
1.08416
1.09341
1.10049
1.1051
1.10678
1.10501
1.09956
1.09067
1.07915
1.06603
1.0522
1.03795
1.02309
1.00778
0.993326
0.982256
0.977081
0.97877
0.986109
0.996379
1.00678
1.01541
1.02148
1.02507
1.02682
1.02783
1.0294
1.03252
1.03728
1.04271
1.04752
1.05098
1.05333
1.0552
1.05674
1.05722
1.05526
1.0496
1.03976
1.02642
1.01158
0.998495
0.990912
0.991543
1.00051
1.0151
1.03095
1.04375
1.05035
1.04936
1.04125
1.02819
1.01343
1.00025
0.991154
0.98739
0.989203
0.996285
1.00804
1.02345
1.04088
1.05808
1.07275
1.08329
1.08936
1.0919
1.09268
1.09356
1.09589
1.10016
1.10595
1.1122
1.11768
1.12131
1.12265
1.12211
1.12088
1.12053
1.12227
1.1264
1.13212
1.13791
1.14207
1.14317
1.14039
1.13369
1.12383
1.11206
1.09939
1.0858
1.07034
1.05224
1.03205
1.01188
0.994615
0.98264
0.976785
0.976157
0.978922
0.98336
0.988554
0.994437
1.00138
1.00973
1.01969
1.03138
1.04476
1.05964
1.07538
1.09096
1.10514
1.11673
1.12486
1.12913
1.12957
1.12658
1.12082
1.11316
1.10455
1.09596
1.08814
1.08161
1.0766
1.0732
1.07125
1.0705
1.07058
1.07127
1.07269
1.07516
1.07896
1.08412
1.09028
1.09676
1.10279
1.10774
1.11151
1.11438
1.11677
1.11873
1.11979
1.11923
1.11681
1.11348
1.11143
1.11302
1.119
1.12766
1.13574
1.14036
1.14
1.13441
1.12421
1.11061
1.09527
1.08042
1.06869
1.06274
1.06428
1.07304
1.08654
1.10093
1.11237
1.1182
1.11732
1.11006
1.09771
1.08183
1.06378
1.04456
1.02498
1.00612
0.989746
0.97834
0.974435
0.979432
0.992617
1.01105
1.03041
1.04642
1.05607
1.05824
1.05368
1.04445
1.03327
1.02305
1.01647
1.01537
1.01992
1.02836
1.03758
1.04456
1.04758
1.04661
1.04277
1.03751
1.03174
1.02581
1.01983
1.01434
1.01067
1.01045
1.01461
1.02263
1.0327
1.04268
1.05097
1.0569
1.06051
1.06206
1.06181
1.05992
1.05675
1.05301
1.04972
1.04805
1.04885
1.05225
1.0576
1.06362
1.06896
1.07261
1.07425
1.07408
1.0725
1.06958
1.06489
1.0577
1.04748
1.03435
1.01931
1.00405
0.990488
0.980383
0.975185
0.975885
0.982848
0.995412
1.01164
1.02863
1.04329
1.0532
1.05721
1.05552
1.04936
1.04036
1.03004
1.01948
1.0095
1.00092
0.994755
0.992128
0.994002
1.00075
1.01188
1.02594
1.04084
1.05463
1.06617
1.07538
1.08281
1.08939
1.0962
1.10427
1.11427
1.12609
1.13874
1.15064
1.1601
1.16579
1.16687
1.1629
1.15373
1.1394
1.12049
1.09858
1.07629
1.05645
1.04096
1.03074
1.02644
1.02838
1.03564
1.04611
1.05765
1.06882
1.07898
1.08807
1.09625
1.10367
1.11027
1.11578
1.11997
1.12294
1.12504
1.12642
1.12642
1.12339
1.11549
1.10169
1.08253
1.0603
1.03845
1.02046
1.00859
1.00317
1.00307
1.00677
1.01295
1.02026
1.02716
1.0324
1.03569
1.0379
1.04052
1.04465
1.05029
1.05634
1.06118
1.06338
1.06228
1.05827
1.05278
1.04766
1.04429
1.04279
1.04206
1.04074
1.03797
1.03377
1.0288
1.024
1.02013
1.01773
1.01714
1.0186
1.02227
1.02801
1.03541
1.04404
1.05358
1.06379
1.0742
1.08392
1.09169
1.09638
1.09743
1.0952
1.09076
1.08553
1.08084
1.07757
1.07592
1.07533
1.07473
1.07285
1.0684
1.06046
1.04911
1.03645
1.02697
1.02543
1.03296
1.04576
1.05851
1.06795
1.07351
1.07598
1.07638
1.07554
1.07393
1.07166
1.0687
1.06512
1.06141
1.05858
1.05808
1.06128
1.06876
1.07983
1.09273
1.10531
1.11586
1.12368
1.12914
1.13336
1.13769
1.14318
1.15007
1.15765
1.16442
1.1685
1.16821
1.16258
1.15163
1.13649
1.11912
1.10178
1.08627
1.07336
1.06273
1.05331
1.044
1.0343
1.02452
1.01525
1.00717
1.00136
0.9996
1.00345
1.01232
1.02258
1.02909
1.02792
1.01829
1.00303
0.987757
0.97849
0.978207
0.985198
0.994915
1.00317
1.00768
1.00788
1.00417
0.997474
0.989076
0.980586
0.973716
0.96983
0.969559
0.972696
0.978457
0.98573
0.993261
0.999835
1.00464
1.00762
1.0094
1.01071
1.01188
1.01303
1.01432
1.01597
1.01806
1.02066
1.02386
1.02749
1.03079
1.03246
1.03123
1.02689
1.02071
1.01494
1.0115
1.01109
1.01339
1.01782
1.02386
1.03097
1.03835
1.04512
1.05055
1.05432
1.05643
1.05689
1.05551
1.05193
1.0459
1.03768
1.0281
1.01825
1.00888
1.0002
0.992359
0.986376
0.984259
0.98771
0.9963
1.00723
1.01709
1.02352
1.02545
1.02245
1.01453
1.00239
0.987928
0.974263
0.965321
0.964602
0.973606
0.99122
1.01472
1.0412
1.06799
1.09265
1.11301
1.12759
1.13587
1.13807
1.13479
1.12666
1.11438
1.0988
1.08113
1.06299
1.0464
1.03329
1.0252
1.02277
1.02569
1.0328
1.04246
1.05279
1.0621
1.06909
1.07304
1.07365
1.071
1.0655
1.05809
1.05043
1.04468
1.043
1.04686
1.05665
1.07154
1.08974
1.10899
1.12709
1.14222
1.15314
1.15918
1.16016
1.1563
1.14813
1.13639
1.12206
1.10633
1.09056
1.07614
1.06435
1.05611
1.05176
1.05107
1.05329
1.05742
1.0624
1.06735
1.07172
1.0752
1.07762
1.07875
1.07813
1.07526
1.06989
1.06239
1.05383
1.04581
1.03999
1.03757
1.03894
1.04368
1.05068
1.05855
1.06582
1.07119
1.07391
1.0741
1.07279
1.07151
1.07151
1.0731
1.07569
1.07825
1.07978
1.07956
1.07722
1.07264
1.06605
1.05794
1.04898
1.03986
1.03111
1.02276
1.01417
1.00436
0.992825
0.9807
0.971357
0.969254
0.976747
0.991759
1.00924
1.0247
1.0361
1.04353
1.04809
1.05099
1.05325
1.05569
1.05901
1.06383
1.07053
1.07911
1.08901
1.09925
1.10857
1.11587
1.12044
1.12205
1.12096
1.11774
1.11311
1.10776
1.10231
1.09729
1.09309
1.09001
1.08787
1.08597
1.08333
1.0797
1.0766
1.07686
1.08191
1.08961
1.09568
1.09693
1.09244
1.083
1.07025
1.05634
1.04376
1.03475
1.03047
1.03031
1.03201
1.0325
1.02914
1.0207
1.00747
0.990666
0.971876
0.953025
0.936385
0.924264
0.918506
0.920118
0.929173
0.944859
0.965478
0.988644
1.01168
1.03231
1.04906
1.06153
1.07014
1.07598
1.08045
1.08514
1.09158
1.10076
1.11235
1.12427
1.13352
1.13762
1.13552
1.1276
1.115
1.0992
1.08178
1.06427
1.04792
1.03355
1.0216
1.01263
1.00769
1.00785
1.01304
1.02134
1.02968
1.03509
1.03564
1.03075
1.0211
1.0081
0.993213
0.977673
0.962948
0.951051
0.944085
0.943369
0.948888
0.959467
0.973395
0.989022
1.00527
1.0218
1.03869
1.05572
1.07188
1.08566
1.09562
1.1008
1.10084
1.09596
1.08698
1.07507
1.06134
1.04656
1.03104
1.01493
0.99851
0.982293
0.966796
0.952233
0.938481
0.925502
0.91389
0.905162
0.901293
0.903748
0.912818
0.927891
0.948146
0.972685
1.00003
1.02794
1.05367
1.07475
1.08962
1.09786
1.10011
1.09775
1.09234
1.0851
1.07667
1.06714
1.05653
1.0453
1.03451
1.02533
1.01855
1.01424
1.01181
1.01026
1.00853
1.00576
1.00153
0.995932
0.989416
0.982703
0.976682
0.972493
0.971535
0.975203
0.984275
0.998293
1.01554
1.03366
1.05042
1.06419
1.07417
1.08039
1.08342
1.08405
1.08296
1.08056
1.07692
1.07188
1.06521
1.05689
1.04725
1.03685
1.02652
1.01743
1.01109
1.00883
1.01112
1.017
1.02434
1.03062
1.03395
1.03366
1.03015
1.02442
1.01769
1.01136
1.00688
1.00569
1.00873
1.016
1.02634
1.03757
1.04704
1.05221
1.0512
1.04325
1.029
1.01062
0.991648
0.976145
0.967067
0.964922
0.96774
0.972565
0.977074
0.980273
0.982256
0.983674
0.985506
0.989007
0.995575
1.00646
1.02223
1.04232
1.06509
1.08805
1.10836
1.12332
1.13075
1.12933
1.11867
1.09947
1.07354
1.04382
1.01413
0.988546
0.970374
0.961272
0.960694
0.966165
0.974317
0.982152
0.987925
0.991391
0.993625
0.996625
1.00269
1.01361
1.02988
1.05024
1.07177
1.09069
1.10342
1.1074
1.1016
1.08656
1.06433
1.03799
1.01106
0.986597
0.966509
0.951422
0.941104
0.934943
0.932092
0.931348
0.93122
0.930327
0.927964
0.924597
0.921867
0.922028
0.926835
0.936441
0.948991
0.961294
0.970125
0.973394
0.970751
0.963605
0.954641
0.9472
0.94453
0.949138
0.962291
0.983769
1.01191
1.04395
1.07665
1.10689
1.13211
1.15039
1.16048
1.16176
1.15431
1.13912
1.11829
1.09511
1.07366
1.0577
1.04949
1.04892
1.05378
1.06091
1.06747
1.07173
1.07317
1.0721
1.06929
1.06578
1.06277
1.06151
1.06301
1.06753
1.07437
1.08222
1.08963
1.0954
1.09875
1.09943
1.09783
1.09508
1.09289
1.09315
1.09729
1.10576
1.11768
1.13105
1.14326
1.15176
1.15457
1.15079
1.14075
1.12617
1.10971
1.09416
1.08141
1.07187
1.06465
1.0584
1.0522
1.04604
1.04055
1.03641
1.03373
1.03206
1.0308
1.02965
1.02881
1.02891
1.03067
1.03447
1.04003
1.04653
1.05309
1.05925
1.06505
1.07082
1.07675
1.08249
1.08722
1.08989
1.08962
1.08588
1.07854
1.06785
1.05464
1.04067
1.02862
1.02147
1.02132
1.02828
1.04026
1.05408
1.067
1.07785
1.08703
1.09556
1.10417
1.1127
1.12013
1.12494
1.12569
1.12153
1.11267
1.10058
1.08752
1.07551
1.06526
1.05608
1.04726
1.03941
1.03453
1.03479
1.04123
1.0538
1.07197
1.09453
1.11903
1.14201
1.16035
1.17227
1.17737
1.17613
1.16942
1.15837
1.1444
1.12916
1.11444
1.10183
1.0924
1.08643
1.08327
1.08143
1.07884
1.07351
1.06426
1.05124
1.03568
1.01929
1.00379
0.99108
0.983454
0.983059
0.990696
1.00493
1.02246
1.03964
1.05388
1.06426
1.07109
1.07519
1.0773
1.07799
1.07756
1.07624
1.07418
1.07161
1.06907
1.06736
1.06723
1.06908
1.07276
1.07794
1.08438
1.09202
1.10094
1.11114
1.12232
1.13365
1.14368
1.15051
1.15236
1.14809
1.13759
1.12151
1.1012
1.07852
1.05578
1.03553
1.02009
1.01103
1.00872
1.01235
1.02035
1.03085
1.04214
1.05286
1.06229
1.07047
1.07787
1.08472
1.09051
1.09444
1.09663
1.09902
1.10449
1.1152
1.1312
1.15025
1.169
1.18437
1.19447
1.19863
1.19718
1.19128
1.18246
1.17204
1.16059
1.14792
1.13383
1.11892
1.10434
1.09052
1.07645
1.06064
1.04277
1.02406
1.00624
0.990229
0.975728
0.961873
0.948335
0.935968
0.926653
0.922531
0.92509
0.934578
0.950178
0.97062
0.994659
1.021
1.04805
1.07377
1.09587
1.11227
1.12168
1.12397
1.12024
1.11232
1.10188
1.08957
1.07505
1.05766
1.03706
1.0137
0.988868
0.964643
0.943494
0.927697
0.918528
0.915826
0.918402
0.924826
0.933934
0.944763
0.956329
0.967641
0.977986
0.987261
0.995984
1.00492
1.01462
1.02529
1.03698
1.04971
1.06329
1.07681
1.08843
1.09574
1.09625
1.0882
1.07119
1.04693
1.01952
0.994476
0.97652
0.967285
0.965093
0.966894
0.970421
0.974819
0.980096
0.986406
0.993769
1.00223
1.01203
1.02345
1.03644
1.05032
1.06382
1.07551
1.08429
1.0896
1.09135
1.08992
1.08618
1.08142
1.077
1.07379
1.07191
1.07069
1.06921
1.06693
1.06408
1.06122
1.05862
1.05585
1.05204
1.04665
1.04005
1.03358
1.02902
1.02776
1.03029
1.03622
1.04469
1.05492
1.06639
1.0788
1.09184
1.10514
1.11815
1.13019
1.14051
1.14844
1.15357
1.15584
1.15527
1.15171
1.14476
1.13392
1.11913
1.10097
1.08079
1.06054
1.04244
1.02861
1.02053
1.01854
1.02167
1.0279
1.03487
1.04053
1.04356
1.04354
1.04076
1.03579
1.02926
1.02181
1.01412
1.00702
1.00135
0.997766
0.996497
0.99724
0.99914
1.00107
1.00219
1.00246
1.00268
1.004
1.00702
1.01131
1.01546
1.01769
1.0166
1.01173
1.00393
0.995184
0.988016
0.984503
0.985502
0.990453
0.997918
1.0064
1.01488
1.02284
1.03
1.03606
1.04065
1.04377
1.04612
1.04909
1.05425
1.06256
1.07405
1.08798
1.10329
1.11883
1.1332
1.14474
1.15185
1.15334
1.14866
1.13782
1.12112
1.09908
1.07257
1.04311
1.01322
0.986309
0.966185
0.956194
0.958156
0.971313
0.991895
1.01414
1.03242
1.04323
1.04594
1.04267
1.03734
1.03438
1.03717
1.04679
1.06159
1.07808
1.09242
1.10179
1.10502
1.10244
1.09529
1.08525
1.07401
1.06304
1.05364
1.04683
1.04347
1.0445
1.0512
1.06481
1.08557
1.11147
1.13814
1.16034
1.17381
1.17647
1.16891
1.15464
1.1394
1.1286
1.12417
1.12429
1.12598
1.12747
1.1283
1.1284
1.12751
1.12507
1.12056
1.11377
1.10504
1.09529
1.08594
1.0785
1.07395
1.07219
1.07209
1.07209
1.071
1.06866
1.0661
1.0651
1.06722
1.07302
1.08182
1.09206
1.10194
1.10976
1.11435
1.11531
1.11318
1.10931
1.10571
1.10456
1.10747
1.11468
1.12476
1.13527
1.14382
1.14895
1.15024
1.14788
1.14218
1.13332
1.12142
1.10704
1.09168
1.07758
1.06666
1.05929
1.05411
1.04895
1.04205
1.03273
1.0215
1.00966
0.998796
0.990299
0.98497
0.982837
0.983312
0.985784
0.99013
0.996663
1.00568
1.01693
1.02951
1.04199
1.05284
1.06078
1.06524
1.06643
1.06503
1.06176
1.05697
1.05062
1.04252
1.0327
1.0218
1.01122
1.00296
0.999117
1.00114
1.00923
1.0223
1.03843
1.05567
1.07225
1.08655
1.09716
1.10309
1.10396
1.10002
1.0918
1.07998
1.06532
1.04899
1.03266
1.01842
1.00814
1.00278
1.00215
1.00502
1.00975
1.01472
1.01868
1.02093
1.02126
1.01984
1.01721
1.01425
1.01238
1.01328
1.0181
1.02642
1.03617
1.04462
1.04955
1.04985
1.04542
1.03689
1.02535
1.01226
0.999304
0.988091
0.979706
0.974396
0.971641
0.970556
0.970362
0.970704
0.971651
0.973523
0.976587
0.980844
0.985995
0.991603
0.997385
1.00334
1.00978
1.01714
1.02577
1.03572
1.04673
1.05832
1.06985
1.08066
1.09022
1.09828
1.10496
1.11049
1.11499
1.11829
1.11987
1.11914
1.11586
1.11038
1.10374
1.0972
1.09173
1.0877
1.08497
1.08332
1.08269
1.08317
1.08489
1.08767
1.09073
1.09263
1.09157
1.08612
1.07595
1.06207
1.04667
1.03249
1.02208
1.01727
1.01885
1.02648
1.03868
1.05307
1.06671
1.07677
1.08134
1.08032
1.07553
1.06976
1.06479
1.06026
1.05437
1.04556
1.03334
1.01833
1.00182
0.985451
0.970955
0.959854
0.953156
0.951229
0.954087
0.961606
0.973466
0.988772
1.00566
1.02138
1.03302
1.03838
1.03678
1.02938
1.01885
1.00863
1.00203
1.00119
1.00596
1.0137
1.02078
1.02462
1.02471
1.02195
1.01746
1.01171
1.00437
0.995049
0.983848
0.971486
0.958784
0.946259
0.934006
0.922028
0.910568
0.900243
0.89192
0.886549
0.884883
0.88731
0.893934
0.904676
0.919251
0.936869
0.955909
0.974125
0.989427
1.00061
1.0076
1.01116
1.01241
1.0124
1.01205
1.01226
1.01379
1.01701
1.02154
1.02648
1.03092
1.0345
1.03764
1.04119
1.04601
1.05268
1.06134
1.07157
1.08255
1.09316
1.10234
1.10917
1.11287
1.11267
1.10774
1.09742
1.08161
1.06093
1.0365
1.00965
0.981809
0.954576
0.930024
0.9106
0.898514
0.895029
0.900177
0.913004
0.931896
0.95482
0.979508
1.00376
1.02573
1.04401
1.05763
1.06609
1.06955
1.06885
1.06535
1.06046
1.05525
1.05033
1.046
1.04252
1.04018
1.03908
1.03898
1.03926
1.03905
1.03744
1.0338
1.02782
1.01974
1.01054
1.00185
0.995622
0.993737
0.997499
1.00723
1.02184
1.03889
1.05521
1.06781
1.07465
1.07481
1.0685
1.05687
1.04182
1.02565
1.01043
1.11578
1.13225
1.14641
1.15624
1.16018
1.15753
1.14862
1.13476
1.11801
1.1008
1.08552
1.07433
1.06903
1.07091
1.08038
1.09652
1.11712
1.13917
1.15963
1.17603
1.18688
1.1919
1.19202
1.1888
1.18365
1.17738
1.17027
1.16258
1.15483
1.14757
1.14096
1.13455
1.12748
1.11886
1.10822
1.09587
1.08331
1.0733
1.06931
1.07385
1.08657
1.10384
1.12064
1.13303
1.13909
1.13862
1.13248
1.1222
1.10982
1.09751
1.08697
1.07895
1.07321
1.06877
1.06464
1.06033
1.05632
1.05428
1.05668
1.06565
1.08154
1.10235
1.12474
1.14563
1.1632
1.17698
1.18737
1.1951
1.20079
1.20476
1.20708
1.20751
1.20537
1.19951
1.1887
1.17256
1.15236
1.13111
1.11249
1.09923
1.09216
1.09075
1.09399
1.10079
1.11003
1.12052
1.131
1.14027
1.14717
1.15075
1.15033
1.14587
1.13829
1.12934
1.12128
1.11606
1.11484
1.11776
1.12419
1.13311
1.14341
1.15397
1.16362
1.17122
1.17568
1.17603
1.17155
1.16179
1.14684
1.12737
1.10476
1.08089
1.05789
1.03786
1.02266
1.01368
1.01162
1.01633
1.02694
1.04211
1.06028
1.0798
1.09899
1.11616
1.12989
1.13946
1.14497
1.1472
1.14712
1.14542
1.14228
1.13755
1.13092
1.12219
1.1114
1.09877
1.0848
1.0703
1.05645
1.04454
1.03559
1.03022
1.02865
1.03111
1.03789
1.04933
1.06545
1.08553
1.10798
1.13054
1.15109
1.16838
1.18224
1.19298
1.20066
1.20471
1.20424
1.19873
1.18857
1.17523
1.16085
1.1476
1.13706
1.12985
1.12567
1.12348
1.12206
1.12028
1.11734
1.11285
1.10682
1.0996
1.09175
1.08407
1.07744
1.07262
1.06994
1.0692
1.06976
1.07089
1.07215
1.07344
1.07481
1.07608
1.07672
1.07624
1.0747
1.07295
1.07234
1.07405
1.0787
1.08624
1.09607
1.107
1.11724
1.12477
1.12796
1.12629
1.12087
1.1143
1.10964
1.10902
1.11274
1.11946
1.12681
1.13233
1.13399
1.13063
1.12209
1.10928
1.09384
1.07772
1.06258
1.04928
1.03775
1.02725
1.01688
1.00616
0.995399
0.985857
0.979486
0.978433
0.984282
0.997373
1.01644
1.0389
1.0617
1.08217
1.0986
1.11061
1.11918
1.12623
1.13397
1.14367
1.15495
1.16604
1.17491
1.18048
1.18304
1.18368
1.18334
1.18186
1.17777
1.16888
1.15342
1.13123
1.10447
1.07724
1.05395
1.03743
1.02822
1.02527
1.02689
1.03127
1.03665
1.04153
1.04513
1.04759
1.0498
1.05271
1.05652
1.06025
1.0619
1.05933
1.05138
1.03874
1.0241
1.01133
1.00373
1.0023
1.00578
1.01211
1.01977
1.02811
1.03705
1.04667
1.057
1.06783
1.07872
1.08908
1.09864
1.10795
1.1184
1.13114
1.14564
1.15964
1.17058
1.17706
1.17904
1.17739
1.17317
1.16726
1.16017
1.15209
1.14307
1.13319
1.12272
1.11222
1.10276
1.09604
1.09394
1.09753
1.10622
1.11806
1.13084
1.14285
1.15283
1.1596
1.16187
1.15876
1.15036
1.13808
1.12422
1.11095
1.09959
1.09056
1.08396
1.07993
1.07889
1.08135
1.08763
1.09735
1.10918
1.12098
1.1303
1.13512
1.13445
1.12849
1.11845
1.10592
1.09237
1.07882
1.06597
1.05445
1.0451
1.03901
1.03723
1.04028
1.04769
1.05803
1.0696
1.08088
1.09037
1.09617
1.09627
1.08965
1.07735
1.06273
1.05047
1.04475
1.04766
1.05867
1.07507
1.09304
1.10873
1.11933
1.12355
1.12182
1.11606
1.10918
1.10401
1.10212
1.10337
1.10618
1.10855
1.1087
1.10543
1.09805
1.08673
1.07302
1.06022
1.05254
1.05317
1.06266
1.07893
1.09854
1.11814
1.13515
1.14809
1.15663
1.16177
1.16546
1.16919
1.17267
1.17412
1.17183
1.16483
1.15263
1.13518
1.11356
1.09024
1.06819
1.04963
1.03546
1.02558
1.01929
1.01578
1.01458
1.01564
1.01908
1.02456
1.03115
1.03769
1.04329
1.04754
1.05049
1.05264
1.05475
1.05734
1.06029
1.06299
1.06497
1.06659
1.06916
1.07433
1.08322
1.09584
1.11112
1.12739
1.14292
1.15623
1.16637
1.17309
1.17679
1.17817
1.17783
1.17616
1.17328
1.16918
1.16362
1.15622
1.14647
1.13405
1.11906
1.1021
1.08437
1.06755
1.05353
1.04386
1.03928
1.03965
1.04425
1.05212
1.06245
1.07483
1.08917
1.10528
1.12236
1.139
1.15364
1.16498
1.17219
1.17478
1.1726
1.1659
1.15556
1.14324
1.13126
1.12186
1.11619
1.11361
1.11221
1.11018
1.1071
1.10403
1.10253
1.10331
1.10552
1.10744
1.10781
1.10697
1.10635
1.10685
1.10759
1.10679
1.10365
1.09948
1.09672
1.09689
1.09958
1.10318
1.10612
1.10737
1.1066
1.10389
1.09975
1.09517
1.09122
1.08849
1.08669
1.08489
1.08232
1.07907
1.07625
1.07529
1.07714
1.08193
1.0892
1.09854
1.10974
1.12213
1.13407
1.1433
1.14812
1.14828
1.14471
1.1389
1.13212
1.12512
1.11819
1.11149
1.10525
1.09995
1.09611
1.09393
1.09276
1.09101
1.08658
1.07788
1.06464
1.04835
1.03197
1.01892
1.01182
1.01159
1.0173
1.02671
1.03723
1.04659
1.05312
1.0559
1.055
1.05146
1.04709
1.04386
1.04312
1.04536
1.05033
1.05726
1.06498
1.07198
1.07685
1.07893
1.07877
1.078
1.07868
1.08213
1.08826
1.09581
1.10324
1.10939
1.11378
1.11643
1.11789
1.119
1.12046
1.12235
1.12402
1.12455
1.12346
1.12115
1.11862
1.11677
1.11589
1.11563
1.11533
1.11437
1.11235
1.10914
1.10497
1.10037
1.09601
1.09261
1.09062
1.09007
1.09084
1.09281
1.09596
1.10007
1.10452
1.10833
1.11072
1.11226
1.11578
1.12467
1.13854
1.1518
1.15781
1.15343
1.13972
1.12016
1.09854
1.07769
1.05926
1.04423
1.0334
1.02753
1.02726
1.03264
1.04261
1.05492
1.06685
1.07622
1.08204
1.0845
1.08444
1.08275
1.08004
1.07682
1.0738
1.0718
1.07143
1.07296
1.07624
1.08093
1.08648
1.09225
1.09765
1.10235
1.10635
1.11005
1.11393
1.11838
1.12349
1.12909
1.13483
1.14024
1.14474
1.14766
1.14845
1.1468
1.14263
1.13617
1.12785
1.11833
1.10833
1.09845
1.08892
1.07958
1.07018
1.06068
1.05152
1.04366
1.03829
1.03634
1.0381
1.04308
1.05006
1.05739
1.06327
1.06623
1.06556
1.06161
1.0556
1.04915
1.04356
1.03949
1.03702
1.03601
1.03629
1.03781
1.04068
1.04519
1.05158
1.05986
1.06968
1.08059
1.09237
1.10523
1.11964
1.13566
1.15235
1.16769
1.1792
1.18493
1.18417
1.17777
1.16778
1.15672
1.14661
1.13847
1.13239
1.12796
1.12464
1.12205
1.11997
1.11824
1.11677
1.1156
1.11485
1.11457
1.11462
1.11485
1.11542
1.11699
1.1202
1.12498
1.13028
1.13438
1.13575
1.13358
1.12794
1.11948
1.10926
1.09876
1.09008
1.08577
1.08787
1.0966
1.10973
1.12337
1.13384
1.13916
1.1395
1.13663
1.1331
1.13122
1.13243
1.13697
1.14409
1.15235
1.15983
1.16444
1.16427
1.15819
1.14644
1.13093
1.1149
1.10201
1.09502
1.09465
1.09913
1.10528
1.1102
1.1125
1.11248
1.1117
1.11197
1.11418
1.11742
1.11955
1.11842
1.11296
1.1034
1.09107
1.07828
1.06771
1.06126
1.05929
1.06102
1.06527
1.07078
1.07633
1.08099
1.08414
1.08528
1.08389
1.07963
1.07277
1.0646
1.05728
1.05319
1.05403
1.05996
1.06963
1.08073
1.09083
1.09824
1.10236
1.10368
1.10344
1.10315
1.10402
1.10665
1.11087
1.11598
1.12102
1.12509
1.12754
1.12812
1.12698
1.12469
1.12227
1.12087
1.12143
1.12416
1.12839
1.13305
1.13731
1.14091
1.14408
1.14722
1.15068
1.15466
1.15921
1.16406
1.16847
1.17135
1.1715
1.16811
1.16085
1.14979
1.1351
1.1171
1.09648
1.07462
1.05372
1.03656
1.02616
1.02489
1.03329
1.04931
1.06896
1.08774
1.10165
1.10765
1.10396
1.09054
1.06921
1.04344
1.01766
0.996289
0.982607
0.978112
0.982564
0.994549
1.01185
1.03168
1.05125
1.06847
1.08243
1.0931
1.10064
1.10482
1.10494
1.10011
1.08984
1.07447
1.05544
1.03501
1.01568
0.999599
0.98808
0.9817
0.980845
0.986107
0.998074
1.01651
1.0398
1.06519
1.08961
1.1104
1.12582
1.13508
1.13842
1.1369
1.13234
1.12693
1.12282
1.12151
1.12338
1.1277
1.13286
1.13698
1.13856
1.13691
1.13266
1.12772
1.1247
1.12587
1.13198
1.14189
1.15325
1.16372
1.17183
1.17708
1.17948
1.17883
1.17446
1.16558
1.15191
1.13419
1.11425
1.09465
1.07807
1.06667
1.06153
1.06276
1.0701
1.08331
1.10189
1.12462
1.14972
1.17535
1.19999
1.22246
1.24167
1.25647
1.26576
1.26878
1.26546
1.25659
1.24379
1.22909
1.21433
1.2007
1.18865
1.17804
1.16801
1.157
1.14308
1.12471
1.10167
1.07567
1.0506
1.03203
1.02519
1.03214
1.05029
1.07387
1.09695
1.11546
1.12751
1.13279
1.13204
1.12649
1.1177
1.10738
1.09726
1.08873
1.0825
1.07854
1.07634
1.0753
1.07513
1.07607
1.07873
1.08365
1.09087
1.09978
1.10945
1.11911
1.12838
1.1373
1.14603
1.15462
1.16277
1.16987
1.17508
1.17763
1.17699
1.17295
1.16573
1.15593
1.14462
1.13319
1.12305
1.1152
1.11002
1.10739
1.10705
1.10875
1.11228
1.11741
1.12388
1.13129
1.13882
1.14495
1.14753
1.14447
1.13479
1.11937
1.10076
1.08176
1.06373
1.04633
1.02949
1.0156
1.00861
1.01037
1.01806
1.02623
1.03126
1.03331
1.03512
1.03919
1.04595
1.05366
1.05981
1.0629
1.06365
1.06446
1.06707
1.07096
1.07411
1.07483
1.07261
1.06813
1.06302
1.05958
1.05991
1.06507
1.07482
1.08798
1.10277
1.11686
1.12769
1.13316
1.13221
1.12516
1.11367
1.10053
1.08897
1.08186
1.08127
1.08815
1.10203
1.12101
1.14209
1.16185
1.17718
1.18588
1.18717
1.18176
1.17155
1.15907
1.14682
1.13713
1.13203
1.13289
1.1401
1.15281
1.16907
1.18599
1.20019
1.20859
1.2094
1.20255
1.18957
1.17309
1.15599
1.14052
1.12792
1.11844
1.1118
1.1076
1.10579
1.10661
1.11009
1.11536
1.12049
1.12308
1.12124
1.11404
1.10145
1.08417
1.06341
1.04089
1.0192
1.00198
0.993148
0.99508
1.00758
1.02864
1.05582
1.08695
1.11985
1.15194
1.18023
1.2016
1.21351
1.21473
1.20632
1.19213
1.17772
1.16723
1.16067
1.15475
1.14603
1.13299
1.11645
1.09944
1.08652
1.08196
1.08725
1.10032
1.11722
1.1341
1.14814
1.15759
1.16171
1.16065
1.15575
1.14984
1.14667
1.14932
1.15847
1.17218
1.18712
1.19997
1.20822
1.21047
1.20642
1.1966
1.18209
1.16412
1.14388
1.12261
1.10186
1.08346
1.06908
1.05971
1.05548
1.05594
1.06027
1.06757
1.07705
1.08793
1.09926
1.11
1.11953
1.12808
1.13656
1.1458
1.15581
1.16538
1.17265
1.17612
1.17561
1.17263
1.16986
1.16968
1.17283
1.1781
1.18323
1.18621
1.18594
1.18227
1.17577
1.16757
1.15888
1.1504
1.14197
1.13276
1.12197
1.10937
1.09537
1.08079
1.06655
1.05334
1.04139
1.0304
1.01954
1.00815
0.997275
0.991179
0.995933
1.01381
1.04004
1.06686
1.08876
1.10331
1.1096
1.10743
1.09763
1.08286
1.06776
1.05753
1.05569
1.06307
1.0784
1.09919
1.1222
1.14389
1.16093
1.17096
1.17284
1.16682
1.15432
1.13757
1.11921
1.10195
1.08829
1.08035
1.07955
1.08615
1.09857
1.11373
1.12835
1.14027
1.14894
1.15506
1.15968
1.16347
1.16618
1.16679
1.16398
1.15671
1.14466
1.12863
1.11064
1.09371
1.08119
1.07578
1.07836
1.0876
1.1007
1.1148
1.12792
1.13892
1.14714
1.15214
1.1537
1.15194
1.14774
1.1428
1.13942
1.14003
1.14636
1.15875
1.17588
1.19507
1.21306
1.22695
1.23496
1.23683
1.23359
1.22678
1.2176
1.20673
1.19512
1.18483
1.17851
1.17719
1.17908
1.18083
1.17984
1.17512
1.16707
1.15692
1.14633
1.13717
1.1312
1.12955
1.13241
1.13895
1.14762
1.15654
1.16395
1.16848
1.16935
1.16638
1.15982
1.1504
1.13914
1.12743
1.11698
1.10983
1.10789
1.11202
1.12116
1.13236
1.14185
1.14638
1.14408
1.13467
1.11923
1.09963
1.07797
1.05628
1.03646
1.02069
1.01161
1.01143
1.02027
1.03537
1.05234
1.06726
1.07786
1.08353
1.0848
1.08283
1.0789
1.07416
1.0695
1.06566
1.06355
1.06426
1.06868
1.07691
1.08807
1.10053
1.11251
1.12257
1.12986
1.13414
1.13572
1.13528
1.13379
1.13208
1.13044
1.12829
1.12435
1.11743
1.10702
1.09361
1.07873
1.06511
1.0562
1.05464
1.06058
1.07179
1.0854
1.09937
1.11281
1.12574
1.13911
1.15422
1.17122
1.18781
1.20002
1.20438
1.1997
1.18729
1.17043
1.15307
1.13846
1.12823
1.1224
1.12009
1.12046
1.1232
1.1285
1.13652
1.14682
1.15851
1.17057
1.18225
1.19288
1.20159
1.20731
1.20907
1.20631
1.19902
1.18766
1.17301
1.15614
1.13841
1.12152
1.10745
1.09804
1.09435
1.09612
1.10174
1.10888
1.11542
1.12055
1.12541
1.1331
1.1467
1.16635
1.18847
1.20822
1.22236
1.22986
1.23096
1.22614
1.21572
1.20021
1.1812
1.16198
1.14672
1.1379
1.13442
1.13274
1.12968
1.12393
1.116
1.10749
1.10015
1.09514
1.0927
1.09246
1.09404
1.09745
1.10287
1.11026
1.119
1.12805
1.13633
1.14295
1.14689
1.14662
1.1406
1.12845
1.1118
1.09429
1.08028
1.0728
1.07188
1.07489
1.07853
1.08038
1.07939
1.07594
1.07151
1.0678
1.06537
1.06306
1.05896
1.05246
1.04575
1.04326
1.04868
1.06164
1.07797
1.09311
1.10477
1.11316
1.11983
1.12639
1.13387
1.14259
1.15237
1.16267
1.17269
1.18149
1.18843
1.19331
1.19644
1.19818
1.19868
1.19748
1.19373
1.18665
1.17625
1.16377
1.15126
1.14038
1.13143
1.12368
1.1166
1.11048
1.10623
1.1045
1.10534
1.10818
1.11223
1.1167
1.1209
1.12433
1.12665
1.1279
1.12824
1.12756
1.12516
1.11995
1.11113
1.09868
1.08336
1.06631
1.04889
1.03281
1.02041
1.01401
1.0148
1.02221
1.03443
1.04952
1.06613
1.0835
1.10102
1.11793
1.1332
1.14588
1.15526
1.16114
1.16369
1.16326
1.16014
1.15445
1.14619
1.13538
1.12222
1.10703
1.08995
1.07089
1.04992
1.02785
1.00634
0.987651
0.974216
0.967998
0.969603
0.977891
0.990561
1.00532
1.02081
1.03681
1.05381
1.07233
1.09208
1.11184
1.12981
1.1443
1.15431
1.15986
1.16208
1.16278
1.16371
1.16582
1.16906
1.17278
1.17618
1.17848
1.17889
1.17663
1.1712
1.16255
1.15152
1.13961
1.12856
1.11965
1.11348
1.11012
1.10915
1.10962
1.11015
1.10954
1.1076
1.10555
1.10545
1.10927
1.11776
1.13002
1.14364
1.15555
1.16295
1.16411
1.15893
1.14892
1.13674
1.12526
1.11651
1.11099
1.10776
1.10507
1.1012
1.09503
1.08629
1.07572
1.06494
1.05609
1.0511
1.05095
1.05521
1.06216
1.0693
1.07408
1.07481
1.07112
1.06414
1.05618
1.0498
1.04684
1.04798
1.05287
1.06053
1.06981
1.07949
1.08844
1.09579
1.10122
1.10521
1.10909
1.11464
1.12338
1.13587
1.15174
1.17003
1.18959
1.20939
1.22834
1.24521
1.25879
1.26798
1.27204
1.27076
1.26442
1.25382
1.24003
1.22432
1.20783
1.1915
1.17595
1.16151
1.1482
1.1358
1.12399
1.11255
1.10164
1.09163
1.08284
1.0756
1.07074
1.0704
1.07744
1.09317
1.11536
1.13906
1.15947
1.17363
1.18026
1.17939
1.17228
1.16155
1.15064
1.14282
1.14007
1.14265
1.14926
1.15772
1.16537
1.16926
1.16657
1.15595
1.13976
1.12502
1.11954
1.12594
1.14108
1.15974
1.17694
1.18894
1.1941
1.19324
1.1891
1.18544
1.18557
1.19085
1.20012
1.21062
1.21933
1.22392
1.22314
1.21684
1.20583
1.19162
1.17608
1.16101
1.14797
1.13807
1.1317
1.12816
1.12567
1.12241
1.11805
1.11454
1.11475
1.12026
1.13033
1.14284
1.15556
1.1668
1.17532
1.18
1.17952
1.1723
1.15704
1.13363
1.10382
1.07144
1.04181
1.02004
1.00879
1.00697
1.01064
1.01564
1.01997
1.02443
1.03135
1.04219
1.05618
1.07113
1.08507
1.097
1.10697
1.1156
1.12367
1.13173
1.13986
1.14773
1.15459
1.15923
1.15988
1.15432
1.14035
1.11807
1.09436
1.08422
1.09847
1.13035
1.16467
1.19272
1.21345
1.22898
1.24198
1.25479
1.26885
1.28391
1.29779
1.30724
1.30923
1.30204
1.28561
1.26166
1.23352
1.20589
1.18399
1.17199
1.17138
1.18034
1.19468
1.20963
1.22134
1.22738
1.22662
1.21884
1.20445
1.18434
1.15987
1.13302
1.10634
1.08254
1.06374
1.05096
1.04403
1.04192
1.04338
1.04735
1.05314
1.06024
1.06807
1.07573
1.08223
1.08665
1.0884
1.08724
1.08335
1.07743
1.07057
1.06418
1.05977
1.05863
1.06151
1.0685
1.07907
1.09214
1.10635
1.12024
1.1326
1.14259
1.14973
1.15381
1.1548
1.15281
1.14824
1.1418
1.13429
1.12608
1.11709
1.10708
1.09583
1.08319
1.06924
1.05453
1.04009
1.02714
1.01664
1.00909
1.00439
1.0022
1.00223
1.00427
1.00795
1.0126
1.01731
1.02126
1.02405
1.02582
1.02725
1.02944
1.03352
1.04031
1.0499
1.06169
1.07469
1.08813
1.10196
1.11682
1.13326
1.15097
1.16855
1.18402
1.19572
1.20275
1.20509
1.20333
1.19837
1.19098
1.18134
1.16886
1.15259
1.13204
1.10783
1.0821
1.05812
1.03938
1.02835
1.02563
1.02996
1.03902
1.0502
1.06113
1.06996
1.0756
1.07784
1.07743
1.07582
1.07477
1.07567
1.07885
1.08343
1.08765
1.08946
1.08717
1.08
1.06881
1.05655
1.04753
1.04504
1.04896
1.05612
1.06325
1.06888
1.07337
1.07771
1.0825
1.08761
1.09249
1.0968
1.10055
1.10399
1.10728
1.11027
1.11229
1.11235
1.10945
1.10297
1.09297
1.08013
1.06576
1.05173
1.04006
1.03213
1.02831
1.02868
1.03408
1.04576
1.0638
1.08635
1.11037
1.13302
1.15239
1.1677
1.17895
1.18663
1.19139
1.19393
1.19493
1.1951
1.19504
1.195
1.19453
1.19261
1.18788
1.17928
1.16636
1.14945
1.12969
1.10875
1.08835
1.06958
1.05292
1.03895
1.02926
1.0262
1.03136
1.04417
1.06204
1.08151
1.09937
1.11324
1.12186
1.12516
1.12398
1.11963
1.11347
1.10651
1.09944
1.09273
1.08677
1.08189
1.07824
1.07574
1.0741
1.07288
1.07174
1.07104
1.07227
1.07774
1.08905
1.10566
1.12485
1.14318
1.15772
1.16657
1.16894
1.16503
1.15611
1.14444
1.13285
1.12373
1.11822
1.11585
1.11514
1.11442
1.11243
1.1084
1.10196
1.09375
1.08651
1.08436
1.08954
1.10017
1.11265
1.12501
1.13714
1.14918
1.16047
1.1698
1.1758
1.17757
1.17495
1.16853
1.15953
1.14952
1.14007
1.13244
1.12729
1.12449
1.12349
1.12362
1.12448
1.12582
1.12773
1.13071
1.13574
1.14361
1.15406
1.16548
1.17557
1.18223
1.18416
1.18103
1.17339
1.16267
1.15094
1.1405
1.13352
1.13163
1.13545
1.14435
1.15653
1.16952
1.18072
1.1879
1.18946
1.18489
1.17467
1.16012
1.14279
1.12411
1.10526
1.08735
1.07174
1.06019
1.05468
1.05679
1.06685
1.08354
1.10394
1.12433
1.14117
1.15193
1.15523
1.15067
1.13863
1.12014
1.09686
1.0712
1.04603
1.02431
1.00839
0.999392
0.996803
0.998778
1.00303
1.00806
1.0144
1.0247
1.04133
1.06331
1.08635
1.10597
1.11971
1.12708
1.12885
1.12649
1.12183
1.11656
1.1118
1.10783
1.10432
1.10081
1.0972
1.09401
1.09221
1.09291
1.09665
1.10297
1.11051
1.11773
1.12354
1.12762
1.13015
1.13135
1.13126
1.12982
1.12723
1.12439
1.12275
1.1236
1.12726
1.13288
1.13902
1.14453
1.14903
1.15255
1.15496
1.15573
1.15434
1.15075
1.14546
1.13906
1.13189
1.12385
1.11442
1.10312
1.08991
1.0756
1.06208
1.0522
1.04911
1.05502
1.06969
1.09039
1.11318
1.13463
1.15261
1.16623
1.1755
1.18103
1.18364
1.1841
1.18288
1.17999
1.17493
1.16687
1.15491
1.13862
1.11849
1.09616
1.07402
1.05415
1.03753
1.02426
1.01461
1.00954
1.01029
1.01734
1.0299
1.04611
1.06372
1.08056
1.09466
1.10431
1.10836
1.10675
1.10102
1.09419
1.08948
1.08844
1.09039
1.09332
1.09521
1.09477
1.09165
1.08651
1.08076
1.07593
1.07312
1.07259
1.074
1.07688
1.08103
1.08649
1.09334
1.10156
1.11099
1.12121
1.13155
1.14103
1.14876
1.15424
1.15752
1.15896
1.15902
1.15799
1.156
1.15295
1.14852
1.14217
1.1333
1.12135
1.10624
1.08884
1.07132
1.05658
1.04655
1.04123
1.03938
1.04015
1.04333
1.0485
1.05433
1.05881
1.06008
1.05734
1.05134
1.0444
1.03981
1.04071
1.04872
1.06316
1.0815
1.10058
1.11783
1.13171
1.14143
1.14658
1.14704
1.1431
1.13561
1.12601
1.11591
1.1067
1.09905
1.09285
1.08741
1.082
1.0764
1.07127
1.0681
1.06818
1.07126
1.0754
1.07843
1.07937
1.07861
1.07731
1.07668
1.07769
1.08089
1.08637
1.09371
1.10199
1.10992
1.11622
1.11992
1.12061
1.1186
1.11482
1.11064
1.1075
1.10648
1.10789
1.11104
1.11432
1.11562
1.11288
1.10489
1.09178
1.07517
1.05789
1.04362
1.0364
1.03925
1.0523
1.0721
1.09332
1.11138
1.12371
1.12967
1.12975
1.12515
1.11758
1.10906
1.10149
1.09624
1.0941
1.09539
1.09976
1.10619
1.11347
1.1208
1.12806
1.13557
1.14359
1.1521
1.16065
1.16826
1.17369
1.17584
1.17434
1.1699
1.16424
1.15958
1.15784
1.15997
1.16566
1.17362
1.1821
1.18942
1.19438
1.19652
1.19612
1.19404
1.19142
1.18922
1.18795
1.18759
1.18772
1.18774
1.18706
1.18508
1.1812
1.1749
1.16604
1.1551
1.14318
1.13169
1.12178
1.11385
1.10759
1.10216
1.09655
1.09008
1.08296
1.0767
1.0736
1.07556
1.08278
1.09348
1.10479
1.11392
1.11893
1.11906
1.11475
1.10773
1.1007
1.09647
1.09689
1.10216
1.11127
1.12275
1.13517
1.14723
1.15807
1.16743
1.17551
1.18244
1.18801
1.19165
1.19267
1.19039
1.18428
1.17416
1.1606
1.14495
1.12901
1.11439
1.10227
1.09365
1.0899
1.09255
1.10189
1.11597
1.13117
1.14392
1.1521
1.15529
1.15406
1.14938
1.14219
1.1334
1.12392
1.11463
1.10626
1.09941
1.0945
1.09178
1.09106
1.09166
1.09235
1.09173
1.08862
1.08255
1.07425
1.06582
1.06038
1.06086
1.06865
1.08307
1.10185
1.12217
1.14158
1.15858
1.17262
1.18378
1.19225
1.19806
1.20106
1.20104
1.19809
1.19273
1.18581
1.17832
1.17124
1.16558
1.16223
1.16148
1.16275
1.16487
1.16656
1.16689
1.16548
1.16259
1.15908
1.15598
1.1541
1.15388
1.15538
1.15834
1.16217
1.16591
1.16838
1.16846
1.16553
1.15984
1.15261
1.14555
1.14018
1.13713
1.13613
1.13619
1.13591
1.13377
1.12868
1.12063
1.11123
1.1032
1.09899
1.0994
1.10316
1.10761
1.10987
1.10759
1.09929
1.08441
1.06338
1.0378
1.01051
0.985327
0.966386
0.957123
0.959125
0.971415
0.990709
1.01258
1.03301
1.04948
1.06135
1.06949
1.0755
1.08101
1.08711
1.09412
1.10156
1.10815
1.11187
1.1104
1.10191
1.08611
1.06503
1.04262
1.02326
1.01035
1.00554
1.00881
1.0189
1.03395
1.052
1.07132
1.09037
1.1077
1.12195
1.13199
1.13725
1.13808
1.13576
1.1321
1.12844
1.12505
1.12144
1.11705
1.11158
1.10495
1.09709
1.0881
1.07839
1.06888
1.06079
1.05529
1.05301
1.05392
1.05736
1.06225
1.06728
1.07124
1.07331
1.0734
1.07209
1.07021
1.06833
1.06642
1.06389
1.05993
1.05392
1.04585
1.03658
1.02791
1.02224
1.02177
1.02759
1.03914
1.05449
1.07113
1.08672
1.0996
1.1089
1.1145
1.11683
1.11668
1.11503
1.11281
1.11072
1.1092
1.10842
1.10823
1.10806
1.10683
1.10311
1.09575
1.08459
1.07108
1.05824
1.04947
1.04681
1.05016
1.05783
1.0678
1.07827
1.08785
1.09549
1.10042
1.10219
1.10087
1.09715
1.09221
1.08715
1.08218
1.07638
1.06829
1.05713
1.04363
1.03006
1.01944
1.01391
1.01341
1.01601
1.01957
1.02348
1.02888
1.03757
1.0508
1.06851
1.08932
1.11108
1.1316
1.14914
1.16259
1.17154
1.17621
1.17723
1.17528
1.17085
1.16425
1.15561
1.14506
1.13278
1.11912
1.10444
1.08937
1.07502
1.06324
1.05646
1.05709
1.06635
1.08347
1.10556
1.12839
1.14767
1.16036
1.16529
1.1631
1.15561
1.14491
1.13284
1.12091
1.11043
1.10258
1.09822
1.09769
1.10071
1.10633
1.11321
1.12005
1.12577
1.12935
1.12955
1.12496
1.11458
1.09844
1.0777
1.05446
1.03126
1.01078
0.995562
0.987752
0.988428
0.996909
1.01064
1.02616
1.04057
1.0524
1.06147
1.0682
1.07299
1.07615
1.07803
1.0792
1.08032
1.08184
1.0838
1.08596
1.088
1.08972
1.09127
1.09347
1.09793
1.10628
1.11861
1.1328
1.14568
1.15426
1.15638
1.15079
1.13749
1.118
1.09545
1.07389
1.05708
1.04719
1.04429
1.04695
1.05336
1.06187
1.07114
1.08006
1.08803
1.09506
1.10172
1.10889
1.11737
1.12738
1.13843
1.14937
1.15885
1.16569
1.16906
1.16851
1.16399
1.15585
1.14473
1.13165
1.11789
1.10501
1.09484
1.08924
1.08963
1.09644
1.10862
1.12374
1.13865
1.15026
1.15619
1.15512
1.14684
1.13239
1.11406
1.09527
1.07976
1.07056
1.06887
1.07382
1.08305
1.09384
1.10394
1.11195
1.11746
1.12096
1.12338
1.12556
1.12767
1.12908
1.12859
1.12514
1.1185
1.10954
1.10001
1.09182
1.08628
1.08389
1.08459
1.08827
1.09498
1.10478
1.11756
1.13275
1.14901
1.16425
1.1759
1.18175
1.18078
1.17345
1.16133
1.14629
1.12995
1.11356
1.09812
1.08433
1.07234
1.06184
1.05263
1.04525
1.04122
1.04239
1.04996
1.06376
1.08243
1.10395
1.12642
1.14838
1.16853
1.18537
1.19721
1.20268
1.20143
1.19427
1.18265
1.16778
1.15023
1.13028
1.1085
1.08592
1.0635
1.04165
1.02064
1.00163
0.987051
0.979951
0.982731
0.996053
1.01849
1.04695
1.07759
1.10683
1.13191
1.15101
1.16311
1.16791
1.16582
1.15811
1.14693
1.13502
1.12515
1.11933
1.11826
1.1212
1.12643
1.13191
1.13602
1.13807
1.1384
1.13791
1.13754
1.13765
1.13781
1.13694
1.13393
1.1282
1.12018
1.11131
1.10358
1.09883
1.09802
1.10105
1.10736
1.11643
1.12797
1.14158
1.15625
1.17038
1.18201
1.18928
1.19085
1.18619
1.17585
1.16171
1.14682
1.13452
1.12708
1.12489
1.12678
1.13084
1.13509
1.13791
1.13867
1.13817
1.1384
1.14108
1.14604
1.15119
1.15402
1.15292
1.14753
1.13874
1.12839
1.11871
1.11158
1.10785
1.10725
1.10873
1.11106
1.11306
1.11357
1.11133
1.10521
1.09474
1.0806
1.06461
1.04923
1.03675
1.02863
1.02529
1.02626
1.03064
1.0375
1.04618
1.05615
1.06679
1.0774
1.0871
1.09502
1.10042
1.103
1.10308
1.1015
1.09935
1.09746
1.09603
1.09454
1.09239
1.08975
1.08787
1.08855
1.09303
1.10132
1.11249
1.12523
1.13829
1.15066
1.16143
1.16984
1.17528
1.17735
1.17589
1.17104
1.16324
1.15338
1.14274
1.13292
1.12548
1.12164
1.12186
1.12571
1.13197
1.1391
1.14582
1.15141
1.15587
1.15963
1.16333
1.16734
1.17149
1.17498
1.17655
1.17499
1.16976
1.16145
1.15173
1.14274
1.1362
1.13284
1.1324
1.13424
1.1379
1.14315
1.14922
1.15432
1.15623
1.15318
1.1447
1.13165
1.11574
1.09887
1.0826
1.06813
1.05651
1.04861
1.04471
1.04417
1.0456
1.04736
1.04827
1.04802
1.04718
1.04692
1.04867
1.05386
1.0634
1.07707
1.09347
1.11058
1.12647
1.13988
1.15037
1.15809
1.16343
1.16684
1.16869
1.16926
1.16865
1.16682
1.16366
1.15963
1.15602
1.1545
1.15574
1.15858
1.16079
1.16031
1.15602
1.14759
1.13519
1.1195
1.10185
1.08421
1.06894
1.05838
1.0542
1.05675
1.06481
1.07599
1.08755
1.09735
1.10448
1.10914
1.11175
1.11224
1.11024
1.10568
1.09906
1.09079
1.08037
1.06657
1.04855
1.02714
1.00577
0.989923
0.984633
0.990858
1.00439
1.01887
1.02972
1.03552
1.03729
1.03705
1.03678
1.03786
1.04098
1.0463
1.05378
1.06336
1.07492
1.0882
1.1027
1.1176
1.13179
1.14406
1.15354
1.15995
1.16373
1.16568
1.16649
1.16645
1.16531
1.16247
1.15731
1.1494
1.13869
1.12545
1.11022
1.09374
1.07695
1.06104
1.04734
1.03715
1.03162
1.03154
1.03699
1.04697
1.05943
1.07187
1.08246
1.09061
1.09698
1.10303
1.11002
1.11786
1.1249
1.12909
1.12909
1.12481
1.11722
1.10778
1.09768
1.08743
1.07717
