-4.71445
-4.71412
-4.71378
-4.7134
-4.71192
-4.70931
-4.70557
-4.70115
-4.6977
-4.69495
-4.69217
-4.68913
-4.68878
-4.68773
-4.68716
-4.68666
-4.68794
-4.68957
-4.6913
-4.69329
-4.69449
-4.69675
-4.69863
-4.69829
-4.69997
-4.7005
-4.70038
-4.70072
-4.7005
-4.70052
-4.70054
-4.70089
-4.70174
-4.70219
-4.7024
-4.70217
-4.7015
-4.70035
-4.69976
-4.70033
-4.6995
-4.7
-4.69899
-4.69863
-4.69865
-4.6983
-4.69881
-4.69806
-4.69784
-4.69813
-4.69921
-4.69955
-4.70002
-4.70061
-4.70159
-4.70219
-4.70256
-4.70284
-4.7032
-4.70303
-4.70177
-4.70155
-4.7018
-4.70208
-4.70167
-4.70162
-4.70087
-4.70048
-4.70027
-4.69996
-4.69997
-4.69954
-4.70045
-4.70073
-4.70094
-4.70139
-4.70163
-4.70108
-4.70188
-4.70148
-4.70126
-4.70123
-4.70138
-4.70065
-4.70098
-4.6998
-4.69981
-4.69949
-4.6993
-4.69893
-4.69822
-4.69781
-4.69723
-4.69651
-4.69703
-4.69896
-4.69896
-4.69901
-4.69895
-4.69904
-4.69913
-4.69948
-4.69979
-4.70005
-4.69967
-4.69988
-4.70085
-4.69971
-4.6995
-4.69853
-4.69784
-4.69833
-4.69742
-4.69681
-4.69576
-4.69613
-4.69551
-4.69543
-4.69498
-4.69582
-4.6967
-4.69684
-4.69786
-4.69853
-4.69897
-4.69904
-4.69889
-4.69872
-4.69809
-4.69854
-4.69961
-4.69981
-4.70033
-4.70056
-4.70092
-4.70156
-4.70202
-4.70243
-4.70221
-4.70107
-4.70131
-4.70127
-4.7008
-4.70153
-4.70147
-4.70152
-4.70094
-4.70141
-4.70172
-4.70191
-4.70349
-4.70256
-4.70291
-4.70409
-4.70385
-4.7049
-4.70464
-4.70515
-4.7053
-4.7046
-4.70346
-4.70383
-4.70377
-4.70316
-4.70311
-4.70275
-4.70303
-4.70321
-4.70345
-4.70331
-4.70218
-4.70157
-4.70103
-4.70068
-4.70067
-4.70067
-4.70188
-4.70231
-4.70135
-4.7014
-4.70156
-4.70092
-4.70101
-4.70049
-4.70132
-4.70097
-4.70139
-4.70139
-4.70083
-4.70077
-4.70044
-4.70105
-4.70122
-4.70061
-4.70055
-4.70012
-4.70037
-4.70057
-4.70058
-4.70089
-4.70107
-4.70157
-4.70181
-4.70254
-4.70164
-4.70107
-4.70142
-4.70239
-4.70229
-4.70217
-4.70203
-4.70186
-4.70136
-4.70144
-4.70076
-4.70007
-4.69955
-4.69903
-4.69839
-4.69807
-4.69837
-4.69807
-4.69761
-4.69802
-4.69915
-4.69874
-4.69847
-4.69867
-4.69881
-4.69906
-4.69971
-4.70086
-4.70154
-4.70141
-4.70135
-4.7005
-4.70054
-4.70198
-4.70182
-4.70173
-4.70212
-4.70342
-4.70436
-4.70444
-4.7044
-4.70392
-4.70393
-4.70417
-4.70362
-4.70429
-4.70424
-4.70396
-4.70421
-4.70381
-4.70305
-4.70297
-4.70309
-4.70354
-4.70399
-4.70382
-4.70379
-4.70376
-4.7042
-4.70465
-4.70435
-4.70446
-4.70407
-4.70362
-4.70477
-4.70423
-4.70415
-4.70382
-4.70477
-4.70413
-4.70309
-4.70357
-4.70417
-4.70348
-4.70317
-4.70278
-4.70249
-4.70248
-4.70201
-4.70108
-4.70152
-4.70226
-4.70255
-4.70134
-4.70059
-4.70075
-4.70004
-4.70026
-4.70054
-4.7001
-4.70017
-4.70014
-4.70133
-4.70162
-4.70191
-4.70218
-4.71445
-4.71412
-4.71378
-4.7134
-4.71192
-4.70931
-4.70557
-4.70115
-4.6977
-4.69495
-4.69217
-4.68913
-4.68878
-4.68773
-4.68716
-4.68666
-4.68794
-4.68957
-4.6913
-4.69329
-4.69449
-4.69675
-4.69863
-4.69829
-4.69997
-4.7005
-4.70038
-4.70072
-4.7005
-4.70052
-4.70054
-4.70089
-4.70174
-4.70219
-4.7024
-4.70217
-4.7015
-4.70035
-4.69976
-4.70033
-4.6995
-4.7
-4.69899
-4.69863
-4.69865
-4.6983
-4.69881
-4.69806
-4.69784
-4.69813
-4.69921
-4.69955
-4.70002
-4.70061
-4.70159
-4.70219
-4.70256
-4.70284
-4.7032
-4.70303
-4.70177
-4.70155
-4.7018
-4.70208
-4.70167
-4.70162
-4.70087
-4.70048
-4.70027
-4.69996
-4.69997
-4.69954
-4.70045
-4.70073
-4.70094
-4.70139
-4.70163
-4.70108
-4.70188
-4.70148
-4.70126
-4.70123
-4.70138
-4.70065
-4.70098
-4.6998
-4.69981
-4.69949
-4.6993
-4.69893
-4.69822
-4.69781
-4.69723
-4.69651
-4.69703
-4.69896
-4.69896
-4.69901
-4.69895
-4.69904
-4.69913
-4.69948
-4.69979
-4.70005
-4.69967
-4.69988
-4.70085
-4.69971
-4.6995
-4.69853
-4.69784
-4.69833
-4.69742
-4.69681
-4.69576
-4.69613
-4.69551
-4.69543
-4.69498
-4.69582
-4.6967
-4.69684
-4.69786
-4.69853
-4.69897
-4.69904
-4.69889
-4.69872
-4.69809
-4.69854
-4.69961
-4.69981
-4.70033
-4.70056
-4.70092
-4.70156
-4.70202
-4.70243
-4.70221
-4.70107
-4.70131
-4.70127
-4.7008
-4.70153
-4.70147
-4.70152
-4.70094
-4.70141
-4.70172
-4.70191
-4.70349
-4.70256
-4.70291
-4.70409
-4.70385
-4.7049
-4.70464
-4.70515
-4.7053
-4.7046
-4.70346
-4.70383
-4.70377
-4.70316
-4.70311
-4.70275
-4.70303
-4.70321
-4.70345
-4.70331
-4.70218
-4.70157
-4.70103
-4.70068
-4.70067
-4.70067
-4.70188
-4.70231
-4.70135
-4.7014
-4.70156
-4.70092
-4.70101
-4.70049
-4.70132
-4.70097
-4.70139
-4.70139
-4.70083
-4.70077
-4.70044
-4.70105
-4.70122
-4.70061
-4.70055
-4.70012
-4.70037
-4.70057
-4.70058
-4.70089
-4.70107
-4.70157
-4.70181
-4.70254
-4.70164
-4.70107
-4.70142
-4.70239
-4.70229
-4.70217
-4.70203
-4.70186
-4.70136
-4.70144
-4.70076
-4.70007
-4.69955
-4.69903
-4.69839
-4.69807
-4.69837
-4.69807
-4.69761
-4.69802
-4.69915
-4.69874
-4.69847
-4.69867
-4.69881
-4.69906
-4.69971
-4.70086
-4.70154
-4.70141
-4.70135
-4.7005
-4.70054
-4.70198
-4.70182
-4.70173
-4.70212
-4.70342
-4.70436
-4.70444
-4.7044
-4.70392
-4.70393
-4.70417
-4.70362
-4.70429
-4.70424
-4.70396
-4.70421
-4.70381
-4.70305
-4.70297
-4.70309
-4.70354
-4.70399
-4.70382
-4.70379
-4.70376
-4.7042
-4.70465
-4.70435
-4.70446
-4.70407
-4.70362
-4.70477
-4.70423
-4.70415
-4.70382
-4.70477
-4.70413
-4.70309
-4.70357
-4.70417
-4.70348
-4.70317
-4.70278
-4.70249
-4.70248
-4.70201
-4.70108
-4.70152
-4.70226
-4.70255
-4.70134
-4.70059
-4.70075
-4.70004
-4.70026
-4.70054
-4.7001
-4.70017
-4.70014
-4.70133
-4.70162
-4.70191
-4.70218
-3.51423
-3.51366
-3.51301
-3.51103
-3.50662
-3.50032
-3.49541
-3.49054
-3.48635
-3.48418
-3.4817
-3.47944
-3.47961
-3.48145
-3.48423
-3.48795
-3.49236
-3.49649
-3.50009
-3.50252
-3.50511
-3.50564
-3.50515
-3.50531
-3.50479
-3.50391
-3.50343
-3.50209
-3.50232
-3.50212
-3.50106
-3.50054
-3.50031
-3.49973
-3.49924
-3.49895
-3.49811
-3.49782
-3.49822
-3.49825
-3.49942
-3.49974
-3.50046
-3.50188
-3.50331
-3.50326
-3.50351
-3.50381
-3.50344
-3.50281
-3.50237
-3.50111
-3.50048
-3.49951
-3.49969
-3.49856
-3.49833
-3.49809
-3.49878
-3.49904
-3.49969
-3.50073
-3.50036
-3.50024
-3.49973
-3.49923
-3.49812
-3.49719
-3.49748
-3.49776
-3.49693
-3.49647
-3.49613
-3.49575
-3.49625
-3.49667
-3.4966
-3.49554
-3.49604
-3.49683
-3.49666
-3.49468
-3.49559
-3.49475
-3.49422
-3.49504
-3.49483
-3.49489
-3.49664
-3.49655
-3.49703
-3.49638
-3.49623
-3.49598
-3.49592
-3.49487
-3.49467
-3.49384
-3.49408
-3.49314
-3.49329
-3.49258
-3.49176
-3.49226
-3.49233
-3.49282
-3.49345
-3.49401
-3.49512
-3.497
-3.49782
-3.49847
-3.49931
-3.49931
-3.49767
-3.4971
-3.49681
-3.49706
-3.49611
-3.49553
-3.49624
-3.49547
-3.49657
-3.49685
-3.49748
-3.49821
-3.4986
-3.49888
-3.49812
-3.49788
-3.49883
-3.4997
-3.49909
-3.49924
-3.49982
-3.50051
-3.49918
-3.49877
-3.49835
-3.49898
-3.49898
-3.4994
-3.50038
-3.49986
-3.4991
-3.49812
-3.4974
-3.49699
-3.4975
-3.49744
-3.49796
-3.4973
-3.49786
-3.49871
-3.49872
-3.49982
-3.49908
-3.49857
-3.49722
-3.49749
-3.49895
-3.49982
-3.50094
-3.5022
-3.50169
-3.50114
-3.5001
-3.4997
-3.49993
-3.49968
-3.50013
-3.49938
-3.49879
-3.49916
-3.49924
-3.49999
-3.5
-3.50058
-3.49946
-3.49894
-3.49621
-3.49592
-3.49626
-3.49664
-3.49665
-3.49804
-3.49889
-3.50002
-3.50014
-3.50158
-3.50115
-3.50088
-3.50118
-3.50017
-3.49887
-3.49855
-3.4987
-3.49808
-3.49751
-3.49757
-3.49699
-3.49714
-3.49782
-3.49998
-3.50068
-3.50214
-3.50292
-3.50317
-3.5034
-3.50374
-3.50533
-3.50504
-3.50462
-3.5039
-3.50216
-3.50173
-3.50105
-3.49961
-3.49947
-3.49871
-3.49856
-3.49781
-3.49717
-3.49799
-3.49724
-3.49735
-3.49696
-3.497
-3.49728
-3.4972
-3.49807
-3.49788
-3.49823
-3.49874
-3.49813
-3.49819
-3.49801
-3.49691
-3.49663
-3.49605
-3.49555
-3.49578
-3.49497
-3.49467
-3.49436
-3.49661
-3.49811
-3.49864
-3.50043
-3.50043
-3.50187
-3.501
-3.49904
-3.49899
-3.49822
-3.49734
-3.49533
-3.49514
-3.49624
-3.49633
-3.49711
-3.49708
-3.49752
-3.4976
-3.49733
-3.49759
-3.49777
-3.49829
-3.49868
-3.49889
-3.49867
-3.49842
-3.49704
-3.49606
-3.4951
-3.49442
-3.49447
-3.49419
-3.49474
-3.49481
-3.49526
-3.49616
-3.49695
-3.49731
-3.4977
-3.49719
-3.49716
-3.49569
-3.49243
-3.49182
-3.49239
-3.49439
-3.4954
-3.49764
-3.4978
-3.49922
-3.50073
-3.50026
-3.50004
-3.5
-3.51423
-3.51366
-3.51301
-3.51103
-3.50662
-3.50032
-3.49541
-3.49054
-3.48635
-3.48418
-3.4817
-3.47944
-3.47961
-3.48145
-3.48423
-3.48795
-3.49236
-3.49649
-3.50009
-3.50252
-3.50511
-3.50564
-3.50515
-3.50531
-3.50479
-3.50391
-3.50343
-3.50209
-3.50232
-3.50212
-3.50106
-3.50054
-3.50031
-3.49973
-3.49924
-3.49895
-3.49811
-3.49782
-3.49822
-3.49825
-3.49942
-3.49974
-3.50046
-3.50188
-3.50331
-3.50326
-3.50351
-3.50381
-3.50344
-3.50281
-3.50237
-3.50111
-3.50048
-3.49951
-3.49969
-3.49856
-3.49833
-3.49809
-3.49878
-3.49904
-3.49969
-3.50073
-3.50036
-3.50024
-3.49973
-3.49923
-3.49812
-3.49719
-3.49748
-3.49776
-3.49693
-3.49647
-3.49613
-3.49575
-3.49625
-3.49667
-3.4966
-3.49554
-3.49604
-3.49683
-3.49666
-3.49468
-3.49559
-3.49475
-3.49422
-3.49504
-3.49483
-3.49489
-3.49664
-3.49655
-3.49703
-3.49638
-3.49623
-3.49598
-3.49592
-3.49487
-3.49467
-3.49384
-3.49408
-3.49314
-3.49329
-3.49258
-3.49176
-3.49226
-3.49233
-3.49282
-3.49345
-3.49401
-3.49512
-3.497
-3.49782
-3.49847
-3.49931
-3.49931
-3.49767
-3.4971
-3.49681
-3.49706
-3.49611
-3.49553
-3.49624
-3.49547
-3.49657
-3.49685
-3.49748
-3.49821
-3.4986
-3.49888
-3.49812
-3.49788
-3.49883
-3.4997
-3.49909
-3.49924
-3.49982
-3.50051
-3.49918
-3.49877
-3.49835
-3.49898
-3.49898
-3.4994
-3.50038
-3.49986
-3.4991
-3.49812
-3.4974
-3.49699
-3.4975
-3.49744
-3.49796
-3.4973
-3.49786
-3.49871
-3.49872
-3.49982
-3.49908
-3.49857
-3.49722
-3.49749
-3.49895
-3.49982
-3.50094
-3.5022
-3.50169
-3.50114
-3.5001
-3.4997
-3.49993
-3.49968
-3.50013
-3.49938
-3.49879
-3.49916
-3.49924
-3.49999
-3.5
-3.50058
-3.49946
-3.49894
-3.49621
-3.49592
-3.49626
-3.49664
-3.49665
-3.49804
-3.49889
-3.50002
-3.50014
-3.50158
-3.50115
-3.50088
-3.50118
-3.50017
-3.49887
-3.49855
-3.4987
-3.49808
-3.49751
-3.49757
-3.49699
-3.49714
-3.49782
-3.49998
-3.50068
-3.50214
-3.50292
-3.50317
-3.5034
-3.50374
-3.50533
-3.50504
-3.50462
-3.5039
-3.50216
-3.50173
-3.50105
-3.49961
-3.49947
-3.49871
-3.49856
-3.49781
-3.49717
-3.49799
-3.49724
-3.49735
-3.49696
-3.497
-3.49728
-3.4972
-3.49807
-3.49788
-3.49823
-3.49874
-3.49813
-3.49819
-3.49801
-3.49691
-3.49663
-3.49605
-3.49555
-3.49578
-3.49497
-3.49467
-3.49436
-3.49661
-3.49811
-3.49864
-3.50043
-3.50043
-3.50187
-3.501
-3.49904
-3.49899
-3.49822
-3.49734
-3.49533
-3.49514
-3.49624
-3.49633
-3.49711
-3.49708
-3.49752
-3.4976
-3.49733
-3.49759
-3.49777
-3.49829
-3.49868
-3.49889
-3.49867
-3.49842
-3.49704
-3.49606
-3.4951
-3.49442
-3.49447
-3.49419
-3.49474
-3.49481
-3.49526
-3.49616
-3.49695
-3.49731
-3.4977
-3.49719
-3.49716
-3.49569
-3.49243
-3.49182
-3.49239
-3.49439
-3.4954
-3.49764
-3.4978
-3.49922
-3.50073
-3.50026
-3.50004
-3.5
-3.51423
-3.51366
-3.51301
-3.51103
-3.50662
-3.50032
-3.49541
-3.49054
-3.48635
-3.48418
-3.4817
-3.47944
-3.47961
-3.48145
-3.48423
-3.48795
-3.49236
-3.49649
-3.50009
-3.50252
-3.50511
-3.50564
-3.50515
-3.50531
-3.50479
-3.50391
-3.50343
-3.50209
-3.50232
-3.50212
-3.50106
-3.50054
-3.50031
-3.49973
-3.49924
-3.49895
-3.49811
-3.49782
-3.49822
-3.49825
-3.49942
-3.49974
-3.50046
-3.50188
-3.50331
-3.50326
-3.50351
-3.50381
-3.50344
-3.50281
-3.50237
-3.50111
-3.50048
-3.49951
-3.49969
-3.49856
-3.49833
-3.49809
-3.49878
-3.49904
-3.49969
-3.50073
-3.50036
-3.50024
-3.49973
-3.49923
-3.49812
-3.49719
-3.49748
-3.49776
-3.49693
-3.49647
-3.49613
-3.49575
-3.49625
-3.49667
-3.4966
-3.49554
-3.49604
-3.49683
-3.49666
-3.49468
-3.49559
-3.49475
-3.49422
-3.49504
-3.49483
-3.49489
-3.49664
-3.49655
-3.49703
-3.49638
-3.49623
-3.49598
-3.49592
-3.49487
-3.49467
-3.49384
-3.49408
-3.49314
-3.49329
-3.49258
-3.49176
-3.49226
-3.49233
-3.49282
-3.49345
-3.49401
-3.49512
-3.497
-3.49782
-3.49847
-3.49931
-3.49931
-3.49767
-3.4971
-3.49681
-3.49706
-3.49611
-3.49553
-3.49624
-3.49547
-3.49657
-3.49685
-3.49748
-3.49821
-3.4986
-3.49888
-3.49812
-3.49788
-3.49883
-3.4997
-3.49909
-3.49924
-3.49982
-3.50051
-3.49918
-3.49877
-3.49835
-3.49898
-3.49898
-3.4994
-3.50038
-3.49986
-3.4991
-3.49812
-3.4974
-3.49699
-3.4975
-3.49744
-3.49796
-3.4973
-3.49786
-3.49871
-3.49872
-3.49982
-3.49908
-3.49857
-3.49722
-3.49749
-3.49895
-3.49982
-3.50094
-3.5022
-3.50169
-3.50114
-3.5001
-3.4997
-3.49993
-3.49968
-3.50013
-3.49938
-3.49879
-3.49916
-3.49924
-3.49999
-3.5
-3.50058
-3.49946
-3.49894
-3.49621
-3.49592
-3.49626
-3.49664
-3.49665
-3.49804
-3.49889
-3.50002
-3.50014
-3.50158
-3.50115
-3.50088
-3.50118
-3.50017
-3.49887
-3.49855
-3.4987
-3.49808
-3.49751
-3.49757
-3.49699
-3.49714
-3.49782
-3.49998
-3.50068
-3.50214
-3.50292
-3.50317
-3.5034
-3.50374
-3.50533
-3.50504
-3.50462
-3.5039
-3.50216
-3.50173
-3.50105
-3.49961
-3.49947
-3.49871
-3.49856
-3.49781
-3.49717
-3.49799
-3.49724
-3.49735
-3.49696
-3.497
-3.49728
-3.4972
-3.49807
-3.49788
-3.49823
-3.49874
-3.49813
-3.49819
-3.49801
-3.49691
-3.49663
-3.49605
-3.49555
-3.49578
-3.49497
-3.49467
-3.49436
-3.49661
-3.49811
-3.49864
-3.50043
-3.50043
-3.50187
-3.501
-3.49904
-3.49899
-3.49822
-3.49734
-3.49533
-3.49514
-3.49624
-3.49633
-3.49711
-3.49708
-3.49752
-3.4976
-3.49733
-3.49759
-3.49777
-3.49829
-3.49868
-3.49889
-3.49867
-3.49842
-3.49704
-3.49606
-3.4951
-3.49442
-3.49447
-3.49419
-3.49474
-3.49481
-3.49526
-3.49616
-3.49695
-3.49731
-3.4977
-3.49719
-3.49716
-3.49569
-3.49243
-3.49182
-3.49239
-3.49439
-3.4954
-3.49764
-3.4978
-3.49922
-3.50073
-3.50026
-3.50004
-3.5
-3.49941
-3.4986
-3.4982
-3.49755
-3.49767
-3.49771
-3.49807
-3.49892
-3.49883
-3.49985
-3.50036
-3.50141
-3.5026
-3.50422
-3.50424
-3.50412
-3.50345
-3.50225
-3.50136
-3.50007
-3.49991
-3.49939
-3.50024
-3.50047
-3.50082
-3.50088
-3.50054
-3.50056
-3.5003
-3.50062
-3.50057
-3.49942
-3.49855
-3.4983
-3.49724
-3.4967
-3.4972
-3.49815
-3.49929
-3.50098
-3.50105
-3.50122
-3.50112
-3.50127
-3.50003
-3.49986
-3.49792
-3.49743
-3.49654
-3.49633
-3.49588
-3.49595
-3.4963
-3.49668
-3.49741
-3.49615
-3.49601
-3.49669
-3.49654
-3.49666
-3.49737
-3.49764
-3.49835
-3.49787
-3.49794
-3.49863
-3.49799
-3.49859
-3.49818
-3.49782
-3.49799
-3.4972
-3.49753
-3.49784
-3.49762
-3.4976
-3.49716
-3.49637
-3.49633
-3.4962
-3.49552
-3.4958
-3.49599
-3.49756
-3.49839
-3.49859
-3.49781
-3.49605
-3.49664
-3.4951
-3.49438
-3.49589
-3.49662
-3.49641
-3.49712
-3.49833
-3.4983
-3.49829
-3.49848
-3.49752
-3.49817
-3.49905
-3.4986
-3.49943
-3.49963
-3.49972
-3.49947
-3.50045
-3.50153
-3.5011
-3.50098
-3.50112
-3.50143
-3.50074
-3.49989
-3.49918
-3.49981
-3.4988
-3.49891
-3.49792
-3.4968
-3.49654
-3.49613
-3.49624
-3.49597
-3.49665
-3.49775
-3.49845
-3.4988
-3.49841
-3.49858
-3.49916
-3.49942
-3.49885
-3.49769
-3.49723
-3.49722
-3.49706
-3.49821
-3.49933
-3.49879
-3.49812
-3.49712
-3.49619
-3.49495
-3.49416
-3.4938
-3.49484
-3.49627
-3.49741
-3.4989
-3.49981
-3.50005
-3.50016
-3.49984
-3.49938
-3.49951
-3.49977
-3.50018
-3.4999
-3.49835
-3.49676
-3.49575
-3.49442
-3.49387
-3.49323
-3.49245
-3.49206
-3.49289
-3.493
-3.49337
-3.49398
-3.49525
-3.49578
-3.49685
-3.49814
-3.49879
-3.49944
-3.50155
-3.50036
-3.50029
-3.4996
-3.49795
-3.4985
-3.49852
-3.49891
-3.5001
-3.50127
-3.50176
-3.50173
-3.50195
-3.50178
-3.50083
-3.49962
-3.49936
-3.50003
-3.50106
-3.50155
-3.50142
-3.50233
-3.50276
-3.50344
-3.50322
-3.50421
-3.50376
-3.50302
-3.50269
-3.50173
-3.50072
-3.49925
-3.49914
-3.49774
-3.49824
-3.49867
-3.49952
-3.50169
-3.50299
-3.50193
-3.50257
-3.50117
-3.50104
-3.50038
-3.50009
-3.49962
-3.49955
-3.49903
-3.49929
-3.49922
-3.49748
-3.49577
-3.49376
-3.49367
-3.49407
-3.49498
-3.49476
-3.49475
-3.49573
-3.49661
-3.49735
-3.49767
-3.49866
-3.50006
-3.50019
-3.50034
-3.49924
-3.49865
-3.49906
-3.49903
-3.50007
-3.49825
-3.49715
-3.49626
-3.49497
-3.49465
-3.49441
-3.49404
-3.4931
-3.494
-3.49398
-3.4937
-3.49377
-3.49311
-3.49278
-3.4935
-3.49467
-3.4967
-3.49767
-3.49708
-3.49745
-3.4981
-3.49833
-3.49746
-3.49721
-3.49696
-3.4964
-3.49614
-3.49548
-3.49529
-3.49556
-3.49669
-3.49688
-3.49621
-3.49686
-3.49682
-3.49665
-3.49652
-3.49658
-3.497
-3.49634
-3.49699
-3.49714
-3.49754
-3.49914
-3.50051
-3.50063
-3.49996
-3.49857
-3.49853
-3.4974
-3.49614
-3.49542
-3.49542
-3.49575
-3.49549
-3.49589
-3.49507
-3.49354
-3.49406
-3.49421
-3.49352
-3.49313
-3.49286
-3.49405
-3.49339
-3.49369
-3.49402
-3.49384
-3.4942
-3.49442
-3.4951
-3.49576
-3.49701
-3.49607
-3.49548
-3.4947
-3.49387
-3.49166
-3.49094
-3.49001
-3.48989
-3.49118
-3.49246
-3.49313
-3.49354
-3.4947
-3.49568
-3.49655
-3.49749
-3.49751
-3.49758
-3.49778
-3.49853
-3.4985
-3.49923
-3.49935
-3.49881
-3.4973
-3.4964
-3.49542
-3.49522
-3.49482
-3.49521
-3.49643
-3.49851
-3.50027
-3.501
-3.50133
-3.50073
-3.50087
-3.49892
-3.49761
-3.49621
-3.49551
-3.49551
-3.49464
-3.49372
-3.49442
-3.49636
-3.49752
-3.49867
-3.49898
-3.49829
-3.50009
-3.4998
-3.50019
-3.50049
-3.50111
-3.50072
-3.49919
-3.49855
-3.49811
-3.49721
-3.49651
-3.49568
-3.49672
-3.4974
-3.49902
-3.50008
-3.501
-3.50182
-3.50284
-3.50185
-3.50226
-3.50114
-3.50018
-3.50011
-3.49988
-3.49928
-3.49968
-3.50055
-3.50127
-3.50089
-3.50138
-3.50219
-3.5015
-3.50083
-3.49945
-3.49909
-3.498
-3.4976
-3.49663
-3.49563
-3.4954
-3.49445
-3.4943
-3.4947
-3.49552
-3.49541
-3.49671
-3.4974
-3.4985
-3.49793
-3.49858
-3.4991
-3.49994
-3.50077
-3.50087
-3.50014
-3.50138
-3.5002
-3.5003
-3.50001
-3.49887
-3.50028
-3.50053
-3.50107
-3.50161
-3.50176
-3.50117
-3.4997
-3.49861
-3.49755
-3.4966
-3.49613
-3.49669
-3.49754
-3.50001
-3.50232
-3.50341
-3.50288
-3.50247
-3.5025
-3.50132
-3.50062
-3.50049
-3.49944
-3.49846
-3.49789
-3.49826
-3.49772
-3.49721
-3.49584
-3.49425
-3.49389
-3.49381
-3.49388
-3.49335
-3.49382
-3.4958
-3.49572
-3.49688
-3.49785
-3.49796
-3.49703
-3.49733
-3.49707
-3.4971
-3.49732
-3.49743
-3.49747
-3.49729
-3.49685
-3.49743
-3.49751
-3.49825
-3.49869
-3.498
-3.49686
-3.49682
-3.49639
-3.49487
-3.49434
-3.49381
-3.49477
-3.49514
-3.49653
-3.49688
-3.49709
-3.49698
-3.49655
-3.49871
-3.49918
-3.49919
-3.49907
-3.49924
-3.49894
-3.4979
-3.49781
-3.49693
-3.49677
-3.49693
-3.49915
-3.50134
-3.50239
-3.50244
-3.50262
-3.50297
-3.50249
-3.50179
-3.50164
-3.50065
-3.50015
-3.49908
-3.4982
-3.49888
-3.49904
-3.49928
-3.50033
-3.50062
-3.50097
-3.50076
-3.50045
-3.49992
-3.49986
-3.50063
-3.50034
-3.5008
-3.50104
-3.50141
-3.50111
-3.50071
-3.50004
-3.50031
-3.50014
-3.49941
-3.49861
-3.49679
-3.49571
-3.49558
-3.49608
-3.49587
-3.49693
-3.49761
-3.49676
-3.4968
-3.49771
-3.50024
-3.5015
-3.50241
-3.50149
-3.50146
-3.50057
-3.5003
-3.5006
-3.50067
-3.49948
-3.49979
-3.49996
-3.49937
-3.49954
-3.49914
-3.49885
-3.49898
-3.49995
-3.50136
-3.50318
-3.50382
-3.50415
-3.50313
-3.50224
-3.50019
-3.49877
-3.49863
-3.4975
-3.49752
-3.49857
-3.49927
-3.50002
-3.50011
-3.50171
-3.50355
-3.50468
-3.50448
-3.50403
-3.50332
-3.5021
-3.50204
-3.50163
-3.50039
-3.50077
-3.50042
-3.49854
-3.49798
-3.4978
-3.4972
-3.49616
-3.4965
-3.49694
-3.49874
-3.49913
-3.49971
-3.49996
-3.50127
-3.50117
-3.50224
-3.50172
-3.50267
-3.50207
-3.50189
-3.50169
-3.5015
-3.50195
-3.50197
-3.50192
-3.50079
-3.50035
-3.49914
-3.49825
-3.49779
-3.49841
-3.49953
-3.50087
-3.50083
-3.50059
-3.50132
-3.50072
-3.50028
-3.49948
-3.49941
-3.50035
-3.50121
-3.5015
-3.50164
-3.50292
-3.50484
-3.50562
-3.50623
-3.50834
-3.50861
-3.50674
-3.50584
-3.50476
-3.50397
-3.50156
-3.50039
-3.49995
-3.49901
-3.49924
-3.49982
-3.49919
-3.50083
-3.50191
-3.50226
-3.50235
-3.50385
-3.50471
-3.50676
-3.50701
-3.50761
-3.50707
-3.50739
-3.50643
-3.50646
-3.50664
-3.50751
-3.50698
-3.50754
-3.50661
-3.50654
-3.50643
-3.50544
-3.5045
-3.50407
-3.50272
-3.50147
-3.50126
-3.50256
-3.5042
-3.50471
-3.5049
-3.50482
-3.50371
-3.50323
-3.50309
-3.50384
-3.50418
-3.50418
-3.50363
-3.50338
-3.50231
-3.51423
-3.51366
-3.51301
-3.51103
-3.50662
-3.50032
-3.49541
-3.49054
-3.48635
-3.48418
-3.4817
-3.47944
-3.47961
-3.48145
-3.48423
-3.48795
-3.49236
-3.49649
-3.50009
-3.50252
-3.50511
-3.50564
-3.50515
-3.50531
-3.50479
-3.50391
-3.50343
-3.50209
-3.50232
-3.50212
-3.50106
-3.50054
-3.50031
-3.49973
-3.49924
-3.49895
-3.49811
-3.49782
-3.51423
-3.51366
-3.51301
-3.51103
-3.50662
-3.50032
-3.49541
-3.49054
-3.48635
-3.48418
-3.4817
-3.47944
-3.47961
-3.48145
-3.48423
-3.48795
-3.49236
-3.49649
-3.50009
-3.50252
-3.50511
-3.50564
-3.50515
-3.50531
-3.50479
-3.51423
-3.51366
-3.51301
-3.51103
-3.50662
-3.50032
-3.49541
-3.49054
-3.48635
-3.48418
-3.4817
-3.47944
-3.47961
-3.48145
-3.48423
-3.48795
-3.49236
-3.49649
-3.50009
-3.50252
-3.51423
-3.51366
-3.51301
-3.51103
-3.50662
-3.50032
-3.49541
-3.49054
-3.48635
-3.48418
-3.4817
-3.47944
-3.47961
-3.48145
-3.48423
-3.48795
-3.49236
-3.49649
-3.50009
-3.50252
-3.50511
-3.50564
-3.50515
-3.50531
-3.50479
-3.50391
-3.50343
-3.50209
-3.50232
-3.50212
-3.50106
-3.50054
-3.50031
-3.49973
-3.49924
-3.49895
-3.49811
-3.49782
-3.49822
-3.49825
-3.49942
-3.49974
-3.50046
-3.50188
-3.50331
-3.50326
-3.50351
-3.50381
-3.50344
-3.50281
-3.50237
-3.50111
-3.50048
-3.49951
-3.49969
-3.49856
-3.49833
-3.49809
-3.49878
-3.49904
-3.49969
-3.50073
-3.50036
-3.50024
-3.49973
-3.51423
-3.51366
-3.51301
-3.51103
-3.50662
-3.50032
-3.49541
-3.49054
-3.48635
-3.48418
-3.4817
-3.47944
-3.47961
-3.48145
-3.48423
-3.48795
-3.49236
-3.49649
-3.50009
-3.50252
-3.50511
-3.51423
-3.51366
-3.51301
-3.51103
-3.50662
-3.50032
-3.49541
-3.49054
-3.48635
-3.48418
-3.4817
-3.47944
-3.47961
-3.48145
-3.48423
-3.48795
-3.49236
-3.49649
-3.51423
-3.51366
-3.51301
-3.51103
-3.50662
-3.50032
-3.49541
-3.49054
-3.48635
-3.48418
-3.4817
-3.47944
-3.47961
-3.48145
-3.48423
-3.48795
-3.49236
-3.49649
-3.50009
-3.50252
-3.50511
-3.50564
-3.50515
-3.50531
-3.50479
-3.50391
-3.50343
-3.50209
-3.50232
-3.51423
-3.51366
-3.51301
-3.51103
-3.50662
-3.50032
-3.49541
-3.49054
-3.48635
-3.48418
-3.4817
-3.47944
-3.47961
-3.48145
-3.48423
-3.48795
-3.49236
-3.49649
-3.50009
-3.50252
-3.50511
-3.50564
-3.50515
-3.50531
-3.50479
-3.50391
-3.50343
-3.50209
-3.50232
-3.50212
-3.50106
-3.50054
-3.50031
-3.49973
-3.49924
-3.49895
-3.49811
-3.49782
-3.49822
-3.49825
-3.49942
-3.49974
-3.50046
-3.50188
-3.50331
-3.50326
-3.50351
-3.50381
-3.50344
-3.50281
-3.50237
-3.50111
-3.50048
-3.49951
-3.49969
-3.49856
-3.49833
-3.49809
-3.49878
-3.49904
-3.49969
-3.50073
-3.51423
-3.51366
-3.51301
-3.51103
-3.50662
-3.50032
-3.49541
-3.49054
-3.48635
-3.48418
-3.4817
-3.47944
-3.47961
-3.48145
-3.48423
-3.48795
-3.49236
-3.49649
-3.50009
-3.50252
-3.50511
-3.50564
-3.50515
-3.50531
-3.50479
-3.50391
-3.50343
-3.50209
-3.50232
-3.50212
-3.50106
-3.50054
-3.50031
-3.49973
-3.49924
-3.49895
-3.49811
-3.49782
-3.49822
-3.49825
-3.49942
-3.49974
-3.50046
-3.50188
-3.50331
-3.50326
-3.50351
-3.50381
-3.50344
-3.50281
-3.50237
-3.50111
-3.50048
-3.49951
-3.49969
-3.49856
-3.49833
-3.49809
-3.49878
-3.49904
-3.49969
-3.50073
-3.50036
-3.50024
-3.49973
-3.49923
-3.49812
-3.49719
-3.49748
-3.49776
-3.49693
-3.49647
-3.49613
-3.49575
-3.49625
-3.49667
-3.4966
-3.49554
-3.49604
-3.49683
-3.49666
-3.49468
-3.49559
-3.49475
-3.49422
-3.49504
-3.49483
-3.49489
-3.49664
-3.49655
-3.49703
-3.49638
-3.49623
-3.49598
-3.49592
-3.49487
-3.49467
-3.49384
-3.49408
-3.49314
-3.49329
-3.49258
-3.49176
-3.49226
-3.49233
-3.49282
-3.49345
-3.49401
-3.49512
-3.497
-3.49782
-3.49847
-3.49931
-3.49931
-3.49767
-3.4971
-3.49681
-3.49706
-3.49611
-3.49553
-3.49624
-3.49547
-3.49657
-3.49685
-3.49748
-3.49821
-3.4986
-3.49888
-3.49812
-3.49788
-3.49883
-3.4997
-3.49909
-3.49924
-3.49982
-3.50051
-3.49918
-3.49877
-3.49835
-3.49898
-3.49898
-3.4994
-3.50038
-3.49986
-3.4991
-3.49812
-3.4974
-3.49699
-3.51423
-3.51366
-3.51301
-3.51103
-3.50662
-3.50032
-3.49541
-3.49054
-3.48635
-3.48418
-3.4817
-3.47944
-3.47961
-3.48145
-3.48423
-3.48795
-3.49236
-3.49649
-3.50009
-3.50252
-3.50511
-3.50564
-3.50515
-3.50531
-3.50479
-3.50391
-3.50343
-3.50209
-3.50232
-3.50212
-3.50106
-3.50054
-3.50031
-3.49973
-3.49924
-3.49895
-3.49811
-3.49782
-3.49822
-3.49825
-3.49942
-3.49974
-3.50046
-3.50188
-3.50331
-3.50326
-3.50351
-3.50381
-3.50344
-3.50281
-3.50237
-3.50111
-3.50048
-3.49951
-3.49969
-3.49856
-3.49833
-3.49809
-3.49878
-3.49904
-3.49969
-3.50073
-3.50036
-3.50024
-3.49973
-3.49923
-3.49812
-3.49719
-3.49748
-3.49776
-3.49693
-3.49647
-3.49613
-3.49575
-3.49625
-3.49667
-3.4966
-3.49554
-3.49604
-3.49683
-3.49666
-3.49468
-3.49559
-3.49475
-3.49422
-3.49504
-3.49483
-3.49489
-3.49664
-3.49655
-3.49703
-3.49638
-3.49623
-3.49598
-3.49592
-3.49487
-3.49467
-3.49384
-3.49408
-3.49314
-3.49329
-3.49258
-3.49176
-3.49226
-3.49233
-3.49282
-3.49345
-3.49401
-3.49512
-3.497
-3.49782
-3.49847
-3.49931
-3.49931
-3.49767
-3.4971
-3.49681
-3.49706
-3.49611
-3.49553
-3.49624
-3.49547
-3.49657
-3.49685
-3.49748
-3.49821
-3.4986
-3.49888
-3.49812
-3.49788
-3.49883
-3.4997
-3.49909
-3.49924
-3.49982
-3.50051
-3.49918
-3.49877
-3.49835
-3.49898
-3.49898
-3.4994
-3.50038
-3.49986
-3.4991
-3.49812
-3.4974
-3.49699
-3.4975
-3.49744
-3.49796
-3.4973
-3.49786
-3.49871
-3.49872
-3.49982
-3.49908
-3.49857
-3.49722
-3.49749
-3.49895
-3.49982
-3.50094
-3.5022
-3.50169
-3.50114
-3.5001
-3.4997
-3.49993
-3.49968
-3.50013
-3.49938
-3.49879
-3.49916
-3.49924
-3.49999
-3.5
-3.50058
-3.49946
-3.49894
-3.49621
-3.49592
-3.49626
-3.49664
-3.49665
-3.49804
-3.49889
-3.50002
-3.50014
-3.50158
-3.50115
-3.50088
-3.50118
-3.50017
-3.49887
-3.49855
-3.4987
-3.49808
-3.49751
-3.49757
-3.49699
-3.49714
-3.49782
-3.49998
-3.50068
-3.50214
-3.50292
-3.50317
-3.5034
-3.50374
-3.50533
-3.50504
-3.50462
-3.5039
-3.50216
-3.50173
-3.50105
-3.49961
-3.49947
-3.49871
-3.49856
-3.49781
-3.49717
-3.49799
-3.49724
-3.49735
-3.49696
-3.497
-3.49728
-3.4972
-3.49807
-3.49788
-3.49823
-3.49874
-3.49813
-3.49819
-3.49801
-3.49691
-3.49663
-3.49605
-3.49555
-3.49578
-3.49497
-3.49467
-3.49436
-3.49661
-3.49811
-3.49864
-3.50043
-3.50043
-3.50187
-3.501
-3.49904
-3.49899
-3.49822
-3.49734
-3.49533
-3.49514
-3.49624
-3.49633
-3.49711
-3.49708
-3.49752
-3.4976
-3.49733
-3.49759
-3.49777
-3.49829
-3.49868
-3.49889
-3.49867
-3.49842
-3.49704
-3.49606
-3.4951
-3.49442
-3.49447
-3.49419
-3.49474
-3.49481
-3.49526
-3.49616
-3.49695
-3.49731
-3.4977
-3.49719
-3.49716
-3.49569
-3.49243
-3.49182
-3.49239
-3.49439
-3.4954
-3.49764
-3.4978
-3.49922
-3.50073
-3.50026
-3.50004
-3.5
-3.49941
-3.4986
-3.4982
-3.49755
-3.49767
-3.49771
-3.49807
-3.49892
-3.49883
-3.49985
-3.50036
-3.50141
-3.5026
-3.50422
-3.50424
-3.50412
-3.50345
-3.50225
-3.50136
-3.50007
-3.49991
-3.49939
-3.50024
-3.50047
-3.50082
-3.50088
-3.50054
-3.50056
-3.5003
-3.50062
-3.50057
-3.49942
-3.49855
-3.4983
-3.49724
-3.4967
-3.4972
-3.49815
-3.49929
-3.50098
-3.50105
-3.50122
-3.50112
-3.50127
-3.50003
-3.49986
-3.49792
-3.49743
-3.49654
-3.49633
-3.49588
-3.49595
-3.4963
-3.49668
-3.49741
-3.49615
-3.49601
-3.49669
-3.49654
-3.49666
-3.49737
-3.49764
-3.49835
-3.49787
-3.49794
-3.49863
-3.49799
-3.49859
-3.49818
-3.49782
-3.49799
-3.4972
-3.49753
-3.49784
-3.49762
-3.4976
-3.49716
-3.49637
-3.49633
-3.4962
-3.49552
-3.4958
-3.49599
-3.49756
-3.49839
-3.49859
-3.49781
-3.49605
-3.49664
-3.4951
-3.49438
-3.49589
-3.49662
-3.49641
-3.49712
-3.49833
-3.4983
-3.49829
-3.49848
-3.49752
-3.49817
-3.49905
-3.4986
-3.49943
-3.49963
-3.49972
-3.49947
-3.50045
-3.50153
-3.5011
-3.50098
-3.50112
-3.50143
-3.50074
-3.49989
-3.49918
-3.49981
-3.4988
-3.49891
-3.49792
-3.4968
-3.49654
-3.49613
-3.49624
-3.49597
-3.49665
-3.49775
-3.49845
-3.4988
-3.49841
-3.49858
-3.49916
-3.49942
-3.49885
-3.49769
-3.49723
-3.49722
-3.49706
-3.49821
-3.49933
-3.49879
-3.49812
-3.49712
-3.49619
-3.49495
-3.49416
-3.4938
-3.49484
-3.49627
-3.49741
-3.4989
-3.49981
-3.50005
-3.50016
-3.49984
-3.49938
-3.49951
-3.49977
-3.50018
-3.4999
-3.49835
-3.49676
-3.49575
-3.49442
-3.49387
-3.49323
-3.49245
-3.49206
-3.49289
-3.493
-3.49337
-3.49398
-3.49525
-3.49578
-3.49685
-3.49814
-3.49879
-3.49944
-3.50155
-3.50036
-3.50029
-3.4996
-3.49795
-3.4985
-3.49852
-3.49891
-3.5001
-3.50127
-3.50176
-3.50173
-3.50195
-3.50178
-3.50083
-3.49962
-3.49936
-3.50003
-3.50106
-3.50155
-3.50142
-3.50233
-3.50276
-3.50344
-3.50322
-3.50421
-3.50376
-3.50302
-3.50269
-3.50173
-3.50072
-3.49925
-3.49914
-3.49774
-3.49824
-3.49867
-3.49952
-3.50169
-3.50299
-3.50193
-3.50257
-3.50117
-3.50104
-3.50038
-3.50009
-3.49962
-3.49955
-3.49903
-3.49929
-3.49922
-3.49748
-3.49577
-3.49376
-3.49367
-3.49407
-3.49498
-3.49476
-3.49475
-3.49573
-3.49661
-3.49735
-3.49767
-3.49866
-3.50006
-3.50019
-3.50034
-3.49924
-3.49865
-3.49906
-3.49903
-3.50007
-3.49825
-3.49715
-3.49626
-3.49497
-3.49465
-3.49441
-3.49404
-3.4931
-3.494
-3.49398
-3.4937
-3.49377
-3.49311
-3.49278
-3.4935
-3.49467
-3.4967
-3.49767
-3.49708
-3.49745
-3.4981
-3.49833
-3.49746
-3.49721
-3.49696
-3.4964
-3.49614
-3.49548
-3.49529
-3.49556
-3.49669
-3.49688
-3.49621
-3.49686
-3.49682
-3.49665
-3.49652
-3.49658
-3.497
-3.49634
-3.49699
-3.49714
-3.49754
-3.49914
-3.50051
-3.50063
-3.49996
-3.49857
-3.49853
-3.4974
-3.49614
-3.49542
-3.49542
-3.49575
-3.49549
-3.49589
-3.49507
-3.49354
-3.49406
-3.49421
-3.49352
-3.49313
-3.49286
-3.49405
-3.49339
-3.49369
-3.49402
-3.49384
-3.4942
-3.49442
-3.4951
-3.49576
-3.49701
-3.49607
-3.49548
-3.4947
-3.49387
-3.49166
-3.49094
-3.49001
-3.48989
-3.49118
-3.49246
-3.49313
-3.49354
-3.4947
-3.49568
-3.49655
-3.49749
-3.49751
-3.49758
-3.49778
-3.49853
-3.4985
-3.49923
-3.49935
-3.49881
-3.4973
-3.4964
-3.49542
-3.49522
-3.49482
-3.49521
-3.49643
-3.49851
-3.50027
-3.501
-3.50133
-3.50073
-3.50087
-3.49892
-3.49761
-3.49621
-3.49551
-3.49551
-3.49464
-3.49372
-3.49442
-3.49636
-3.49752
-3.49867
-3.49898
-3.49829
-3.50009
-3.4998
-3.50019
-3.50049
-3.50111
-3.50072
-3.49919
-3.49855
-3.49811
-3.49721
-3.49651
-3.49568
-3.49672
-3.4974
-3.49902
-3.50008
-3.501
-3.50182
-3.50284
-3.50185
-3.50226
-3.50114
-3.50018
-3.50011
-3.49988
-3.49928
-3.49968
-3.50055
-3.50127
-3.50089
-3.50138
-3.50219
-3.5015
-3.50083
-3.49945
-3.49909
-3.498
-3.4976
-3.49663
-3.49563
-3.4954
-3.49445
-3.4943
-3.4947
-3.49552
-3.49541
-3.49671
-3.4974
-3.4985
-3.49793
-3.49858
-3.4991
-3.49994
-3.50077
-3.50087
-3.50014
-3.50138
-3.5002
-3.5003
-3.50001
-3.49887
-3.50028
-3.50053
-3.50107
-3.50161
-3.50176
-3.50117
-3.4997
-3.49861
-3.49755
-3.4966
-3.49613
-3.49669
-3.49754
-3.50001
-3.50232
-3.50341
-3.50288
-3.50247
-3.5025
-3.50132
-3.50062
-3.50049
-3.49944
-3.49846
-3.49789
-3.49826
-3.49772
-3.49721
-3.49584
-3.49425
-3.49389
-3.49381
-3.49388
-3.49335
-3.49382
-3.4958
-3.49572
-3.49688
-3.49785
-3.49796
-3.49703
-3.49733
-3.49707
-3.4971
-3.49732
-3.49743
-3.49747
-3.49729
-3.49685
-3.49743
-3.49751
-3.49825
-3.49869
-3.498
-3.49686
-3.49682
-3.49639
-3.49487
-3.49434
-3.49381
-3.49477
-3.49514
-3.49653
-3.49688
-3.49709
-3.49698
-3.49655
-3.49871
-3.49918
-3.49919
-3.49907
-3.49924
-3.49894
-3.4979
-3.49781
-3.49693
-3.49677
-3.49693
-3.49915
-3.50134
-3.50239
-3.50244
-3.50262
-3.50297
-3.50249
-3.50179
-3.50164
-3.50065
-3.50015
-3.49908
-3.4982
-3.49888
-3.49904
-3.49928
-3.50033
-3.50062
-3.50097
-3.50076
-3.50045
-3.49992
-3.49986
-3.50063
-3.50034
-3.5008
-3.50104
-3.50141
-3.50111
-3.50071
-3.50004
-3.50031
-3.50014
-3.49941
-3.49861
-3.49679
-3.49571
-3.49558
-3.49608
-3.49587
-3.49693
-3.49761
-3.49676
-3.4968
-3.49771
-3.50024
-3.5015
-3.50241
-3.50149
-3.50146
-3.50057
-3.5003
-3.5006
-3.50067
-3.49948
-3.49979
-3.49996
-3.49937
-3.49954
-3.49914
-3.49885
-3.49898
-3.49995
-3.50136
-3.50318
-3.50382
-3.50415
-3.50313
-3.50224
-3.50019
-3.49877
-3.49863
-3.4975
-3.49752
-3.49857
-3.49927
-3.50002
-3.50011
-3.50171
-3.50355
-3.50468
-3.50448
-3.50403
-3.50332
-3.5021
-3.50204
-3.50163
-3.50039
-3.50077
-3.50042
-3.49854
-3.49798
-3.4978
-3.4972
-3.49616
-3.4965
-3.49694
-3.49874
-3.49913
-3.49971
-3.49996
-3.50127
-3.50117
-3.50224
-3.50172
-3.50267
-3.50207
-3.50189
-3.50169
-3.5015
-3.50195
-3.50197
-3.50192
-3.50079
-3.50035
-3.49914
-3.49825
-3.49779
-3.49841
-3.49953
-3.50087
-3.50083
-3.50059
-3.50132
-3.50072
-3.50028
-3.49948
-3.49941
-3.50035
-3.50121
-3.5015
-3.50164
-3.50292
-3.50484
-3.50562
-3.50623
-3.50834
-3.50861
-3.50674
-3.50584
-3.50476
-3.50397
-3.50156
-3.50039
-3.49995
-3.49901
-3.49924
-3.49982
-3.49919
-3.50083
-3.50191
-3.50226
-3.50235
-3.50385
-3.50471
-3.50676
-3.50701
-3.50761
-3.50707
-3.50739
-3.50643
-3.50646
-3.50664
-3.50751
-3.50698
-3.50754
-3.50661
-3.50654
-3.50643
-3.50544
-3.5045
-3.50407
-3.50272
-3.50147
-3.50126
-3.50256
-3.5042
-3.50471
-3.5049
-3.50482
-3.50371
-3.50323
-3.50309
-3.50384
-3.50418
-3.50418
-3.50363
-3.50338
-3.50231
-3.51423
-3.51366
-3.51301
-3.51103
-3.50662
-3.50032
-3.49541
-3.49054
-3.48635
-3.48418
-3.4817
-3.47944
-3.47961
-3.48145
-3.48423
-3.48795
-3.49236
-3.49649
-3.50009
-3.50252
-3.50511
-3.50564
-3.50515
-3.50531
-3.50479
-3.50391
-3.50343
-3.50209
-3.50232
-3.50212
-3.50106
-3.50054
-3.50031
-3.49973
-3.49924
-3.49895
-3.49811
-3.49782
-3.49822
-3.49825
-3.49942
-3.49974
-3.50046
-3.50188
-3.50331
-3.50326
-3.50351
-3.50381
-3.50344
-3.50281
-3.50237
-3.50111
-3.50048
-3.49951
-3.49969
-3.49856
-3.49833
-3.49809
-3.49878
-3.49904
-3.49969
-3.50073
-3.50036
-3.50024
-3.49973
-3.49923
-3.49812
-3.49719
-3.49748
-3.49776
-3.49693
-3.49647
-3.49613
-3.49575
-3.49625
-3.49667
-3.4966
-3.49554
-3.49604
-3.49683
-3.49666
-3.49468
-3.49559
-3.49475
-3.49422
-3.49504
-3.49483
-3.49489
-3.49664
-3.49655
-3.49703
-3.49638
-3.49623
-3.49598
-3.49592
-3.49487
-3.49467
-3.49384
-3.49408
-3.49314
-3.49329
-3.49258
-3.49176
-3.49226
-3.49233
-3.49282
-3.49345
-3.49401
-3.49512
-3.497
-3.49782
-3.49847
-3.49931
-3.49931
-3.49767
-3.4971
-3.49681
-3.49706
-3.49611
-3.49553
-3.49624
-3.49547
-3.49657
-3.49685
-3.49748
-3.49821
-3.4986
-3.49888
-3.49812
-3.49788
-3.49883
-3.4997
-3.49909
-3.49924
-3.49982
-3.50051
-3.49918
-3.49877
-3.49835
-3.49898
-3.49898
-3.4994
-3.50038
-3.49986
-3.4991
-3.49812
-3.4974
-3.49699
-3.4975
-3.49744
-3.49796
-3.4973
-3.49786
-3.49871
-3.49872
-3.49982
-3.49908
-3.49857
-3.49722
-3.49749
-3.49895
-3.49982
-3.50094
-3.5022
-3.50169
-3.50114
-3.5001
-3.4997
-3.49993
-3.49968
-3.50013
-3.49938
-3.49879
-3.49916
-3.49924
-3.49999
-3.5
-3.50058
-3.49946
-3.49894
-3.49621
-3.49592
-3.49626
-3.49664
-3.49665
-3.49804
-3.49889
-3.50002
-3.50014
-3.50158
-3.50115
-3.50088
-3.50118
-3.50017
-3.49887
-3.49855
-3.4987
-3.49808
-3.49751
-3.49757
-3.49699
-3.49714
-3.49782
-3.49998
-3.50068
-3.50214
-3.50292
-3.50317
-3.5034
-3.50374
-3.50533
-3.50504
-3.50462
-3.5039
-3.50216
-3.50173
-3.50105
-3.49961
-3.49947
-3.49871
-3.49856
-3.49781
-3.49717
-3.49799
-3.49724
-3.49735
-3.49696
-3.497
-3.49728
-3.4972
-3.49807
-3.49788
-3.49823
-3.49874
-3.49813
-3.49819
-3.49801
-3.49691
-3.49663
-3.49605
-3.49555
-3.49578
-3.49497
-3.49467
-3.49436
-3.49661
-3.49811
-3.49864
-3.50043
-3.50043
-3.50187
-3.501
-3.49904
-3.49899
-3.49822
-3.49734
-3.49533
-3.49514
-3.49624
-3.49633
-3.49711
-3.49708
-3.49752
-3.4976
-3.49733
-3.49759
-3.49777
-3.49829
-3.49868
-3.49889
-3.49867
-3.49842
-3.49704
-3.49606
-3.4951
-3.49442
-3.49447
-3.49419
-3.49474
-3.49481
-3.49526
-3.49616
-3.49695
-3.49731
-3.4977
-3.49719
-3.49716
-3.49569
-3.49243
-3.49182
-3.49239
-3.49439
-3.4954
-3.49764
-3.4978
-3.49922
-3.50073
-3.50026
-3.50004
-3.5
-3.49941
-3.4986
-3.4982
-3.49755
-3.49767
-3.49771
-3.49807
-3.49892
-3.49883
-3.49985
-3.50036
-3.50141
-3.5026
-3.50422
-3.50424
-3.50412
-3.50345
-3.50225
-3.50136
-3.50007
-3.49991
-3.49939
-3.50024
-3.50047
-3.50082
-3.50088
-3.50054
-3.50056
-3.5003
-3.50062
-3.50057
-3.49942
-3.49855
-3.4983
-3.49724
-3.4967
-3.4972
-3.49815
-3.49929
-3.50098
-3.50105
-3.50122
-3.50112
-3.50127
-3.50003
-3.49986
-3.49792
-3.49743
-3.49654
-3.49633
-3.49588
-3.49595
-3.4963
-3.49668
-3.49741
-3.49615
-3.49601
-3.49669
-3.49654
-3.49666
-3.49737
-3.49764
-3.49835
-3.49787
-3.49794
-3.49863
-3.49799
-3.49859
-3.49818
-3.49782
-3.49799
-3.4972
-3.49753
-3.49784
-3.49762
-3.4976
-3.49716
-3.49637
-3.49633
-3.4962
-3.49552
-3.4958
-3.49599
-3.49756
-3.49839
-3.49859
-3.49781
-3.49605
-3.49664
-3.4951
-3.49438
-3.49589
-3.49662
-3.49641
-3.49712
-3.49833
-3.4983
-3.49829
-3.49848
-3.49752
-3.49817
-3.49905
-3.4986
-3.49943
-3.49963
-3.49972
-3.49947
-3.50045
-3.50153
-3.5011
-3.50098
-3.50112
-3.50143
-3.50074
-3.49989
-3.49918
-3.49981
-3.4988
-3.49891
-3.49792
-3.4968
-3.49654
-3.49613
-3.49624
-3.49597
-3.49665
-3.49775
-3.49845
-3.4988
-3.49841
-3.49858
-3.49916
-3.49942
-3.49885
-3.49769
-3.49723
-3.49722
-3.49706
-3.49821
-3.49933
-3.49879
-3.49812
-3.49712
-3.49619
-3.49495
-3.49416
-3.4938
-3.49484
-3.49627
-3.49741
-3.4989
-3.49981
-3.50005
-3.50016
-3.49984
-3.49938
-3.49951
-3.49977
-3.50018
-3.4999
-3.49835
-3.49676
-3.49575
-3.49442
-3.49387
-3.49323
-3.49245
-3.49206
-3.49289
-3.493
-3.49337
-3.49398
-3.49525
-3.49578
-3.49685
-3.49814
-3.49879
-3.49944
-3.50155
-3.50036
-3.50029
-3.4996
-3.49795
-3.4985
-3.49852
-3.49891
-3.5001
-3.50127
-3.50176
-3.50173
-3.50195
-3.50178
-3.50083
-3.49962
-3.49936
-3.50003
-3.50106
-3.50155
-3.50142
-3.50233
-3.50276
-3.50344
-3.50322
-3.50421
-3.50376
-3.50302
-3.50269
-3.50173
-3.50072
-3.49925
-3.49914
-3.49774
-3.49824
-3.49867
-3.49952
-3.50169
-3.50299
-3.50193
-3.50257
-3.50117
-3.50104
-3.50038
-3.50009
-3.49962
-3.49955
-3.49903
-3.49929
-3.49922
-3.49748
-3.49577
-3.49376
-3.49367
-3.49407
-3.49498
-3.49476
-3.49475
-3.49573
-3.49661
-3.49735
-3.49767
-3.49866
-3.50006
-3.50019
-3.50034
-3.49924
-3.49865
-3.49906
-3.49903
-3.50007
-3.49825
-3.49715
-3.49626
-3.49497
-3.49465
-3.49441
-3.49404
-3.4931
-3.494
-3.49398
-3.4937
-3.49377
-3.49311
-3.49278
-3.4935
-3.49467
-3.4967
-3.49767
-3.49708
-3.49745
-3.4981
-3.49833
-3.49746
-3.49721
-3.49696
-3.4964
-3.49614
-3.49548
-3.49529
-3.49556
-3.49669
-3.49688
-3.49621
-3.49686
-3.49682
-3.49665
-3.49652
-3.49658
-3.497
-3.49634
-3.49699
-3.49714
-3.49754
-3.49914
-3.50051
-3.50063
-3.49996
-3.49857
-3.49853
-3.4974
-3.49614
-3.49542
-3.49542
-3.49575
-3.49549
-3.49589
-3.49507
-3.49354
-3.49406
-3.49421
-3.49352
-3.49313
-3.49286
-3.49405
-3.49339
-3.49369
-3.49402
-3.49384
-3.4942
-3.49442
-3.4951
-3.49576
-3.49701
-3.49607
-3.49548
-3.4947
-3.49387
-3.49166
-3.49094
-3.49001
-3.48989
-3.49118
-3.49246
-3.49313
-3.49354
-3.4947
-3.49568
-3.49655
-3.49749
-3.49751
-3.49758
-3.49778
-3.49853
-3.4985
-3.49923
-3.49935
-3.49881
-3.4973
-3.4964
-3.49542
-3.49522
-3.49482
-3.49521
-3.49643
-3.49851
-3.50027
-3.501
-3.50133
-3.50073
-3.50087
-3.49892
-3.49761
-3.49621
-3.49551
-3.49551
-3.49464
-3.49372
-3.49442
-3.49636
-3.49752
-3.49867
-3.49898
-3.49829
-3.50009
-3.4998
-3.50019
-3.50049
-3.50111
-3.50072
-3.49919
-3.49855
-3.49811
-3.49721
-3.49651
-3.49568
-3.49672
-3.4974
-3.49902
-3.50008
-3.501
-3.50182
-3.50284
-3.50185
-3.50226
-3.50114
-3.50018
-3.50011
-3.49988
-3.49928
-3.49968
-3.50055
-3.50127
-3.50089
-3.50138
-3.50219
-3.5015
-3.50083
-3.49945
-3.49909
-3.498
-3.4976
-3.49663
-3.49563
-3.4954
-3.49445
-3.4943
-3.4947
-3.49552
-3.49541
-3.49671
-3.4974
-3.4985
-3.49793
-3.49858
-3.4991
-3.49994
-3.50077
-3.50087
-3.50014
-3.50138
-3.5002
-3.5003
-3.50001
-3.49887
-3.50028
-3.50053
-3.50107
-3.50161
-3.50176
-3.50117
-3.4997
-3.49861
-3.49755
-3.4966
-3.49613
-3.49669
-3.49754
-3.50001
-3.50232
-3.50341
-3.50288
-3.50247
-3.5025
-3.50132
-3.50062
-3.50049
-3.49944
-3.49846
-3.49789
-3.49826
-3.49772
-3.49721
-3.49584
-3.49425
-3.49389
-3.49381
-3.49388
-3.49335
-3.49382
-3.4958
-3.49572
-3.49688
-3.49785
-3.49796
-3.49703
-3.49733
-3.49707
-3.4971
-3.49732
-3.49743
-3.49747
-3.49729
-3.49685
-3.49743
-3.49751
-3.49825
-3.49869
-3.498
-3.49686
-3.49682
-3.49639
-3.49487
-3.49434
-3.49381
-3.49477
-3.49514
-3.49653
-3.49688
-3.49709
-3.49698
-3.49655
-3.49871
-3.49918
-3.49919
-3.49907
-3.49924
-3.49894
-3.4979
-3.49781
-3.49693
-3.49677
-3.49693
-3.49915
-3.50134
-3.50239
-3.50244
-3.50262
-3.50297
-3.50249
-3.50179
-3.50164
-3.50065
-3.50015
-3.49908
-3.4982
-3.49888
-3.49904
-3.49928
-3.50033
-3.50062
-3.50097
-3.50076
-3.50045
-3.49992
-3.49986
-3.50063
-3.50034
-3.5008
-3.50104
-3.50141
-3.50111
-3.50071
-3.50004
-3.50031
-3.50014
-3.49941
-3.49861
-3.49679
-3.49571
-3.49558
-3.49608
-3.49587
-3.49693
-3.49761
-3.49676
-3.4968
-3.49771
-3.50024
-3.5015
-3.50241
-3.50149
-3.50146
-3.50057
-3.5003
-3.5006
-3.50067
-3.49948
-3.49979
-3.49996
-3.49937
-3.49954
-3.49914
-3.49885
-3.49898
-3.49995
-3.50136
-3.50318
-3.50382
-3.50415
-3.50313
-3.50224
-3.50019
-3.49877
-3.49863
-3.4975
-3.49752
-3.49857
-3.49927
-3.50002
-3.50011
-3.50171
-3.50355
-3.50468
-3.50448
-3.50403
-3.50332
-3.5021
-3.50204
-3.50163
-3.50039
-3.50077
-3.50042
-3.49854
-3.49798
-3.4978
-3.4972
-3.49616
-3.4965
-3.49694
-3.49874
-3.49913
-3.49971
-3.49996
-3.50127
-3.50117
-3.50224
-3.50172
-3.50267
-3.50207
-3.50189
-3.50169
-3.5015
-3.50195
-3.50197
-3.50192
-3.50079
-3.50035
-3.49914
-3.49825
-3.49779
-3.49841
-3.49953
-3.50087
-3.50083
-3.50059
-3.50132
-3.50072
-3.50028
-3.49948
-3.49941
-3.50035
-3.50121
-3.5015
-3.50164
-3.50292
-3.50484
-3.50562
-3.50623
-3.50834
-3.50861
-3.50674
-3.50584
-3.50476
-3.50397
-3.50156
-3.50039
-3.49995
-3.49901
-3.49924
-3.49982
-3.49919
-3.50083
-3.50191
-3.50226
-3.50235
-3.50385
-3.50471
-3.50676
-3.50701
-3.50761
-3.50707
-3.50739
-3.50643
-3.50646
-3.50664
-3.50751
-3.50698
-3.50754
-3.50661
-3.50654
-3.50643
-3.50544
-3.5045
-3.50407
-3.50272
-3.50147
-3.50126
-3.50256
-3.5042
-3.50471
-3.5049
-3.50482
-3.50371
-3.50323
-3.50309
-3.50384
-3.50418
-3.50418
-3.50363
-3.50338
-3.50231
-3.50101
-3.49902
-3.49888
-3.50022
-3.49947
-3.5001
-3.50049
-3.50105
-3.50192
-3.50148
-3.50211
-3.50174
-3.50151
-3.5009
-3.49928
-3.49901
-3.49911
-3.50034
-3.50126
-3.50249
-3.50242
-3.50295
-3.50229
-3.50263
-3.503
-3.50271
-3.50331
-3.50399
-3.50386
-3.50304
-3.50217
-3.50117
-3.4996
-3.49766
-3.49782
-3.49804
-3.49803
-3.49844
-3.49854
-3.49896
-3.49809
-3.49879
-3.49982
-3.49967
-3.49893
-3.49945
-3.49882
-3.49859
-3.49786
-3.49842
-3.49773
-3.49718
-3.49742
-3.49771
-3.49774
-3.49879
-3.49875
-3.49936
-3.4986
-3.49848
-3.49907
-3.49839
-3.49885
-3.49855
-3.49827
-3.49798
-3.49814
-3.49775
-3.49789
-3.49834
-3.49946
-3.50057
-3.50096
-3.50163
-3.50167
-3.50115
-3.50021
-3.49937
-3.49914
-3.49762
-3.49887
-3.49892
-3.49901
-3.49947
-3.50163
-3.50182
-3.50281
-3.50214
-3.50044
-3.49976
-3.49807
-3.49727
-3.49732
-3.49814
-3.49871
-3.49859
-3.4986
-3.4994
-3.50003
-3.5012
-3.50108
-3.50088
-3.50239
-3.50171
-3.50158
-3.50004
-3.50007
-3.49896
-3.49898
-3.49853
-3.49832
-3.49884
-3.49873
-3.49767
-3.49786
-3.49803
-3.49876
-3.49809
-3.49861
-3.49947
-3.49936
-3.50029
-3.50062
-3.50061
-3.50245
-3.50316
-3.50205
-3.50182
-3.50116
-3.50179
-3.50184
-3.5033
-3.50316
-3.50274
-3.50212
-3.50144
-3.50178
-3.50187
-3.50086
-3.50111
-3.50211
-3.5026
-3.50277
-3.50251
-3.5032
-3.50371
-3.50364
-3.50263
-3.50233
-3.501
-3.50036
-3.49929
-3.49878
-3.49864
-3.49851
-3.49846
-3.50059
-3.50237
-3.50319
-3.50509
-3.50629
-3.50488
-3.50539
-3.50468
-3.50368
-3.50243
-3.50175
-3.50039
-3.50041
-3.49858
-3.49845
-3.49826
-3.49807
-3.49825
-3.49841
-3.49899
-3.49909
-3.50001
-3.50182
-3.50349
-3.50418
-3.50509
-3.50427
-3.50439
-3.50378
-3.50289
-3.50298
-3.50208
-3.50073
-3.49966
-3.49905
-3.4982
-3.49788
-3.49761
-3.49735
-3.49741
-3.49616
-3.49492
-3.49424
-3.49431
-3.49677
-3.49849
-3.49985
-3.50037
-3.50055
-3.50024
-3.50045
-3.49936
-3.49887
-3.49916
-3.49962
-3.50011
-3.50023
-3.49968
-3.49919
-3.49971
-3.49968
-3.49984
-3.49956
-3.49891
-3.4982
-3.49831
-3.49851
-3.49834
-3.49893
-3.50199
-3.5037
-3.50409
-3.50463
-3.50434
-3.50471
-3.50341
-3.50212
-3.50058
-3.4988
-3.49709
-3.49653
-3.49496
-3.49486
-3.49483
-3.49583
-3.49798
-3.49912
-3.49966
-3.4995
-3.49863
-3.49716
-3.49614
-3.49591
-3.49588
-3.49646
-3.4977
-3.49769
-3.49842
-3.49976
-3.5006
-3.50051
-3.50007
-3.50058
-3.50026
-3.50039
-3.50178
-3.50133
-3.50008
-3.49941
-3.49864
-3.49863
-3.49763
-3.49737
-3.49696
-3.49625
-3.49594
-3.49661
-3.49625
-3.49708
-3.4965
-3.49661
-3.49667
-3.49673
-3.49761
-3.49805
-3.49793
-3.49798
-3.49913
-3.49965
-3.49948
-3.49957
-3.49923
-3.49958
-3.50014
-3.50033
-3.49994
-3.49961
-3.49826
-3.49704
-3.49524
-3.49469
-3.49324
-3.49293
-3.49315
-3.49267
-3.49282
-3.49339
-3.49401
-3.49437
-3.49449
-3.49545
-3.49633
-3.49658
-3.49614
-3.49675
-3.49634
-3.49525
-3.4957
-3.497
-3.49793
-3.49929
-3.49974
-3.4995
-3.49954
-3.49876
-3.49893
-3.49894
-3.49895
-3.49845
-3.49831
-3.49789
-3.49819
-3.49837
-3.49898
-3.49904
-3.49938
-3.49875
-3.50032
-3.50051
-3.49937
-3.49932
-3.49897
-3.49961
-3.50053
-3.50092
-3.50075
-3.5027
-3.50216
-3.50245
-3.50301
-3.50287
-3.501
-3.5
-3.49982
-3.49826
-3.49863
-3.49774
-3.49727
-3.49793
-3.49868
-3.49899
-3.49892
-3.50035
-3.50068
-3.49982
-3.49929
-3.4995
-3.49874
-3.49945
-3.49814
-3.49721
-3.49666
-3.49642
-3.49626
-3.49549
-3.49488
-3.49542
-3.49565
-3.49555
-3.49555
-3.49541
-3.4966
-3.49671
-3.49845
-3.4994
-3.4999
-3.49973
-3.49877
-3.49883
-3.49941
-3.49921
-3.50026
-3.50075
-3.49966
-3.49939
-3.49802
-3.49724
-3.49704
-3.49798
-3.49794
-3.49801
-3.49713
-3.4965
-3.49482
-3.49422
-3.49458
-3.4949
-3.49517
-3.49747
-3.49879
-3.49973
-3.49994
-3.50036
-3.50051
-3.49957
-3.49858
-3.49735
-3.4964
-3.49673
-3.4975
-3.49825
-3.49878
-3.4993
-3.49914
-3.50023
-3.50096
-3.50215
-3.50282
-3.50259
-3.50251
-3.50204
-3.50194
-3.50139
-3.50048
-3.50151
-3.50209
-3.5027
-3.50161
-3.50245
-3.50151
-3.50058
-3.49917
-3.49995
-3.49899
-3.4989
-3.49877
-3.49919
-3.49876
-3.49824
-3.49845
-3.49814
-3.4976
-3.49692
-3.49643
-3.49739
-3.49643
-3.49591
-3.49552
-3.49504
-3.49603
-3.49639
-3.4979
-3.49788
-3.49913
-3.49918
-3.49888
-3.49927
-3.49894
-3.49974
-3.49952
-3.49901
-3.49988
-3.49982
-3.49955
-3.499
-3.49888
-3.49872
-3.49946
-3.49874
-3.49952
-3.49987
-3.49925
-3.50057
-3.50051
-3.5009
-3.50188
-3.50219
-3.50302
-3.50356
-3.50485
-3.50384
-3.50324
-3.50319
-3.50343
-3.50296
-3.5039
-3.50381
-3.50429
-3.50454
-3.50498
-3.50455
-3.50482
-3.50466
-3.50456
-3.50345
-3.50412
-3.50377
-3.50288
-3.50234
-3.50281
-3.50171
-3.50237
-3.50355
-3.5028
-3.50275
-3.50222
-3.50127
-3.49947
-3.49796
-3.49697
-3.49702
-3.49715
-3.49755
-3.49814
-3.4993
-3.49992
-3.50079
-3.50044
-3.5002
-3.49983
-3.49882
-3.49735
-3.49565
-3.49434
-3.49456
-3.49445
-3.49386
-3.49304
-3.49315
-3.49487
-3.49615
-3.4993
-3.50019
-3.50124
-3.50071
-3.49932
-3.49898
-3.49863
-3.49761
-3.49758
-3.49647
-3.49699
-3.49742
-3.4977
-3.49875
-3.49879
-3.49895
-3.49828
-3.4984
-3.49802
-3.49741
-3.49654
-3.49711
-3.49784
-3.49817
-3.49818
-3.49874
-3.49951
-3.50062
-3.50183
-3.50332
-3.50421
-3.50403
-3.50352
-3.50198
-3.5023
-3.5028
-3.50318
-3.50318
-3.50257
-3.50168
-3.50215
-3.50346
-3.50472
-3.50522
-3.50506
-3.50516
-3.50471
-3.50502
-3.50449
-3.50354
-3.50241
-3.50148
-3.5015
-3.50225
-3.50127
-3.5011
-3.50108
-3.50103
-3.50062
-3.50099
-3.50178
-3.50345
-3.50371
-3.50434
-3.50329
-3.50256
-3.50142
-3.50052
-3.49929
-3.49936
-3.49891
-3.49836
-3.49824
-3.499
-3.50049
-3.50125
-3.50111
-3.50138
-3.5018
-3.50311
-3.50415
-3.50365
-3.50276
-3.50224
-3.50313
-3.50248
-3.50184
-3.50135
-3.50222
-3.50282
-3.50334
-3.5041
-3.50384
-3.5032
-3.50361
-3.50273
-3.50165
-3.50087
-3.50118
-3.49953
-3.49882
-3.49795
-3.49911
-3.49955
-3.50115
-3.50179
-3.50268
-3.50272
-3.50407
-3.50349
-3.5023
-3.50183
-3.50108
-3.50096
-3.50039
-3.5007
-3.49976
-3.49987
-3.50016
-3.50066
-3.50038
-3.4999
-3.50019
-3.49935
-3.49891
-3.49796
-3.49776
-3.49872
-3.49998
-3.50037
-3.49976
-3.50028
-3.50059
-3.49965
-3.5
-3.49981
-3.49936
-3.49911
-3.49937
-3.5003
-3.50131
-3.50162
-3.5011
-3.50124
-3.50107
-3.49952
-3.49843
-3.49836
-3.499
-3.49871
-3.49892
-3.49922
-3.49979
-3.4991
-3.49878
-3.49798
-3.49793
-3.49872
-3.49852
-3.49896
-3.49989
-3.50113
-3.50156
-3.50162
-3.50132
-3.5022
-3.50211
-3.50223
-3.50234
-3.50149
-3.50111
-3.50072
-3.49925
-3.49948
-3.49902
-3.4995
-3.5005
-3.50117
-3.5011
-3.50129
-3.50175
-3.50067
-3.50027
-3.49956
-3.49954
-3.50015
-3.50186
-3.50361
-3.50485
-3.50541
-3.50376
-3.50247
-3.50224
-3.50125
-3.50111
-3.50011
-3.50031
-3.50005
-3.50105
-3.50094
-3.50013
-3.5003
-3.50138
-3.5017
-3.50196
-3.50191
-3.5008
-3.50041
-3.50076
-3.50094
-3.50056
-3.49947
-3.49923
-3.4991
-3.50061
-3.50034
-3.49964
-3.49828
-3.49805
-3.49717
-3.49654
-3.49609
-3.49565
-3.49617
-3.49565
-3.49592
-3.49585
-3.49596
-3.49515
-3.49534
-3.49592
-3.49556
-3.49649
-3.49695
-3.49782
-3.49789
-3.49753
-3.49568
-3.49392
-3.4931
-3.49237
-3.49455
-3.49596
-3.49758
-3.49893
-3.4988
-3.4982
-3.4971
-3.49617
-3.49565
-3.49636
-3.49623
-3.49514
-3.49627
-3.49664
-3.49688
-3.49704
-3.49674
-3.49611
-3.49574
-3.49658
-3.49583
-3.4953
-3.49458
-3.49485
-3.49574
-3.49605
-3.49609
-3.49615
-3.49547
-3.49586
-3.49594
-3.49521
-3.49582
-3.495
-3.49602
-3.49668
-3.49704
-3.49652
-3.49575
-3.49589
-3.49565
-3.49562
-3.49612
-3.49728
-3.49619
-3.49618
-3.49549
-3.49599
-3.49681
-3.4967
-3.49609
-3.49483
-3.49417
-3.49314
-3.49287
-3.4917
-3.49225
-3.49221
-3.49223
-3.49417
-3.49644
-3.49761
-3.49955
-3.50006
-3.49892
-3.49799
-3.49818
-3.49698
-3.49733
-3.49803
-3.4979
-3.49864
-3.49951
-3.50109
-3.50206
-3.50239
-3.50242
-3.50204
-3.50068
-3.50047
-3.50029
-3.49935
-3.49871
-3.4977
-3.49708
-3.4955
-3.49509
-3.49468
-3.49434
-3.49428
-3.49483
-3.4964
-3.49753
-3.49868
-3.49925
-3.49991
-3.50089
-3.5016
-3.50103
-3.50167
-3.50072
-3.49916
-3.49749
-3.49727
-3.49741
-3.49663
-3.49695
-3.4974
-3.49951
-3.50171
-3.50144
-3.50161
-3.50203
-3.50215
-3.50174
-3.5015
-3.50104
-3.49954
-3.49794
-3.49644
-3.49583
-3.49538
-3.49543
-3.4963
-3.49737
-3.49724
-3.49752
-3.49734
-3.49769
-3.49865
-3.49809
-3.49814
-3.49778
-3.49857
-3.49872
-3.49946
-3.49953
-3.49908
-3.49704
-3.49577
-3.49522
-3.49579
-3.49586
-3.49555
-3.49672
-3.49743
-3.4983
-3.49854
-3.49824
-3.49758
-3.49752
-3.49786
-3.498
-3.49896
-3.49923
-3.50008
-3.50014
-3.50126
-3.50117
-3.5011
-3.50065
-3.50047
-3.50029
-3.49987
-3.4997
-3.49978
-3.49981
-3.50018
-3.50021
-3.50039
-3.49969
-3.49826
-3.49885
-3.49919
-3.50086
-3.50179
-3.50238
-3.50203
-3.5015
-3.50071
-3.50034
-3.50046
-3.50046
-3.49967
-3.50112
-3.5007
-3.50112
-3.50111
-3.50151
-3.50254
-3.50294
-3.50271
-3.50067
-3.50038
-3.50056
-3.50034
-3.50023
-3.50023
-3.50063
-3.50081
-3.50091
-3.50121
-3.50123
-3.50118
-3.50098
-3.50051
-3.50044
-3.50029
-3.50008
-3.50132
-3.50077
-3.50036
-3.49875
-3.49657
-3.49579
-3.49591
-3.49639
-3.49604
-3.49822
-3.49802
-3.49803
-3.49716
-3.49734
-3.49602
-3.49525
-3.49356
-3.49284
-3.49193
-3.49286
-3.49384
-3.49453
-3.4962
-3.49688
-3.49795
-3.49853
-3.49969
-3.50106
-3.50129
-3.50033
-3.5009
-3.50163
-3.50143
-3.50188
-3.50195
-3.50212
-3.50067
-3.50019
-3.50012
-3.50053
-3.49945
-3.49794
-3.49702
-3.49562
-3.49458
-3.49423
-3.49381
-3.49482
-3.49462
-3.49496
-3.49505
-3.49663
-3.49825
-3.49935
-3.49969
-3.49962
-3.49936
-3.49843
-3.49672
-3.49653
-3.49623
-3.49781
-3.49703
-3.49673
-3.4964
-3.49565
-3.49698
-3.49644
-3.49715
-3.49732
-3.49889
-3.49813
-3.49712
-3.49732
-3.49752
-3.49824
-3.49784
-3.4972
-3.49714
-3.49714
-3.49637
-3.49568
-3.49531
-3.49452
-3.49477
-3.49495
-3.4947
-3.49463
-3.49538
-3.49591
-3.4971
-3.49875
-3.49901
-3.49945
-3.50067
-3.50156
-3.50274
-3.50449
-3.50606
-3.50659
-3.50775
-3.50693
-3.50704
-3.5063
-3.5056
-3.50399
-3.5036
-3.50233
-3.50093
-3.49977
-3.49942
-3.49937
-3.4986
-3.49783
-3.49738
-3.49631
-3.49647
-3.4968
-3.49688
-3.49767
-3.49787
-3.49822
-3.49917
-3.49866
-3.49738
-3.49736
-3.49773
-3.49792
-3.49811
-3.49955
-3.49955
-3.49927
-3.50053
-3.50101
-3.50176
-3.50064
-3.49953
-3.49839
-3.49811
-3.49864
-3.49762
-3.49823
-3.49726
-3.49798
-3.49763
-3.49801
-3.49836
-3.49798
-3.49737
-3.49611
-3.4962
-3.49651
-3.49674
-3.49742
-3.49746
-3.49951
-3.49997
-3.49918
-3.49986
-3.49978
-3.49876
-3.49807
-3.49864
-3.49866
-3.49891
-3.4998
-3.50001
-3.49983
-3.50058
-3.50156
-3.50138
-3.50086
-3.5003
-3.49836
-3.49741
-3.4972
-3.49594
-3.49599
-3.49677
-3.49724
-3.49759
-3.49737
-3.49721
-3.4964
-3.49656
-3.4967
-3.49761
-3.49888
-3.49885
-3.49942
-3.50089
-3.50158
-3.50119
-3.50129
-3.50036
-3.49921
-3.4981
-3.49642
-3.4943
-3.4939
-3.49295
-3.49328
-3.49408
-3.49605
-3.49645
-3.49646
-3.49772
-3.49957
-3.49925
-3.49887
-3.49881
-3.49837
-3.49803
-3.49848
-3.49821
-3.49962
-3.50006
-3.50123
-3.50171
-3.50025
-3.49923
-3.49915
-3.49754
-3.49659
-3.49468
-3.49571
-3.4959
-3.49525
-3.49538
-3.49552
-3.49695
-3.49615
-3.49611
-3.4963
-3.49658
-3.49714
-3.49707
-3.49688
-3.49761
-3.49806
-3.49912
-3.5008
-3.50024
-3.50068
-3.4998
-3.49843
-3.49777
-3.4976
-3.49804
-3.4987
-3.5013
-3.50253
-3.50338
-3.50468
-3.50608
-3.50655
-3.50714
-3.50731
-3.50653
-3.50446
-3.50377
-3.50289
-3.50194
-3.50032
-3.49956
-3.49938
-3.50133
-3.50149
-3.50315
-3.50477
-3.50533
-3.50511
-3.50501
-3.50489
-3.50448
-3.50401
-3.50383
-3.50306
-3.50369
-3.50466
-3.50511
-3.50523
-3.50442
-3.50294
-3.50322
-3.50229
-3.50129
-3.50076
-3.5017
-3.50105
-3.50189
-3.5021
-3.50199
-3.5023
-3.50268
-3.50239
-3.50199
-3.5011
-3.50105
-3.49915
-3.49787
-3.49754
-3.49735
-3.49722
-3.49786
-3.49814
-3.49944
-3.50085
-3.50083
-3.50118
-3.50135
-3.50127
-3.50117
-3.50172
-3.50159
-3.50146
-3.49989
-3.5007
-3.50099
-3.50174
-3.50255
-3.50277
-3.50258
-3.5019
-3.50203
-3.50159
-3.50206
-3.50121
-3.50022
-3.49983
-3.49904
-3.49865
-3.49963
-3.49842
-3.49862
-3.49855
-3.49954
-3.49988
-3.5013
-3.5021
-3.50169
-3.50201
-3.50189
-3.50143
-3.5002
-3.50048
-3.50096
-3.50103
-3.50135
-3.50144
-3.50119
-3.5006
-3.50013
-3.49937
-3.49896
-3.50042
-3.50035
-3.49983
-3.50034
-3.50139
-3.50203
-3.50337
-3.50371
-3.50444
-3.50551
-3.5057
-3.50602
-3.50445
-3.50342
-3.50376
-3.50291
-3.50096
-3.50068
-3.50014
-3.50074
-3.5007
-3.50152
-3.50179
-3.50095
-3.50189
-3.50191
-3.50195
-3.50181
-3.50249
-3.50233
-3.50245
-3.50311
-3.50267
-3.5028
-3.5031
-3.50511
-3.50495
-3.50594
-3.50594
-3.50537
-3.50521
-3.50572
-3.5056
-3.50392
-3.50221
-3.50136
-3.50103
-3.50012
-3.50046
-3.49991
-3.49971
-3.50008
-3.50118
-3.50207
-3.50191
-3.50352
-3.50341
-3.50314
-3.50348
-3.50382
-3.50446
-3.50455
-3.50402
-3.50337
-3.50273
-3.50142
-3.50032
-3.49912
-3.49777
-3.49713
-3.4968
-3.4976
-3.49787
-3.4986
-3.49901
-3.49998
-3.50136
-3.50126
-3.50195
-3.50088
-3.50012
-3.49885
-3.4987
-3.49786
-3.4973
-3.49632
-3.49495
-3.49571
-3.49537
-3.49665
-3.49841
-3.49725
-3.49881
-3.49773
-3.49583
-3.4942
-3.49316
-3.4927
-3.49185
-3.49244
-3.49227
-3.49272
-3.4925
-3.49202
-3.49229
-3.49181
-3.49111
-3.49155
-3.49212
-3.49325
-3.49357
-3.49396
-3.49378
-3.49439
-3.49473
-3.49422
-3.49332
-3.49532
-3.49655
-3.4979
-3.4989
-3.50017
-3.50003
-3.50017
-3.49949
-3.49959
-3.49966
-3.49999
-3.49885
-3.49685
-3.4957
-3.49448
-3.4928
-3.49145
-3.49207
-3.49077
-3.49075
-3.49028
-3.48875
-3.48853
-3.48972
-3.49069
-3.49163
-3.49249
-3.49308
-3.49405
-3.49483
-3.49545
-3.49579
-3.49445
-3.49404
-3.49478
-3.4954
-3.49674
-3.49637
-3.49772
-3.49938
-3.49939
-3.49969
-3.50052
-3.50038
-3.49946
-3.4989
-3.49771
-3.49635
-3.49464
-3.49398
-3.49425
-3.4964
-3.49754
-3.49984
-3.50034
-3.50148
-3.50088
-3.50191
-3.5022
-3.50206
-3.50192
-3.50119
-3.50142
-3.50076
-3.50202
-3.50176
-3.50218
-3.50332
-3.50298
-3.50213
-3.50132
-3.5009
-3.5002
-3.50046
-3.50045
-3.50127
-3.49961
-3.49843
-3.49712
-3.49685
-3.49651
-3.49745
-3.49702
-3.49692
-3.4952
-3.49421
-3.49457
-3.49549
-3.49621
-3.49752
-3.49868
-3.49928
-3.49989
-3.4998
-3.50057
-3.50099
-3.50075
-3.5009
-3.49945
-3.49969
-3.50058
-3.49928
-3.49884
-3.49933
-3.49889
-3.49827
-3.49741
-3.49651
-3.49534
-3.49387
-3.49296
-3.49433
-3.49529
-3.49608
-3.49624
-3.49756
-3.49864
-3.4983
-3.49793
-3.497
-3.4967
-3.4955
-3.49498
-3.49485
-3.49497
-3.49503
-3.49521
-3.49537
-3.49565
-3.49645
-3.49739
-3.49778
-3.49696
-3.49748
-3.49809
-3.49801
-3.49704
-3.49788
-3.49692
-3.49671
-3.4967
-3.49597
-3.49571
-3.49503
-3.49398
-3.49359
-3.49387
-3.49467
-3.49654
-3.49673
-3.49682
-3.49688
-3.49577
-3.49461
-3.49386
-3.49472
-3.49585
-3.49476
-3.49489
-3.49557
-3.496
-3.49635
-3.49723
-3.49706
-3.49702
-3.49786
-3.49755
-3.49684
-3.49637
-3.49607
-3.49513
-3.49377
-3.49339
-3.49128
-3.49117
-3.4906
-3.49216
-3.49352
-3.49544
-3.49762
-3.49897
-3.50026
-3.50213
-3.50144
-3.49973
-3.5
-3.49905
-3.49814
-3.49911
-3.50023
-3.5008
-3.50205
-3.50333
-3.50462
-3.50403
-3.50345
-3.50282
-3.50355
-3.5033
-3.50346
-3.50295
-3.50341
-3.50388
-3.50389
-3.50463
-3.50433
-3.50513
-3.50729
-3.50782
-3.50767
-3.5069
-3.50599
-3.50384
-3.50175
-3.49997
-3.4991
-3.49915
-3.50008
-3.5002
-3.50093
-3.50128
-3.50059
-3.50019
-3.50021
-3.49972
-3.50065
-3.50001
-3.50058
-3.50096
-3.50031
-3.5005
-3.50149
-3.50104
-3.50123
-3.5006
-3.50126
-3.5012
-3.50046
-3.50117
-3.50155
-3.50255
-3.50292
-3.50401
-3.50333
-3.50343
-3.50286
-3.50338
-3.5018
-3.50112
-3.50071
-3.50078
-3.50206
-3.50228
-3.50284
-3.50188
-3.50279
-3.50204
-3.50011
-3.49909
-3.49888
-3.49839
-3.49853
-3.4981
-3.49843
-3.49891
-3.49928
-3.49969
-3.50045
-3.5012
-3.49998
-3.50009
-3.5005
-3.4997
-3.50034
-3.50031
-3.49939
-3.49989
-3.50003
-3.50142
-3.50154
-3.50154
-3.50205
-3.50302
-3.50406
-3.50536
-3.50491
-3.5047
-3.5042
-3.50338
-3.50218
-3.50201
-3.50131
-3.50124
-3.50069
-3.50026
-3.49974
-3.49846
-3.49866
-3.49934
-3.49879
-3.49972
-3.50011
-3.50056
-3.5001
-3.50027
-3.50034
-3.50018
-3.49998
-3.49802
-3.49697
-3.49735
-3.49676
-3.49582
-3.49548
-3.49595
-3.49657
-3.4963
-3.49579
-3.49579
-3.49581
-3.4956
-3.49604
-3.49491
-3.49469
-3.49425
-3.49397
-3.49404
-3.49453
-3.49549
-3.49413
-3.49421
-3.49496
-3.49656
-3.4958
-3.4957
-3.49641
-3.49538
-3.49501
-3.49508
-3.49656
-3.49555
-3.49631
-3.49653
-3.49654
-3.49774
-3.49775
-3.49762
-3.49741
-3.49628
-3.497
-3.49747
-3.4969
-3.49721
-3.49746
-3.49871
-3.49858
-3.49832
-3.49812
-3.49905
-3.50016
-3.50095
-3.50122
-3.50126
-3.5015
-3.50179
-3.50218
-3.50151
-3.50147
-3.49965
-3.49979
-3.49973
-3.49912
-3.49768
-3.49761
-3.4969
-3.49653
-3.49679
-3.49624
-3.49615
-3.49617
-3.49678
-3.49784
-3.49712
-3.49911
-3.49923
-3.49932
-3.49945
-3.49962
-3.49936
-3.49809
-3.498
-3.49723
-3.49688
-3.49837
-3.49916
-3.49996
-3.50078
-3.50234
-3.50199
-3.50208
-3.5006
-3.49941
-3.49868
-3.49774
-3.49854
-3.49929
-3.49862
-3.49947
-3.49911
-3.49803
-3.49695
-3.4967
-3.49747
-3.49818
-3.49864
-3.49874
-3.49991
-3.50093
-3.50115
-3.5016
-3.5023
-3.50111
-3.50039
-3.50033
-3.49944
-3.49905
-3.49867
-3.49742
-3.49775
-3.50002
-3.50064
-3.50222
-3.50221
-3.50171
-3.50068
-3.50017
-3.49969
-3.50009
-3.5008
-3.49991
-3.4987
-3.49907
-3.49942
-3.49912
-3.49796
-3.49784
-3.49699
-3.49665
-3.49674
-3.49757
-3.49854
-3.5008
-3.50067
-3.5013
-3.5025
-3.50273
-3.50277
-3.50221
-3.50159
-3.50073
-3.49947
-3.49859
-3.49877
-3.49851
-3.49931
-3.49963
-3.50009
-3.50033
-3.50057
-3.50161
-3.50219
-3.50207
-3.50075
-3.49999
-3.49997
-3.49947
-3.49901
-3.50035
-3.50068
-3.50085
-3.49965
-3.49966
-3.49954
-3.49977
-3.49911
-3.49804
-3.49705
-3.49641
-3.49607
-3.49606
-3.49491
-3.49443
-3.49468
-3.49558
-3.49624
-3.49808
-3.49835
-3.49958
-3.50122
-3.50243
-3.50421
-3.50444
-3.50421
-3.50299
-3.50174
-3.50068
-3.5002
-3.49981
-3.49929
-3.49914
-3.49948
-3.49919
-3.49926
-3.49937
-3.49937
-3.49835
-3.49898
-3.49773
-3.49893
-3.49847
-3.49866
-3.49877
-3.49812
-3.49787
-3.49782
-3.4982
-3.50009
-3.50087
-3.50283
-3.50443
-3.50484
-3.50495
-3.50458
-3.50262
-3.50271
-3.5014
-3.50126
-3.5006
-3.49997
-3.50044
-3.50177
-3.36061
-3.35981
-3.3596
-3.35941
-3.35829
-3.35746
-3.35766
-3.35692
-3.35668
-3.35696
-3.35653
-3.357
-3.35831
-3.35899
-3.36115
-3.36094
-3.36122
-3.36028
-3.35936
-3.35845
-3.35832
-3.35765
-3.35658
-3.35575
-3.35525
-3.35496
-3.35454
-3.35465
-3.35408
-3.35448
-3.35471
-3.35392
-3.3548
-3.35406
-3.35331
-3.35344
-3.35331
-3.35563
-3.35785
-3.35889
-3.36019
-3.35985
-3.36093
-3.359
-3.3577
-3.35798
-3.35708
-3.35692
-3.35634
-3.35726
-3.35791
-3.35784
-3.35917
-3.35868
-3.35942
-3.35955
-3.36016
-3.35974
-3.36091
-3.36093
-3.3611
-3.36097
-3.35987
-3.35977
-3.35935
-3.3588
-3.35835
-3.35816
-3.35834
-3.35825
-3.35798
-3.35706
-3.35613
-3.35653
-3.35647
-3.35376
-3.35352
-3.35337
-3.35327
-3.35449
-3.35585
-3.35617
-3.35602
-3.35631
-3.35613
-3.35531
-3.35612
-3.35644
-3.35676
-3.3574
-3.35678
-3.35683
-3.35603
-3.35616
-3.35617
-3.35611
-3.35583
-3.35597
-3.35596
-3.35624
-3.35591
-3.3554
-3.35487
-3.35537
-3.35512
-3.35565
-3.35442
-3.35453
-3.35303
-3.3523
-3.35107
-3.35075
-3.35121
-3.35166
-3.35282
-3.35443
-3.35472
-3.35583
-3.35541
-3.35597
-3.35628
-3.35756
-3.35797
-3.35739
-3.35695
-3.35616
-3.3553
-3.35353
-3.3534
-3.35349
-3.35296
-3.35209
-3.35179
-3.35102
-3.35042
-3.35109
-3.35109
-3.3502
-3.3507
-3.35154
-3.35235
-3.35366
-3.35455
-3.35578
-3.35722
-3.35854
-3.3589
-3.35999
-3.35971
-3.36075
-3.36017
-3.35934
-3.35991
-3.36067
-3.36017
-3.35926
-3.35852
-3.35716
-3.3555
-3.3555
-3.35447
-3.35599
-3.35693
-3.35728
-3.35735
-3.35771
-3.35651
-3.35608
-3.35587
-3.35532
-3.35663
-3.35815
-3.35766
-3.35776
-3.35814
-3.3583
-3.35907
-3.35871
-3.35869
-3.35768
-3.35859
-3.3586
-3.35845
-3.3587
-3.35796
-3.35792
-3.35585
-3.35638
-3.35681
-3.35722
-3.35647
-3.35581
-3.35652
-3.35716
-3.35719
-3.35648
-3.35545
-3.35507
-3.35529
-3.35538
-3.35633
-3.35656
-3.35895
-3.36027
-3.35955
-3.3597
-3.35794
-3.35624
-3.35537
-3.3553
-3.35552
-3.35542
-3.35535
-3.35504
-3.35541
-3.35473
-3.35469
-3.35404
-3.35336
-3.35339
-3.35495
-3.35469
-3.35625
-3.35787
-3.35919
-3.36005
-3.35986
-3.35919
-3.35822
-3.35775
-3.35919
-3.35794
-3.35773
-3.35834
-3.35876
-3.3584
-3.35749
-3.3576
-3.35737
-3.35688
-3.35751
-3.3577
-3.35714
-3.35595
-3.35505
-3.35446
-3.35347
-3.35363
-3.35541
-3.35653
-3.35817
-3.35973
-3.36042
-3.36099
-3.36085
-3.35994
-3.35973
-3.35902
-3.35922
-3.35861
-3.35809
-3.35854
-3.35758
-3.35592
-3.35496
-3.35519
-3.3555
-3.35624
-3.35807
-3.35818
-3.3592
-3.35963
-3.3587
-3.35924
-3.35812
-3.35702
-3.35667
-3.35762
-3.35743
-3.3564
-3.35494
-3.35501
-3.35454
-3.35459
-3.3544
-3.3538
-3.35274
-3.35249
-3.35232
-3.35262
-3.35307
-3.35378
-3.35317
-3.35151
-3.35092
-3.35111
-3.35181
-3.35309
-3.35216
-3.35213
-3.35355
-3.35455
-3.35548
-3.35531
-3.35575
-3.35492
-3.35603
-3.35469
-3.35408
-3.35385
-3.35284
-3.35288
-3.35224
-3.35276
-3.3534
-3.35481
-3.35609
-3.35681
-3.35685
-3.35741
-3.35842
-3.35871
-3.35977
-3.35911
-3.3578
-3.35701
-3.35724
-3.35607
-3.35634
-3.35715
-3.35709
-3.35625
-3.35716
-3.35727
-3.35813
-3.35841
-3.36003
-3.36044
-3.36085
-3.36084
-3.36075
-3.35923
-3.35897
-3.35809
-3.35636
-3.35627
-3.3555
-3.35537
-3.35625
-3.35686
-3.35773
-3.35816
-3.35806
-3.35812
-3.35766
-3.35811
-3.3576
-3.35593
-3.35494
-3.35488
-3.35515
-3.35537
-3.35649
-3.35626
-3.35574
-3.35424
-3.35335
-3.35181
-3.35206
-3.35253
-3.35211
-3.35334
-3.35607
-3.35743
-3.35742
-3.35688
-3.35725
-3.35671
-3.35665
-3.35619
-3.35643
-3.35577
-3.3564
-3.35669
-3.35653
-3.35648
-3.35437
-3.35432
-3.35358
-3.35359
-3.35358
-3.35458
-3.35567
-3.35679
-3.35799
-3.35936
-3.36048
-3.36066
-3.36026
-3.36152
-3.36085
-3.36077
-3.36068
-3.3611
-3.36134
-3.36117
-3.36112
-3.36132
-3.36049
-3.36156
-3.36147
-3.36136
-3.36155
-3.36183
-3.36082
-3.36141
-3.36205
-3.36217
-3.36218
-3.36178
-3.36075
-3.36069
-3.3608
-3.3601
-3.35875
-3.35793
-3.35774
-3.35742
-3.35707
-3.35667
-3.35515
-3.3543
-3.35345
-3.35264
-3.35243
-3.35275
-3.35425
-3.35556
-3.35554
-3.35647
-3.35882
-3.35968
-3.35919
-3.35997
-3.35936
-3.3598
-3.36047
-3.36097
-3.36032
-3.35975
-3.35842
-3.35851
-3.35704
-3.35648
-3.35616
-3.35512
-3.35637
-3.35692
-3.35683
-3.35829
-3.35831
-3.35832
-3.35875
-3.35775
-3.35728
-3.35761
-3.35746
-3.358
-3.35767
-3.35787
-3.35689
-3.35734
-3.35733
-3.35707
-3.35748
-3.35658
-3.35647
-3.3567
-3.357
-3.35651
-3.3562
-3.35555
-3.35465
-3.35374
-3.35348
-3.35333
-3.35291
-3.35292
-3.3531
-3.35287
-3.35279
-3.35311
-3.35247
-3.35341
-3.35334
-3.35288
-3.35193
-3.35181
-3.3521
-3.35295
-3.35333
-3.35489
-3.35522
-3.3542
-3.35355
-3.35327
-3.35395
-3.35403
-3.35463
-3.35632
-3.35561
-3.35526
-3.35469
-3.35449
-3.35486
-3.3546
-3.3542
-3.35379
-3.35384
-3.3543
-3.3539
-3.35342
-3.35477
-3.35624
-3.35709
-3.35827
-3.35861
-3.35828
-3.35674
-3.35698
-3.35654
-3.35666
-3.35579
-3.35568
-3.35538
-3.35566
-3.3561
-3.35631
-3.35728
-3.35697
-3.35674
-3.35559
-3.35533
-3.35496
-3.35337
-3.35297
-3.35418
-3.35555
-3.35579
-3.3546
-3.35314
-3.35272
-3.35174
-3.35117
-3.35209
-3.35202
-3.35265
-3.35148
-3.35171
-3.35178
-3.35137
-3.35142
-3.35156
-3.35169
-3.35158
-3.35273
-3.35305
-3.35347
-3.353
-3.35199
-3.35288
-3.35253
-3.35257
-3.35294
-3.3533
-3.35379
-3.35396
-3.35383
-3.35439
-3.35452
-3.35449
-3.35352
-3.35357
-3.35403
-3.3551
-3.35398
-3.35329
-3.35289
-3.35088
-3.34973
-3.34872
-3.34853
-3.3488
-3.3488
-3.35028
-3.35052
-3.35148
-3.35189
-3.35344
-3.35397
-3.35454
-3.35504
-3.3553
-3.35506
-3.35477
-3.35447
-3.35398
-3.35462
-3.35369
-3.35424
-3.35505
-3.35669
-3.35697
-3.35751
-3.35708
-3.357
-3.35729
-3.3581
-3.35799
-3.35761
-3.3576
-3.35857
-3.36018
-3.36058
-3.36108
-3.36121
-3.35991
-3.35972
-3.35913
-3.35848
-3.35734
-3.35849
-3.35757
-3.35734
-3.35798
-3.35796
-3.35785
-3.35851
-3.35821
-3.35864
-3.35789
-3.35892
-3.35891
-3.35831
-3.35842
-3.35865
-3.35875
-3.35847
-3.35671
-3.35666
-3.35523
-3.35484
-3.35519
-3.35561
-3.35597
-3.35557
-3.35566
-3.35423
-3.35564
-3.35643
-3.35662
-3.357
-3.35817
-3.35846
-3.35918
-3.35922
-3.36011
-3.35919
-3.35894
-3.35905
-3.35984
-3.36056
-3.3603
-3.3603
-3.35858
-3.35749
-3.35739
-3.35616
-3.35573
-3.35658
-3.35691
-3.35658
-3.35588
-3.35571
-3.35655
-3.35631
-3.35666
-3.35745
-3.3566
-3.35636
-3.35688
-3.35813
-3.35891
-3.35885
-3.35725
-3.35888
-3.3589
-3.35975
-3.35943
-3.35984
-3.359
-3.35897
-3.35817
-3.35771
-3.35783
-3.35785
-3.3581
-3.35869
-3.35956
-3.35977
-3.36027
-3.35943
-3.35832
-3.35768
-3.3574
-3.35706
-3.35775
-3.35902
-3.35872
-3.35931
-3.35812
-3.35753
-3.35618
-3.35504
-3.35428
-3.35445
-3.35459
-3.35466
-3.35585
-3.35716
-3.35746
-3.35809
-3.35823
-3.35789
-3.35854
-3.35784
-3.35743
-3.3577
-3.35932
-3.35841
-3.35745
-3.35684
-3.35633
-3.35564
-3.35509
-3.35585
-3.35653
-3.35706
-3.35814
-3.35845
-3.35873
-3.35911
-3.35889
-3.35824
-3.35843
-3.35824
-3.35646
-3.35633
-3.35481
-3.35372
-3.35571
-3.35576
-3.35746
-3.35784
-3.35808
-3.35839
-3.35792
-3.35729
-3.35636
-3.35678
-3.35622
-3.35723
-3.35792
-3.35713
-3.35913
-3.35828
-3.35835
-3.35905
-3.35892
-3.35865
-3.35903
-3.35999
-3.36051
-3.3606
-3.36049
-3.36047
-3.36106
-3.36075
-3.35974
-3.35875
-3.35887
-3.35904
-3.35896
-3.35875
-3.35776
-3.35761
-3.35746
-3.35743
-3.3574
-3.35743
-3.35685
-3.35599
-3.35486
-3.35471
-3.35351
-3.35348
-3.35369
-3.35435
-3.35544
-3.35601
-3.3575
-3.3585
-3.35867
-3.35789
-3.3581
-3.35537
-3.35417
-3.35342
-3.35233
-3.35171
-3.35224
-3.3529
-3.35332
-3.35396
-3.35627
-3.35753
-3.35796
-3.35931
-3.35892
-3.35877
-3.35766
-3.35764
-3.35701
-3.35737
-3.35698
-3.35588
-3.35416
-3.35424
-3.35356
-3.35417
-3.35422
-3.35378
-3.35437
-3.35684
-3.35816
-3.35929
-3.3603
-3.36133
-3.36291
-3.36252
-3.36304
-3.36127
-3.36038
-3.35869
-3.35757
-3.35667
-3.35699
-3.35705
-3.35709
-3.35787
-3.35741
-3.35811
-3.35839
-3.35734
-3.35596
-3.35505
-3.35508
-3.35504
-3.35629
-3.35763
-3.35848
-3.35947
-3.35994
-3.35981
-3.35909
-3.35836
-3.35808
-3.35727
-3.35801
-3.35668
-3.35599
-3.35491
-3.35326
-3.35384
-3.35479
-3.3569
-3.35711
-3.35834
-3.36
-3.36055
-3.36082
-3.36251
-3.36211
-3.36175
-3.36211
-3.36245
-3.36202
-3.36036
-3.35991
-3.35969
-3.36045
-3.35913
-3.35931
-3.35888
-3.35808
-3.3583
-3.35824
-3.35871
-3.35899
-3.35717
-3.35628
-3.35647
-3.35585
-3.35537
-3.35594
-3.35678
-3.35988
-3.3629
-3.36324
-3.36264
-3.36263
-3.36189
-3.36117
-3.36019
-3.35968
-3.36029
-3.35979
-3.36001
-3.36047
-3.36033
-3.35993
-3.36039
-3.36106
-3.36044
-3.36027
-3.36033
-3.3608
-3.36025
-3.36086
-3.36089
-3.36184
-3.36134
-3.36007
-3.35867
-3.3585
-3.35877
-3.35745
-3.35737
-3.35672
-3.35582
-3.35501
-3.35421
-3.35316
-3.35315
-3.35349
-3.3542
-3.35494
-3.35533
-3.35527
-3.35473
-3.35626
-3.35685
-3.35771
-3.35793
-3.35826
-3.35744
-3.35811
-3.35743
-3.35686
-3.35605
-3.35553
-3.35606
-3.35583
-3.35533
-3.35608
-3.35673
-3.35664
-3.35725
-3.35839
-3.35898
-3.35943
-3.35897
-3.35812
-3.35726
-3.35838
-3.3579
-3.35881
-3.3592
-3.35849
-3.35879
-3.35786
-3.35836
-3.3588
-3.35869
-3.35887
-3.35903
-3.35847
-3.35824
-3.35833
-3.35801
-3.35794
-3.35807
-3.35913
-3.35951
-3.35897
-3.35911
-3.35843
-3.35751
-3.35654
-3.35603
-3.35511
-3.35604
-3.35637
-3.35693
-3.35772
-3.35899
-3.36052
-3.36242
-3.362
-3.36289
-3.36157
-3.36017
-3.35832
-3.35715
-3.35602
-3.35619
-3.35673
-3.3585
-3.35977
-3.35997
-3.36103
-3.36142
-3.36189
-3.36277
-3.3627
-3.36119
-3.35909
-3.35864
-3.35761
-3.35657
-3.35548
-3.35661
-3.35723
-3.35708
-3.35701
-3.35721
-3.35774
-3.35815
-3.35821
-3.35864
-3.35888
-3.35832
-3.35726
-3.35718
-3.35687
-3.35626
-3.3548
-3.35397
-3.35286
-3.35356
-3.35552
-3.35688
-3.35818
-3.35956
-3.3606
-3.36132
-3.36139
-3.36118
-3.36005
-3.35772
-3.35631
-3.35473
-3.35368
-3.35341
-3.35304
-3.35389
-3.35486
-3.35479
-3.35359
-3.3528
-3.35277
-3.35305
-3.35239
-3.35507
-3.35721
-3.35792
-3.35846
-3.35775
-3.35655
-3.35638
-3.35617
-3.35502
-3.35433
-3.35478
-3.35504
-3.35558
-3.35645
-3.35628
-3.35769
-3.35835
-3.35752
-3.35657
-3.3561
-3.35532
-3.35486
-3.35445
-3.3539
-3.35356
-3.35363
-3.35398
-3.35514
-3.35547
-3.35667
-3.35716
-3.35857
-3.35971
-3.35982
-3.36102
-3.36054
-3.36054
-3.3602
-3.36057
-3.36034
-3.35988
-3.35977
-3.35986
-3.35922
-3.35738
-3.35612
-3.35595
-3.3562
-3.35671
-3.3573
-3.35759
-3.35663
-3.35665
-3.35688
-3.35625
-3.35651
-3.35681
-3.35606
-3.3558
-3.35605
-3.35631
-3.35619
-3.35609
-3.35594
-3.35638
-3.3559
-3.35548
-3.35521
-3.3559
-3.35584
-3.35548
-3.35446
-3.35599
-3.35843
-3.36016
-3.36062
-3.35911
-3.3557
-3.3545
-3.35353
-3.35289
-3.35146
-3.35015
-3.35129
-3.35177
-3.35316
-3.35569
-3.35806
-3.35954
-3.36018
-3.35985
-3.35969
-3.35941
-3.35757
-3.35618
-3.35628
-3.35585
-3.35538
-3.355
-3.35588
-3.35688
-3.35816
-3.36009
-3.36029
-3.35996
-3.35951
-3.35948
-3.35842
-3.35737
-3.35828
-3.35816
-3.35808
-3.35871
-3.35946
-3.35859
-3.35776
-3.35684
-3.35693
-3.35751
-3.35828
-3.35826
-3.35971
-3.36065
-3.35977
-3.36034
-3.36023
-3.36091
-3.3606
-3.36009
-3.35972
-3.35943
-3.35752
-3.35865
-3.35924
-3.3594
-3.35957
-3.35965
-3.36048
-3.36052
-3.36023
-3.35899
-3.35819
-3.35628
-3.35548
-3.35506
-3.35522
-3.35488
-3.35521
-3.35533
-3.35577
-3.35584
-3.35681
-3.35699
-3.35646
-3.3556
-3.3561
-3.35545
-3.35493
-3.35545
-3.3565
-3.35673
-3.35676
-3.3569
-3.35782
-3.35816
-3.35811
-3.35836
-3.35703
-3.35646
-3.35582
-3.35562
-3.35499
-3.35536
-3.35556
-3.35562
-3.35606
-3.35693
-3.35808
-3.35839
-3.35648
-3.35615
-3.35476
-3.35481
-3.35314
-3.35163
-3.35164
-3.35179
-3.35209
-3.3523
-3.35246
-3.35387
-3.35567
-3.35641
-3.35619
-3.35595
-3.35477
-3.35405
-3.35363
-3.35309
-3.3526
-3.35301
-3.35293
-3.35267
-3.35241
-3.35247
-3.3526
-3.35343
-3.3539
-3.3544
-3.35359
-3.35412
-3.35413
-3.35444
-3.35363
-3.35356
-3.35393
-3.35515
-3.35498
-3.35451
-3.35398
-3.35407
-3.35432
-3.35412
-3.35515
-3.35607
-3.35719
-3.35838
-3.35876
-3.35915
-3.35917
-3.35912
-3.35978
-3.36006
-3.35994
-3.36026
-3.36057
-3.36156
-3.36134
-3.35954
-3.35884
-3.35761
-3.35742
-3.35794
-3.35763
-3.35862
-3.35831
-3.36027
-3.36124
-3.3613
-3.3614
-3.3627
-3.36237
-3.36249
-3.36233
-3.36146
-3.36049
-3.35996
-3.35852
-3.35787
-3.35702
-3.35637
-3.35582
-3.35571
-3.35518
-3.35321
-3.3535
-3.35393
-3.35384
-3.35441
-3.35558
-3.35507
-3.35555
-3.35581
-3.35503
-3.35445
-3.35653
-3.35723
-3.35731
-3.35742
-3.35765
-3.35743
-3.35719
-3.35718
-3.35602
-3.35536
-3.35408
-3.35439
-3.35485
-3.35633
-3.3573
-3.35784
-3.35826
-3.35865
-3.35855
-3.35879
-3.35946
-3.36066
-3.36135
-3.36081
-3.36155
-3.36121
-3.3615
-3.36196
-3.36162
-3.36204
-3.36169
-3.3603
-3.35982
-3.35961
-3.3599
-3.35805
-3.35615
-3.35619
-3.35642
-3.35711
-3.35787
-3.35853
-3.35975
-3.35991
-3.36088
-3.35985
-3.35988
-3.36049
-3.36039
-3.36173
-3.36098
-3.36121
-3.36171
-3.36141
-3.36378
-3.36399
-3.36424
-3.36403
-3.36359
-3.36319
-3.36266
-3.36164
-3.36202
-3.36205
-3.36314
-3.36342
-3.36313
-3.36301
-3.36291
-3.36276
-3.36216
-3.36284
-3.36341
-3.3635
-3.36349
-3.36288
-3.36235
-3.36208
-3.36162
-3.36163
-3.36178
-3.36051
-3.35897
-3.35847
-3.35944
-3.35797
-3.35867
-3.35917
-3.35896
-3.35907
-3.35877
-3.35838
-3.35778
-3.35837
-3.35867
-3.35748
-3.35653
-3.3571
-3.3578
-3.35618
-3.35493
-3.35473
-3.35413
-3.35359
-3.35428
-3.35443
-3.35501
-3.35624
-3.35695
-3.35781
-3.35735
-3.35736
-3.35772
-3.35769
-3.35752
-3.35855
-3.359
-3.35696
-3.35705
-3.35522
-3.35601
-3.35577
-3.35523
-3.3556
-3.35493
-3.35339
-3.35432
-3.35448
-3.35403
-3.35484
-3.35389
-3.35475
-3.35522
-3.35605
-3.35692
-3.35789
-3.35736
-3.35857
-3.35799
-3.35714
-3.3571
-3.35806
-3.35919
-3.3596
-3.35931
-3.35965
-3.35887
-3.35923
-3.35833
-3.35751
-3.35729
-3.35712
-3.35611
-3.35608
-3.35519
-3.35598
-3.35605
-3.35601
-3.35601
-3.35657
-3.35629
-3.35664
-3.35726
-3.35811
-3.35775
-3.35772
-3.35903
-3.35887
-3.36154
-3.36083
-3.3594
-3.35882
-3.35911
-3.36004
-3.36057
-3.36124
-3.3627
-3.36371
-3.36276
-3.36115
-3.36046
-3.3593
-3.35892
-3.3602
-3.36111
-3.361
-3.36174
-3.36059
-3.36021
-3.35917
-3.35772
-3.35813
-3.35827
-3.3575
-3.35796
-3.35896
-3.35984
-3.35993
-3.36029
-3.36025
-3.36049
-3.35936
-3.35815
-3.35601
-3.35683
-3.35634
-3.35709
-3.358
-3.35789
-3.35791
-3.35805
-3.35832
-3.35934
-3.35905
-3.35757
-3.35775
-3.35833
-3.35887
-3.35776
-3.35847
-3.35996
-3.36114
-3.3623
-3.36013
-3.36051
-3.3604
-3.35936
-3.35817
-3.35782
-3.3584
-3.35799
-3.35849
-3.35887
-3.35929
-3.35835
-3.35843
-3.35858
-3.35921
-3.35861
-3.35812
-3.35773
-3.3587
-3.35775
-3.35776
-3.35873
-3.3593
-3.3598
-3.36056
-3.3617
-3.36156
-3.36215
-3.36225
-3.36207
-3.36085
-3.35909
-3.35833
-3.35698
-3.35716
-3.35757
-3.35808
-3.35906
-3.36008
-3.36098
-3.36135
-3.36084
-3.35988
-3.35812
-3.35715
-3.35725
-3.35877
-3.36085
-3.36233
-3.36201
-3.36241
-3.36139
-3.35982
-3.3591
-3.35808
-3.35758
-3.35811
-3.359
-3.35989
-3.36059
-3.36127
-3.36109
-3.3608
-3.3598
-3.35886
-3.35872
-3.35824
-3.35849
-3.359
-3.35911
-3.35949
-3.35969
-3.35938
-3.35816
-3.35706
-3.35655
-3.35631
-3.35691
-3.3589
-3.36018
-3.36066
-3.35963
-3.35839
-3.3588
-3.35737
-3.35571
-3.35534
-3.35423
-3.35295
-3.35316
-3.35394
-3.35496
-3.35644
-3.35893
-3.35946
-3.35961
-3.35943
-3.35887
-3.35862
-3.35856
-3.36019
-3.36004
-3.35986
-3.3608
-3.36048
-3.35963
-3.35904
-3.35946
-3.35948
-3.35977
-3.35863
-3.35869
-3.35853
-3.35867
-3.35693
-3.35467
-3.35405
-3.35615
-3.35898
-3.36342
-3.36448
-3.3642
-3.36365
-3.36224
-3.36122
-3.3612
-3.36057
-3.36003
-3.36095
-3.36097
-3.35973
-3.35828
-3.35626
-3.35557
-3.35498
-3.35456
-3.35521
-3.35677
-3.35815
-3.3607
-3.36168
-3.36103
-3.36032
-3.35914
-3.35712
-3.35681
-3.35578
-3.35455
-3.35439
-3.35434
-3.35418
-3.35337
-3.35461
-3.35562
-3.35699
-3.35659
-3.35736
-3.35765
-3.35841
-3.35834
-3.35835
-3.35869
-3.35873
-3.35939
-3.35872
-3.35768
-3.35634
-3.35582
-3.35605
-3.35542
-3.35501
-3.35527
-3.35493
-3.35541
-3.3563
-3.35646
-3.35672
-3.35632
-3.35662
-3.35676
-3.35697
-3.35576
-3.3556
-3.35529
-3.35532
-3.35484
-3.35523
-3.35496
-3.35471
-3.35397
-3.3538
-3.35466
-3.35399
-3.35398
-3.35454
-3.35513
-3.3556
-3.35542
-3.35632
-3.35581
-3.35586
-3.35617
-3.35705
-3.35741
-3.35718
-3.35726
-3.35741
-3.35632
-3.35621
-3.35549
-3.3554
-3.35682
-3.35741
-3.35779
-3.35819
-3.35845
-3.35894
-3.3592
-3.36001
-3.3604
-3.36066
-3.36108
-3.36001
-3.35889
-3.35863
-3.35705
-3.35621
-3.35625
-3.35592
-3.35434
-3.35399
-3.35472
-3.35379
-3.35369
-3.35371
-3.35441
-3.35574
-3.357
-3.35833
-3.35861
-3.35835
-3.35877
-3.35675
-3.35617
-3.35581
-3.35564
-3.3558
-3.35576
-3.35643
-3.35769
-3.35799
-3.35882
-3.35921
-3.35748
-3.35692
-3.35637
-3.35625
-3.35598
-3.35741
-3.35923
-3.36028
-3.35986
-3.35998
-3.3593
-3.35936
-3.3582
-3.35933
-3.35888
-3.35836
-3.35766
-3.35759
-3.35711
-3.35573
-3.35594
-3.35466
-3.35413
-3.35377
-3.35338
-3.35213
-3.3515
-3.35231
-3.35284
-3.35303
-3.35425
-3.3544
-3.35447
-3.35609
-3.35754
-3.35809
-3.35883
-3.3588
-3.35856
-3.35828
-3.35796
-3.35693
-3.35584
-3.3544
-3.35322
-3.35244
-3.35342
-3.35388
-3.35386
-3.35388
-3.35385
-3.35333
-3.35134
-3.35054
-3.35047
-3.34851
-3.34924
-3.34837
-3.34882
-3.34916
-3.34982
-3.3511
-3.35272
-3.35351
-3.35539
-3.35618
-3.3572
-3.35598
-3.356
-3.35458
-3.35459
-3.35402
-3.35381
-3.35317
-3.35327
-3.35299
-3.35323
-3.35367
-3.3537
-3.35434
-3.35434
-3.35519
-3.35462
-3.35388
-3.35419
-3.35466
-3.35668
-3.35848
-3.35999
-3.35965
-3.35911
-3.35851
-3.35892
-3.35885
-3.35843
-3.35739
-3.35796
-3.3591
-3.35855
-3.35863
-3.35809
-3.35835
-3.35989
-3.35903
-3.35868
-3.35848
-3.35762
-3.35871
-3.36051
-3.36154
-3.36236
-3.36166
-3.36009
-3.35978
-3.35898
-3.35953
-3.36003
-3.35975
-3.35998
-3.3595
-3.35963
-3.35861
-3.36025
-3.3612
-3.3614
-3.36072
-3.36133
-3.36064
-3.35941
-3.35935
-3.36048
-3.36089
-3.36052
-3.36045
-3.36089
-3.36103
-3.36174
-3.36181
-3.36177
-3.36071
-3.35982
-3.3594
-3.35985
-3.36064
-3.36178
-3.36184
-3.36284
-3.36292
-3.3634
-3.36325
-3.36255
-3.36148
-3.36058
-3.35966
-3.35831
-3.35786
-3.35688
-3.35719
-3.35724
-3.35745
-3.3577
-3.35802
-3.35834
-3.35925
-3.36121
-3.36204
-3.36222
-3.36188
-3.36096
-3.35989
-3.3596
-3.35888
-3.3562
-3.35605
-3.35505
-3.35331
-3.35317
-3.3535
-3.35453
-3.35538
-3.35763
-3.35801
-3.36001
-3.36004
-3.35939
-3.35946
-3.35955
-3.36083
-3.36148
-3.36048
-3.3591
-3.35724
-3.35692
-3.35649
-3.35481
-3.35431
-3.35388
-3.35339
-3.35274
-3.35276
-3.35229
-3.35245
-3.35183
-3.35274
-3.35318
-3.35348
-3.35407
-3.35352
-3.35261
-3.35341
-3.35225
-3.35355
-3.35291
-3.35301
-3.35311
-3.35254
-3.35307
-3.35412
-3.35471
-3.35418
-3.3539
-3.35342
-3.35372
-3.35327
-3.35237
-3.35246
-3.35292
-3.35318
-3.35364
-3.35419
-3.35406
-3.35395
-3.35408
-3.35368
-3.35368
-3.35404
-3.3537
-3.35449
-3.35545
-3.35744
-3.35915
-3.35984
-3.36057
-3.35967
-3.35972
-3.35849
-3.35752
-3.35736
-3.35686
-3.35664
-3.35652
-3.35689
-3.35736
-3.35728
-3.3566
-3.35611
-3.35517
-3.35425
-3.35366
-3.35388
-3.35403
-3.35423
-3.35504
-3.3558
-3.35584
-3.35708
-3.35739
-3.35869
-3.3592
-3.35863
-3.3591
-3.35884
-3.35776
-3.35582
-3.3546
-3.35436
-3.35327
-3.35392
-3.35492
-3.35552
-3.35639
-3.35641
-3.35616
-3.35579
-3.35438
-3.35366
-3.35345
-3.35455
-3.35412
-3.35588
-3.35593
-3.35763
-3.35738
-3.35729
-3.35779
-3.35779
-3.35711
-3.35629
-3.35638
-3.35683
-3.35663
-3.35708
-3.35669
-3.35696
-3.35757
-3.35728
-3.3577
-3.35745
-3.35651
-3.35518
-3.35514
-3.35426
-3.35436
-3.35413
-3.35505
-3.35626
-3.35793
-3.35836
-3.35994
-3.36043
-3.3611
-3.36044
-3.35901
-3.35858
-3.358
-3.35766
-3.35732
-3.35735
-3.36017
-3.36139
-3.36158
-3.36084
-3.36102
-3.3612
-3.36107
-3.3592
-3.3585
-3.3578
-3.35826
-3.35677
-3.35659
-3.35679
-3.3576
-3.35694
-3.3562
-3.35686
-3.35697
-3.35698
-3.3567
-3.35652
-3.35568
-3.356
-3.35506
-3.35402
-3.35461
-3.35384
-3.35356
-3.35359
-3.35405
-3.3547
-3.35547
-3.35569
-3.35512
-3.35421
-3.35387
-3.35449
-3.3542
-3.35401
-3.35369
-3.3536
-3.3522
-3.35302
-3.35426
-3.35471
-3.35456
-3.35454
-3.3535
-3.3536
-3.35262
-3.3526
-3.35385
-3.35357
-3.35599
-3.3576
-3.35862
-3.35997
-3.35946
-3.35978
-3.35913
-3.35895
-3.35785
-3.35728
-3.3576
-3.35762
-3.35834
-3.35817
-3.35807
-3.35812
-3.35836
-3.35811
-3.35816
-3.35935
-3.35921
-3.35912
-3.35815
-3.35805
-3.35859
-3.35805
-3.35822
-3.35752
-3.35791
-3.35805
-3.35849
-3.35972
-3.35906
-3.35904
-3.35903
-3.35984
-3.35962
-3.35903
-3.35862
-3.35775
-3.35788
-3.35681
-3.35697
-3.35694
-3.35679
-3.3575
-3.35768
-3.35791
-3.3561
-3.35555
-3.35568
-3.3562
-3.35583
-3.35545
-3.35602
-3.3571
-3.35648
-3.35692
-3.35802
-3.3573
-3.35751
-3.35827
-3.35767
-3.35843
-3.35999
-3.36142
-3.36136
-3.3615
-3.36059
-3.36008
-3.35817
-3.35774
-3.35749
-3.35653
-3.35722
-3.35768
-3.35768
-3.35804
-3.35835
-3.35873
-3.35831
-3.35847
-3.35856
-3.35774
-3.35757
-3.35648
-3.35563
-3.35544
-3.35574
-3.3552
-3.35505
-3.35387
-3.35375
-3.35358
-3.35398
-3.35474
-3.35519
-3.35597
-3.35653
-3.35908
-3.35983
-3.35966
-3.36057
-3.36089
-3.36059
-3.36002
-3.35958
-3.3593
-3.35914
-3.36004
-3.35805
-3.35753
-3.35788
-3.35784
-3.35876
-3.35909
-3.35904
-3.3587
-3.35845
-3.35844
-3.35831
-3.35789
-3.35815
-3.35762
-3.35772
-3.35727
-3.3585
-3.35904
-3.35992
-3.35978
-3.35889
-3.35831
-3.35862
-3.35881
-3.35735
-3.3574
-3.35786
-3.35741
-3.35655
-3.35625
-3.35443
-3.35503
-3.35503
-3.35547
-3.35662
-3.35834
-3.3578
-3.35872
-3.35812
-3.35726
-3.35671
-3.35685
-3.35654
-3.35637
-3.35675
-3.35701
-3.35756
-3.35668
-3.3578
-3.35709
-3.35755
-3.35712
-3.35667
-3.35482
-3.35503
-3.3558
-3.35613
-3.35542
-3.35596
-3.35586
-3.35508
-3.35545
-3.35467
-3.35341
-3.35357
-3.3534
-3.35454
-3.35427
-3.35518
-3.35519
-3.35374
-3.35337
-3.35331
-3.35233
-3.35196
-3.35208
-3.35227
-3.35217
-3.35252
-3.35416
-3.35628
-3.357
-3.358
-3.35803
-3.35711
-3.35612
-3.35532
-3.35503
-3.35546
-3.35549
-3.35562
-3.35589
-3.35527
-3.3562
-3.35618
-3.35417
-3.35319
-3.35221
-3.35125
-3.35263
-3.35249
-3.35364
-3.35595
-3.35723
-3.35826
-3.35778
-3.35748
-3.35845
-3.35799
-3.35807
-3.35796
-3.35711
-3.35715
-3.35657
-3.35594
-3.35572
-3.35577
-3.35609
-3.35615
-3.35751
-3.35659
-3.35535
-3.35517
-3.35547
-3.35573
-3.35571
-3.35557
-3.35663
-3.35849
-3.35923
-3.35953
-3.35964
-3.35925
-3.35946
-3.35915
-3.35829
-3.35815
-3.35752
-3.35783
-3.35809
-3.35824
-3.35856
-3.35793
-3.35782
-3.35807
-3.35775
-3.3587
-3.3596
-3.35948
-3.36021
-3.35997
-3.36012
-3.35965
-3.35885
-3.35738
-3.3561
-3.35551
-3.35582
-3.35643
-3.35626
-3.35632
-3.35688
-3.35638
-3.35629
-3.35591
-3.35473
-3.35365
-3.3526
-3.35331
-3.35318
-3.35342
-3.35409
-3.35536
-3.35584
-3.35617
-3.35591
-3.35586
-3.35624
-3.35587
-3.35542
-3.35509
-3.35557
-3.35455
-3.35552
-3.3557
-3.35416
-3.35391
-3.35363
-3.35318
-3.35253
-3.35292
-3.35358
-3.35395
-3.35351
-3.35393
-3.35428
-3.35424
-3.35462
-3.35539
-3.35655
-3.35805
-3.35804
-3.358
-3.35781
-3.35559
-3.35538
-3.35455
-3.35426
-3.35377
-3.35337
-3.35348
-3.35287
-3.35227
-3.35154
-3.35161
-3.35158
-3.35072
-3.35073
-3.35143
-3.35275
-3.35372
-3.35542
-3.35731
-3.35815
-3.35902
-3.35741
-3.35643
-3.35515
-3.35279
-3.35291
-3.35153
-3.35287
-3.3528
-3.35262
-3.35325
-3.35403
-3.35474
-3.35667
-3.3585
-3.35954
-3.35947
-3.35937
-3.35882
-3.3587
-3.35763
-3.35741
-3.35561
-3.35391
-3.35397
-3.35365
-3.35327
-3.35344
-3.35442
-3.35611
-3.35828
-3.35913
-3.35949
-3.35904
-3.35766
-3.35708
-3.35699
-3.35668
-3.35626
-3.35559
-3.35559
-3.35614
-3.35694
-3.35762
-3.35767
-3.35752
-3.35854
-3.35924
-3.35896
-3.35887
-3.35936
-3.35971
-3.36003
-3.359
-3.35763
-3.35664
-3.35645
-3.35526
-3.35403
-3.35333
-3.35244
-3.35276
-3.35476
-3.35555
-3.35651
-3.35629
-3.35686
-3.35721
-3.35631
-3.35665
-3.35529
-3.35458
-3.35429
-3.35444
-3.35497
-3.35563
-3.35465
-3.35498
-3.35465
-3.35418
-3.3518
-3.35029
-3.34972
-3.34907
-3.34975
-3.34941
-3.35048
-3.3503
-3.35223
-3.35289
-3.35386
-3.35477
-3.35571
-3.35545
-3.35621
-3.3552
-3.35451
-3.35387
-3.35269
-3.35238
-3.35114
-3.35184
-3.35322
-3.35401
-3.35557
-3.35594
-3.35606
-3.3576
-3.35675
-3.35729
-3.35648
-3.3561
-3.35678
-3.35738
-3.35718
-3.35699
-3.3563
-3.3549
-3.35462
-3.35379
-3.35448
-3.35405
-3.35451
-3.35544
-3.35558
-3.35528
-3.35634
-3.35726
-3.35752
-3.3581
-3.35781
-3.35714
-3.3558
-3.35587
-3.35454
-3.354
-3.35298
-3.35163
-3.35124
-3.35087
-3.35108
-3.35256
-3.35281
-3.35346
-3.35382
-3.3542
-3.35426
-3.35471
-3.35554
-3.35654
-3.35786
-3.35722
-3.35618
-3.35584
-3.35561
-3.35603
-3.35515
-3.35444
-3.35453
-3.35451
-3.3535
-3.35232
-3.35179
-3.35086
-3.35096
-3.34988
-3.35252
-3.35337
-3.35462
-3.35554
-3.35676
-3.35811
-3.35939
-3.35985
-3.361
-3.36204
-3.36176
-3.3622
-3.36247
-3.36132
-3.35902
-3.35854
-3.35834
-3.3566
-3.35584
-3.35657
-3.35888
-3.35974
-3.35966
-3.36105
-3.36137
-3.36005
-3.35991
-3.35885
-3.35942
-3.35923
-3.35854
-3.35844
-3.35913
-3.35888
-3.35864
-3.35854
-3.35799
-3.35908
-3.36047
-3.36133
-3.36118
-3.36171
-3.362
-3.36118
-3.36092
-3.36057
-3.36046
-3.36052
-3.35953
-3.35921
-3.35829
-3.35706
-3.35633
-3.35659
-3.35737
-3.35708
-3.35834
-3.36027
-3.36088
-3.36029
-3.36077
-3.36093
-3.3614
-3.3609
-3.36073
-3.36084
-3.3612
-3.36025
-3.35959
-3.35758
-3.35759
-3.35615
-3.3567
-3.35698
-3.35791
-3.35842
-3.35897
-3.35948
-3.35936
-3.35937
-3.35859
-3.35778
-3.35728
-3.35726
-3.35608
-3.3557
-3.35644
-3.35702
-3.35743
-3.35828
-3.35825
-3.35883
-3.3593
-3.35892
-3.35907
-3.35866
-3.35934
-3.35898
-3.35834
-3.35778
-3.35691
-3.35599
-3.35583
-3.35583
-3.3556
-3.35609
-3.35587
-3.35515
-3.35471
-3.35527
-3.35623
-3.35744
-3.35871
-3.35918
-3.35976
-3.36048
-3.35954
-3.35864
-3.35883
-3.35805
-3.35767
-3.3579
-3.35802
-3.35779
-3.35788
-3.35744
-3.35709
-3.35696
-3.35846
-3.35876
-3.35982
-3.35991
-3.35932
-3.35842
-3.35914
-3.35885
-3.3588
-3.35762
-3.35752
-3.35704
-3.35533
-3.35463
-3.35455
-3.35402
-3.35291
-3.35378
-3.35451
-3.35436
-3.35423
-3.35552
-3.35597
-3.35653
-3.35748
-3.35808
-3.35745
-3.35741
-3.35659
-3.35536
-3.3545
-3.35469
-3.35468
-3.35548
-3.35554
-3.35604
-3.35529
-3.35601
-3.35611
-3.35717
-3.35756
-3.35753
-3.35709
-3.35738
-3.35925
-3.35952
-3.35998
-3.36125
-3.36133
-3.36143
-3.3603
-3.36045
-3.35942
-3.35929
-3.3586
-3.35949
-3.35999
-3.35978
-3.35975
-3.36002
-3.36089
-3.3604
-3.3599
-3.36011
-3.36037
-3.36043
-3.3617
-3.36127
-3.36045
-3.35833
-3.35665
-3.3561
-3.3569
-3.35645
-3.35558
-3.35614
-3.35746
-3.35924
-3.36034
-3.36054
-3.36093
-3.36033
-3.36041
-3.36031
-3.36029
-3.36044
-3.35964
-3.3606
-3.35965
-3.35984
-3.35867
-3.35841
-3.35826
-3.35734
-3.35644
-3.35671
-3.35861
-3.36117
-3.36175
-3.36126
-3.3596
-3.3578
-3.35633
-3.35603
-3.3559
-3.35709
-3.35766
-3.35738
-3.3562
-3.35607
-3.35668
-3.35832
-3.35914
-3.36033
-3.35879
-3.35949
-3.35897
-3.3579
-3.35761
-3.35758
-3.35843
-3.3586
-3.35831
-3.3572
-3.35643
-3.35484
-3.35471
-3.35446
-3.35442
-3.35327
-3.35315
-3.3529
-3.35314
-3.35358
-3.35405
-3.35498
-3.35598
-3.35616
-3.35775
-3.35821
-3.35773
-3.35677
-3.35643
-3.35536
-3.35529
-3.35622
-3.35639
-3.35685
-3.35689
-3.35592
-3.35534
-3.35511
-3.35525
-3.3549
-3.35475
-3.35505
