1.2
1.20001
1.20002
1.20003
1.20005
1.20007
1.2001
1.20013
1.20017
1.20021
1.20025
1.2003
1.20035
1.20041
1.20047
1.20054
1.20061
1.20068
1.20076
1.20085
1.20094
1.20103
1.20113
1.20123
1.20134
1.20146
1.20158
1.20171
1.20184
1.20198
1.20212
1.20227
1.20243
1.20259
1.20276
1.20293
1.20311
1.2033
1.2035
1.2037
1.20391
1.20413
1.20435
1.20458
1.20483
1.20508
1.20534
1.20561
1.20589
1.20617
1.20647
1.20678
1.20711
1.20744
1.20778
1.20814
1.20851
1.2089
1.2093
1.20971
1.21014
1.21059
1.21105
1.21153
1.21203
1.21255
1.2131
1.21366
1.21424
1.21485
1.21549
1.21615
1.21684
1.21756
1.21832
1.2191
1.21992
1.22078
1.22168
1.22262
1.2236
1.22463
1.22571
1.22684
1.22802
1.22926
1.23057
1.23194
1.23337
1.23487
1.23645
1.2381
1.23982
1.24163
1.24351
1.24546
1.24748
1.24956
1.2517
1.25386
1.25604
1.25819
1.26026
1.26221
1.26395
1.26538
1.2664
1.26687
1.26666
1.26568
1.26387
1.26129
1.25815
1.25485
1.25196
1.25007
1.24968
1.25102
1.25401
1.25828
1.26329
1.26842
1.2731
1.2769
1.2796
1.28125
1.2822
1.28305
1.28449
1.28708
1.29107
1.29624
1.30205
1.30779
1.31284
1.31677
1.31935
1.32058
1.32062
1.31974
1.31825
1.31648
1.31469
1.31304
1.31158
1.31029
1.30909
1.30793
1.30672
1.30541
1.30392
1.30233
1.30084
1.29985
1.2998
1.30108
1.30383
1.30795
1.31312
1.3189
1.32485
1.33052
1.33555
1.33968
1.34274
1.34466
1.34552
1.34546
1.34472
1.34358
1.34235
1.34133
1.34078
1.34088
1.34168
1.34315
1.34515
1.34749
1.34996
1.35236
1.35452
1.35634
1.35778
1.35885
1.35964
1.36022
1.36071
1.36115
1.36158
1.36201
1.36241
1.36278
1.36313
1.36347
1.36385
1.3643
1.36483
1.36543
1.36608
1.36674
1.20061
1.20124
1.20188
1.20253
1.20323
1.20401
1.20491
1.20595
1.20713
1.20845
1.20989
1.21139
1.21293
1.21444
1.21586
1.21716
1.21826
1.21913
1.21973
1.22002
1.21997
1.21958
1.21888
1.21791
1.21675
1.21552
1.21435
1.21334
1.21255
1.21199
1.21157
1.21115
1.21057
1.20967
1.20831
1.20648
1.20426
1.20186
1.19964
1.19804
1.19755
1.19848
1.20096
1.20479
1.20953
1.2146
1.2194
1.2234
1.22618
1.22741
1.2269
1.22461
1.22076
1.21597
1.21126
1.2079
1.20692
1.20871
1.21282
1.21828
1.22396
1.22893
1.23256
1.23445
1.23438
1.23225
1.22809
1.22204
1.21447
1.20599
1.19751
1.19013
1.18499
1.18294
1.18427
1.18865
1.19522
1.20286
1.21053
1.21747
1.22322
1.22766
1.23087
1.23306
1.23446
1.23533
1.23586
1.2362
1.23644
1.23663
1.23679
1.23693
1.23705
1.23715
1.23725
1.23737
1.23751
1.23771
1.23798
1.23832
1.23875
1.23925
1.23981
1.24039
1.24095
1.24142
1.24174
1.2418
1.24149
1.24069
1.23926
1.23707
1.23401
1.23003
1.22524
1.21991
1.21455
1.20986
1.2065
1.2049
1.20509
1.2067
1.20915
1.21189
1.21451
1.21677
1.21858
1.21994
1.22088
1.22145
1.22172
1.22174
1.22156
1.22123
1.22077
1.22023
1.21964
1.21906
1.21855
1.21825
1.21825
1.21865
1.21949
1.22074
1.22227
1.22393
1.22553
1.22691
1.22795
1.22856
1.22874
1.22851
1.22791
1.22705
1.22601
1.2249
1.2238
1.2228
1.22193
1.22124
1.2207
1.22033
1.22009
1.21998
1.21998
1.2201
1.22035
1.22073
1.22127
1.22196
1.22277
1.22369
1.22465
1.22559
1.22641
1.227
1.22726
1.22706
1.22627
1.22478
1.22247
1.21929
1.21528
1.21058
1.20554
1.20065
1.19646
1.19346
1.19196
1.19204
1.19364
1.19657
1.20063
1.20551
1.21086
1.21629
1.22142
1.22593
1.22961
1.23231
1.20155
1.20217
1.20174
1.2003
1.19793
1.19474
1.19098
1.18695
1.18306
1.17971
1.1772
1.17567
1.17503
1.17501
1.17527
1.17553
1.17561
1.17549
1.17525
1.17501
1.17491
1.17499
1.17527
1.17569
1.1762
1.17674
1.1773
1.17788
1.17851
1.17919
1.17992
1.18069
1.18144
1.18215
1.18277
1.18328
1.18367
1.18393
1.18408
1.18414
1.18412
1.18404
1.18392
1.18378
1.18363
1.18349
1.18335
1.18324
1.18315
1.18309
1.18305
1.18303
1.18303
1.18305
1.18308
1.18311
1.18313
1.18314
1.18311
1.18305
1.18294
1.18276
1.18249
1.18212
1.18163
1.18101
1.18026
1.17937
1.17837
1.17727
1.17614
1.17503
1.17401
1.17312
1.1724
1.17186
1.17147
1.17121
1.17102
1.17089
1.17084
1.17088
1.1711
1.17154
1.17224
1.17323
1.17444
1.1758
1.17715
1.17835
1.17923
1.17968
1.17959
1.17896
1.17783
1.17632
1.17465
1.17306
1.17178
1.17102
1.17088
1.17134
1.17229
1.17354
1.1749
1.17617
1.1772
1.1779
1.17819
1.17809
1.17767
1.17704
1.17637
1.17579
1.17541
1.17524
1.17526
1.17544
1.17584
1.17662
1.17798
1.18005
1.18281
1.18604
1.18938
1.19248
1.19502
1.19684
1.1979
1.19825
1.19802
1.1974
1.19662
1.19589
1.19546
1.19547
1.19602
1.19708
1.19853
1.20015
1.2017
1.20293
1.20368
1.20383
1.2034
1.20247
1.20123
1.19991
1.19876
1.19799
1.19772
1.19797
1.19863
1.19952
1.20038
1.20097
1.20105
1.20047
1.19912
1.19703
1.1943
1.19113
1.18784
1.18478
1.18231
1.18075
1.18029
1.18099
1.18277
1.18544
1.18877
1.19249
1.19634
1.20008
1.20351
1.20648
1.2089
1.21076
1.21209
1.21296
1.21342
1.21348
1.21313
1.21229
1.21091
1.20889
1.20622
1.20293
1.1991
1.19496
1.19078
1.18692
1.18377
1.18166
1.18081
1.18126
1.18287
1.18536
1.18838
1.19155
1.20289
1.20551
1.20752
1.20882
1.20934
1.20907
1.20802
1.20628
1.20395
1.20123
1.19834
1.19557
1.19323
1.19158
1.19079
1.1909
1.19184
1.19341
1.19536
1.19743
1.1994
1.20109
1.20239
1.20322
1.20357
1.20344
1.20287
1.20193
1.20072
1.19939
1.1981
1.19704
1.19639
1.19626
1.1967
1.19767
1.19904
1.20065
1.20231
1.20389
1.20525
1.20631
1.20702
1.20734
1.20727
1.2068
1.20592
1.20466
1.20303
1.20107
1.19884
1.19641
1.19392
1.19157
1.18968
1.18859
1.1886
1.18986
1.19223
1.19533
1.19865
1.20169
1.2041
1.2057
1.20648
1.20655
1.20608
1.20527
1.20428
1.20322
1.20215
1.20107
1.19999
1.19892
1.19791
1.19702
1.19633
1.19589
1.19577
1.19599
1.19654
1.1973
1.19811
1.19876
1.19915
1.19944
1.20013
1.2019
1.20523
1.21014
1.21604
1.22207
1.22744
1.23165
1.23451
1.23607
1.23649
1.23598
1.23472
1.23288
1.23058
1.22791
1.22492
1.22165
1.21813
1.21438
1.2105
1.20663
1.20299
1.19984
1.19739
1.19583
1.19529
1.19584
1.19746
1.20002
1.2032
1.20662
1.20987
1.21268
1.21488
1.21644
1.21741
1.21787
1.21791
1.2176
1.21702
1.2162
1.2152
1.21407
1.21288
1.21171
1.21065
1.20983
1.20934
1.20925
1.20958
1.21028
1.21128
1.21247
1.21372
1.21493
1.21605
1.21704
1.21791
1.21869
1.21942
1.22015
1.22092
1.22175
1.22266
1.22364
1.22466
1.22568
1.22667
1.22757
1.22834
1.22894
1.22937
1.22961
1.22971
1.22972
1.22974
1.22986
1.23017
1.23073
1.23156
1.23263
1.23384
1.23511
1.23631
1.23733
1.23807
1.23845
1.23842
1.23789
1.23681
1.2351
1.23271
1.22963
1.22601
1.22215
1.21854
1.21571
1.21392
1.21305
1.21259
1.21188
1.21042
1.20801
1.20473
1.20081
1.19656
1.19226
1.1882
1.18477
1.1824
1.1815
1.18228
1.18461
