-0.0318404
-0.03185
-0.0318659
-0.0318881
-0.0319166
-0.0319515
-0.0319926
-0.03204
-0.0320938
-0.0321539
-0.0322204
-0.0322932
-0.0323749
-0.0324679
-0.0325677
-0.0326742
-0.0328018
-0.0329271
-0.033069
-0.033223
-0.0333749
-0.0335414
-0.0337059
-0.0338899
-0.0340914
-0.0342915
-0.0345044
-0.034721
-0.0349459
-0.03517
-0.0354122
-0.0356611
-0.0359072
-0.0361745
-0.036449
-0.0367333
-0.0370205
-0.0373158
-0.0376193
-0.0379384
-0.0382546
-0.0385869
-0.038936
-0.039314
-0.039681
-0.0400634
-0.0404642
-0.0408767
-0.0413061
-0.0417411
-0.0421918
-0.0426683
-0.0431522
-0.0436632
-0.0441996
-0.044748
-0.0453163
-0.0459007
-0.0465138
-0.0471495
-0.0478065
-0.0484811
-0.0491839
-0.0499161
-0.0506815
-0.0514696
-0.0522891
-0.0531367
-0.0540285
-0.0549426
-0.0559046
-0.0569095
-0.0579452
-0.0590449
-0.0601923
-0.0613828
-0.0626217
-0.0639143
-0.0652615
-0.0666737
-0.0681571
-0.069713
-0.0713478
-0.0730513
-0.0748469
-0.0767153
-0.0786822
-0.08075
-0.0829134
-0.0851816
-0.0875607
-0.0900493
-0.0926496
-0.095365
-0.0981992
-0.101139
-0.104182
-0.107317
-0.110533
-0.113791
-0.117051
-0.120263
-0.123368
-0.126272
-0.128837
-0.130939
-0.13239
-0.133
-0.13258
-0.130997
-0.12815
-0.124176
-0.119416
-0.114495
-0.110264
-0.107627
-0.107293
-0.109565
-0.114275
-0.120844
-0.128413
-0.136078
-0.142988
-0.148534
-0.152413
-0.154753
-0.156123
-0.157439
-0.159726
-0.163821
-0.170005
-0.177906
-0.186657
-0.195208
-0.202644
-0.208333
-0.211995
-0.213644
-0.213532
-0.212086
-0.209797
-0.207124
-0.204456
-0.202007
-0.199857
-0.197946
-0.196165
-0.194419
-0.192601
-0.190606
-0.18836
-0.185966
-0.183784
-0.1824
-0.182506
-0.184639
-0.188975
-0.195341
-0.203219
-0.21195
-0.220852
-0.229283
-0.236715
-0.242757
-0.247181
-0.249905
-0.25104
-0.250837
-0.249644
-0.247895
-0.246066
-0.244592
-0.243868
-0.244116
-0.245429
-0.24772
-0.250791
-0.254334
-0.258041
-0.26161
-0.264808
-0.267489
-0.269591
-0.271166
-0.27231
-0.273172
-0.273885
-0.274549
-0.275201
-0.275839
-0.276441
-0.276986
-0.277492
-0.278015
-0.278587
-0.279273
-0.280074
-0.280988
-0.28196
-0.282941
-0.283894
-0.284855
-0.285812
-0.286787
-0.287844
-0.289039
-0.290409
-0.291989
-0.293787
-0.295787
-0.29796
-0.300227
-0.302531
-0.304782
-0.306907
-0.308821
-0.310451
-0.311718
-0.312565
-0.312946
-0.312821
-0.312178
-0.31108
-0.309591
-0.307835
-0.306004
-0.304266
-0.302784
-0.301643
-0.300824
-0.300213
-0.299579
-0.29867
-0.297242
-0.295136
-0.292325
-0.288949
-0.285351
-0.282074
-0.279824
-0.279259
-0.280894
-0.284824
-0.290741
-0.297946
-0.305551
-0.312667
-0.31852
-0.322473
-0.324078
-0.323045
-0.319351
-0.31338
-0.306131
-0.29918
-0.294425
-0.293368
-0.296451
-0.302912
-0.311197
-0.319667
-0.326968
-0.332174
-0.334722
-0.334313
-0.330823
-0.324281
-0.314946
-0.303415
-0.290627
-0.277991
-0.267186
-0.259895
-0.257321
-0.259825
-0.266792
-0.276871
-0.288406
-0.299848
-0.310091
-0.318534
-0.32501
-0.329654
-0.33279
-0.334807
-0.336055
-0.336815
-0.337307
-0.337655
-0.337929
-0.338158
-0.338363
-0.338533
-0.338692
-0.338846
-0.339023
-0.339258
-0.339564
-0.339971
-0.340493
-0.341145
-0.341904
-0.342744
-0.343612
-0.344438
-0.345136
-0.345574
-0.345609
-0.345093
-0.343815
-0.341566
-0.338157
-0.333427
-0.327336
-0.320042
-0.312014
-0.304037
-0.297153
-0.292355
-0.290238
-0.29077
-0.293346
-0.297106
-0.301225
-0.305106
-0.308428
-0.311089
-0.313053
-0.314401
-0.315202
-0.315568
-0.315558
-0.315262
-0.314744
-0.314052
-0.313227
-0.312338
-0.311468
-0.310736
-0.31031
-0.310373
-0.311043
-0.312363
-0.314284
-0.316615
-0.319107
-0.321485
-0.323511
-0.324999
-0.325869
-0.326063
-0.325651
-0.324713
-0.323393
-0.321812
-0.320139
-0.318503
-0.317013
-0.315735
-0.314715
-0.313945
-0.313404
-0.313065
-0.312921
-0.312944
-0.313152
-0.313541
-0.314134
-0.31496
-0.316009
-0.317249
-0.318639
-0.320078
-0.321466
-0.322667
-0.323513
-0.323837
-0.323456
-0.322171
-0.319815
-0.316235
-0.31135
-0.305206
-0.298093
-0.290526
-0.28326
-0.277128
-0.272842
-0.270819
-0.27118
-0.27379
-0.278381
-0.28461
-0.29203
-0.300096
-0.308204
-0.315827
-0.322489
-0.327868
-0.331781
-0.334111
-0.334872
-0.334079
-0.331772
-0.32807
-0.323186
-0.317476
-0.311436
-0.30565
-0.300724
-0.297109
-0.294967
-0.294107
-0.294133
-0.29454
-0.294906
-0.295007
-0.294797
-0.29442
-0.294078
-0.293938
-0.294096
-0.294537
-0.295189
-0.295968
-0.296789
-0.297632
-0.298513
-0.299458
-0.300495
-0.301603
-0.302756
-0.303883
-0.304928
-0.305849
-0.306596
-0.307156
-0.307533
-0.30774
-0.307813
-0.307766
-0.307647
-0.307471
-0.307246
-0.307023
-0.306805
-0.306611
-0.306446
-0.306323
-0.306232
-0.306179
-0.306167
-0.306178
-0.306203
-0.306245
-0.306288
-0.30631
-0.306315
-0.306277
-0.306174
-0.305988
-0.305694
-0.305278
-0.304703
-0.303963
-0.303015
-0.30187
-0.300518
-0.298994
-0.297344
-0.295648
-0.293989
-0.292463
-0.291154
-0.290105
-0.289326
-0.288767
-0.288375
-0.28811
-0.287933
-0.287862
-0.287962
-0.288312
-0.289004
-0.290107
-0.291625
-0.293482
-0.29552
-0.297527
-0.299294
-0.300562
-0.301159
-0.300949
-0.29993
-0.298164
-0.295862
-0.293353
-0.290991
-0.289154
-0.288094
-0.287972
-0.288747
-0.290232
-0.292143
-0.29418
-0.29606
-0.297569
-0.298552
-0.298939
-0.298731
-0.298046
-0.297079
-0.296078
-0.295237
-0.294696
-0.294481
-0.29453
-0.294825
-0.295462
-0.296709
-0.298854
-0.302077
-0.306305
-0.311196
-0.316197
-0.320772
-0.324481
-0.327102
-0.328575
-0.32899
-0.328588
-0.327615
-0.326428
-0.325365
-0.324767
-0.324866
-0.325772
-0.327443
-0.329649
-0.33208
-0.334364
-0.336152
-0.337175
-0.337314
-0.336585
-0.33514
-0.333249
-0.331277
-0.329597
-0.328511
-0.328182
-0.32863
-0.329675
-0.331013
-0.332288
-0.333111
-0.333147
-0.332157
-0.330021
-0.326775
-0.322588
-0.317802
-0.312876
-0.308346
-0.304763
-0.302574
-0.302052
-0.303281
-0.3061
-0.310226
-0.3153
-0.320916
-0.326694
-0.332262
-0.337348
-0.341717
-0.345266
-0.347971
-0.349897
-0.351138
-0.351768
-0.351812
-0.351205
-0.349871
-0.347696
-0.344584
-0.340481
-0.335449
-0.329657
-0.323411
-0.317169
-0.311463
-0.306865
-0.303872
-0.302783
-0.303648
-0.306214
-0.310056
-0.31462
-0.319379
-0.323912
-0.327759
-0.330676
-0.332518
-0.333177
-0.332649
-0.330979
-0.32826
-0.324698
-0.320568
-0.316237
-0.312132
-0.30871
-0.306364
-0.305313
-0.305611
-0.307123
-0.309556
-0.312515
-0.315622
-0.318538
-0.321015
-0.32289
-0.324068
-0.324518
-0.324257
-0.323345
-0.321887
-0.320049
-0.318049
-0.316139
-0.314597
-0.313685
-0.313578
-0.314315
-0.315849
-0.317957
-0.320385
-0.322879
-0.325206
-0.327206
-0.328744
-0.329759
-0.330194
-0.330025
-0.329255
-0.327872
-0.325922
-0.323442
-0.320462
-0.317072
-0.313407
-0.309676
-0.306214
-0.303476
-0.301987
-0.302184
-0.304243
-0.307945
-0.312666
-0.317632
-0.322126
-0.325624
-0.327903
-0.328951
-0.32896
-0.328199
-0.326938
-0.325433
-0.323826
-0.322211
-0.320597
-0.31898
-0.317371
-0.315867
-0.31456
-0.313557
-0.312949
-0.312817
-0.313199
-0.314053
-0.315236
-0.316446
-0.31738
-0.317929
-0.318387
-0.319538
-0.322402
-0.327657
-0.335218
-0.344147
-0.353149
-0.361046
-0.367148
-0.371246
-0.373403
-0.373887
-0.373003
-0.371019
-0.368176
-0.364663
-0.360608
-0.356089
-0.351147
-0.345805
-0.340156
-0.334313
-0.328521
-0.323127
-0.318496
-0.314953
-0.312763
-0.312109
-0.313108
-0.315699
-0.319648
-0.324493
-0.329616
-0.334449
-0.338569
-0.341772
-0.344034
-0.345407
-0.346033
-0.346034
-0.345535
-0.344627
-0.343371
-0.341843
-0.340134
-0.338346
-0.3366
-0.335051
-0.333859
-0.333179
-0.333109
-0.33366
-0.334771
-0.336312
-0.338109
-0.33998
-0.341793
-0.343451
-0.34491
-0.346193
-0.347349
-0.348441
-0.349536
-0.350692
-0.351952
-0.353324
-0.354797
-0.35633
-0.357863
-0.359331
-0.360664
-0.361801
-0.36268
-0.363286
-0.363625
-0.363754
-0.36377
-0.363805
-0.364002
-0.364499
-0.36539
-0.36667
-0.368297
-0.370136
-0.372029
-0.373813
-0.375301
-0.376368
-0.376885
-0.37676
-0.375895
-0.374186
-0.37153
-0.367831
-0.363123
-0.357616
-0.351816
-0.346494
-0.342384
-0.339864
-0.338656
-0.337965
-0.336812
-0.334497
-0.330742
-0.325706
-0.31976
-0.313358
-0.306921
-0.300898
-0.295888
-0.292533
-0.291419
-0.292845
-0.296536
