1.8
1.80001
1.80003
1.80005
1.80008
1.80011
1.80015
1.8002
1.80025
1.80031
1.80038
1.80045
1.80053
1.80061
1.8007
1.8008
1.80091
1.80102
1.80114
1.80127
1.8014
1.80154
1.80169
1.80185
1.80202
1.80219
1.80237
1.80256
1.80276
1.80297
1.80318
1.80341
1.80364
1.80388
1.80413
1.8044
1.80467
1.80495
1.80524
1.80555
1.80586
1.80619
1.80653
1.80688
1.80724
1.80762
1.80801
1.80841
1.80883
1.80926
1.80971
1.81018
1.81066
1.81116
1.81168
1.81221
1.81277
1.81335
1.81395
1.81457
1.81521
1.81588
1.81658
1.8173
1.81805
1.81883
1.81964
1.82049
1.82137
1.82228
1.82324
1.82423
1.82526
1.82635
1.82747
1.82865
1.82988
1.83117
1.83252
1.83392
1.8354
1.83694
1.83856
1.84026
1.84203
1.8439
1.84585
1.8479
1.85005
1.85231
1.85467
1.85715
1.85974
1.86244
1.86526
1.86819
1.87122
1.87435
1.87755
1.8808
1.88406
1.88728
1.8904
1.89331
1.89592
1.89807
1.89959
1.9003
1.9
1.89852
1.8958
1.89193
1.88722
1.88228
1.87794
1.87511
1.87452
1.87653
1.88102
1.88743
1.89494
1.90263
1.90965
1.91535
1.9194
1.92188
1.92331
1.92458
1.92673
1.93063
1.93661
1.94436
1.95307
1.96169
1.96927
1.97515
1.97903
1.98088
1.98094
1.97961
1.97737
1.97472
1.97204
1.96957
1.96738
1.96543
1.96363
1.96189
1.96009
1.95811
1.95589
1.9535
1.95126
1.94977
1.9497
1.95162
1.95575
1.96192
1.96968
1.97835
1.98727
1.99578
2.00333
2.00952
2.01411
2.017
2.01828
2.0182
2.01708
2.01537
2.01352
2.012
2.01118
2.01132
2.01252
2.01472
2.01772
2.02124
2.02494
2.02854
2.03178
2.03451
2.03666
2.03828
2.03946
2.04034
2.04106
2.04172
2.04238
2.04302
2.04362
2.04418
2.04469
2.04521
2.04578
2.04645
2.04724
2.04815
2.04912
2.0501
1.80091
1.80186
1.80282
1.8038
1.80485
1.80602
1.80737
1.80892
1.8107
1.81268
1.81483
1.81709
1.81939
1.82165
1.8238
1.82573
1.82739
1.8287
1.8296
1.83002
1.82995
1.82937
1.82832
1.82686
1.82513
1.82329
1.82152
1.82
1.81882
1.81798
1.81735
1.81673
1.81586
1.8145
1.81247
1.80973
1.80639
1.80279
1.79946
1.79707
1.79632
1.79772
1.80144
1.80718
1.81429
1.82189
1.8291
1.8351
1.83927
1.84112
1.84035
1.83691
1.83114
1.82395
1.81689
1.81184
1.81038
1.81306
1.81924
1.82742
1.83594
1.8434
1.84884
1.85167
1.85157
1.84838
1.84214
1.83307
1.82171
1.80899
1.79626
1.78519
1.77749
1.7744
1.77641
1.78298
1.79283
1.80429
1.8158
1.8262
1.83483
1.8415
1.84631
1.84959
1.8517
1.853
1.8538
1.85431
1.85467
1.85495
1.85519
1.8554
1.85557
1.85573
1.85588
1.85605
1.85627
1.85657
1.85696
1.85748
1.85812
1.85887
1.85971
1.86058
1.86142
1.86213
1.8626
1.86269
1.86223
1.86104
1.85889
1.85561
1.85101
1.84505
1.83786
1.82986
1.82183
1.81479
1.80974
1.80735
1.80764
1.81005
1.81373
1.81784
1.82177
1.82516
1.82788
1.82991
1.83132
1.83218
1.83258
1.8326
1.83234
1.83184
1.83116
1.83035
1.82946
1.82858
1.82783
1.82737
1.82737
1.82798
1.82924
1.8311
1.8334
1.83589
1.8383
1.84037
1.84192
1.84284
1.84311
1.84276
1.84187
1.84057
1.83902
1.83735
1.8357
1.8342
1.8329
1.83185
1.83106
1.83049
1.83014
1.82997
1.82997
1.83015
1.83052
1.8311
1.83191
1.83293
1.83416
1.83554
1.83698
1.83838
1.83961
1.8405
1.84088
1.84058
1.83941
1.83717
1.83371
1.82894
1.82291
1.81587
1.80832
1.80098
1.7947
1.7902
1.78794
1.78806
1.79046
1.79486
1.80095
1.80827
1.8163
1.82444
1.83213
1.8389
1.84441
1.84847
1.80233
1.80325
1.80261
1.80046
1.79689
1.79211
1.78647
1.78043
1.77459
1.76956
1.7658
1.76351
1.76255
1.76251
1.76291
1.76329
1.76342
1.76324
1.76288
1.76252
1.76236
1.76248
1.7629
1.76353
1.76429
1.76511
1.76594
1.76682
1.76776
1.76878
1.76988
1.77103
1.77216
1.77322
1.77416
1.77492
1.7755
1.7759
1.77613
1.77621
1.77618
1.77606
1.77588
1.77567
1.77545
1.77523
1.77503
1.77486
1.77473
1.77463
1.77457
1.77454
1.77455
1.77458
1.77462
1.77466
1.7747
1.77471
1.77467
1.77458
1.77441
1.77413
1.77373
1.77318
1.77245
1.77152
1.77039
1.76906
1.76755
1.76591
1.76422
1.76255
1.76101
1.75968
1.7586
1.75779
1.75721
1.75681
1.75653
1.75634
1.75625
1.75633
1.75664
1.7573
1.75837
1.75984
1.76167
1.76369
1.76572
1.76752
1.76885
1.76951
1.76939
1.76844
1.76674
1.76449
1.76198
1.75958
1.75767
1.75653
1.75632
1.75701
1.75843
1.76031
1.76235
1.76425
1.76581
1.76684
1.76729
1.76714
1.7665
1.76556
1.76455
1.76369
1.76312
1.76286
1.76289
1.76315
1.76376
1.76493
1.76696
1.77007
1.77422
1.77906
1.78408
1.78871
1.79253
1.79526
1.79685
1.79737
1.79703
1.7961
1.79492
1.79384
1.79318
1.7932
1.79403
1.79562
1.7978
1.80023
1.80255
1.8044
1.80551
1.80575
1.80509
1.8037
1.80185
1.79987
1.79814
1.79698
1.79658
1.79695
1.79794
1.79928
1.80057
1.80145
1.80158
1.8007
1.79869
1.79554
1.79144
1.7867
1.78176
1.77717
1.77347
1.77112
1.77043
1.77148
1.77415
1.77816
1.78315
1.78873
1.79451
1.80012
1.80526
1.80971
1.81334
1.81613
1.81814
1.81944
1.82012
1.82022
1.81969
1.81844
1.81636
1.81334
1.80934
1.80439
1.79866
1.79244
1.78617
1.78038
1.77566
1.77249
1.77121
1.77188
1.7743
1.77804
1.78256
1.78732
1.80434
1.80827
1.81129
1.81323
1.81401
1.8136
1.81203
1.80942
1.80593
1.80184
1.79751
1.79336
1.78985
1.78737
1.78618
1.78635
1.78776
1.79011
1.79303
1.79614
1.7991
1.80164
1.80358
1.80483
1.80535
1.80516
1.8043
1.80289
1.80109
1.79909
1.79715
1.79556
1.79458
1.79439
1.79505
1.7965
1.79856
1.80097
1.80347
1.80583
1.80787
1.80946
1.81053
1.81102
1.81091
1.81019
1.80888
1.80699
1.80455
1.80161
1.79826
1.79462
1.79088
1.78736
1.78452
1.78288
1.7829
1.78479
1.78834
1.79299
1.79797
1.80254
1.80615
1.80856
1.80973
1.80983
1.80912
1.8079
1.80642
1.80483
1.80322
1.80161
1.79999
1.79838
1.79686
1.79553
1.79449
1.79384
1.79366
1.79399
1.79481
1.79596
1.79717
1.79814
1.79872
1.79916
1.8002
1.80284
1.80785
1.81521
1.82407
1.83311
1.84116
1.84747
1.85176
1.8541
1.85474
1.85397
1.85209
1.84932
1.84587
1.84186
1.83738
1.83248
1.82719
1.82157
1.81574
1.80994
1.80449
1.79976
1.79608
1.79374
1.79293
1.79375
1.7962
1.80003
1.80481
1.80993
1.81481
1.81902
1.82232
1.82466
1.82612
1.82681
1.82686
1.82641
1.82553
1.8243
1.8228
1.82111
1.81932
1.81756
1.81598
1.81475
1.81402
1.81388
1.81436
1.81542
1.81693
1.8187
1.82058
1.8224
1.82408
1.82556
1.82687
1.82803
1.82913
1.83022
1.83138
1.83263
1.83399
1.83546
1.83698
1.83852
1.84
1.84135
1.84251
1.84342
1.84405
1.84441
1.84456
1.84458
1.84461
1.84479
1.84525
1.84609
1.84734
1.84894
1.85077
1.85267
1.85446
1.85599
1.8571
1.85768
1.85762
1.85684
1.85522
1.85266
1.84907
1.84445
1.83901
1.83322
1.82782
1.82356
1.82088
1.81958
1.81888
1.81782
1.81563
1.81202
1.80709
1.80122
1.79484
1.78838
1.7823
1.77716
1.7736
1.77225
1.77342
1.77692
