1.76816
1.76816
1.76816
1.76816
1.76816
1.76816
1.76816
1.76816
1.76816
1.76816
1.76816
1.76816
1.76815
1.76814
1.76814
1.76813
1.76811
1.76809
1.76807
1.76805
1.76803
1.768
1.76799
1.76796
1.76793
1.7679
1.76787
1.76784
1.76781
1.7678
1.76777
1.76774
1.76773
1.76771
1.76768
1.76766
1.76765
1.76763
1.76762
1.76761
1.76761
1.7676
1.76759
1.76756
1.76756
1.76755
1.76754
1.76753
1.76752
1.76752
1.76752
1.76751
1.76751
1.7675
1.76748
1.76747
1.76745
1.76745
1.76743
1.76742
1.76741
1.7674
1.76739
1.76739
1.76737
1.76736
1.76735
1.76735
1.76734
1.76734
1.76733
1.76732
1.76732
1.7673
1.76728
1.76727
1.76726
1.76726
1.76725
1.76725
1.76724
1.76723
1.76721
1.7672
1.76719
1.76718
1.76717
1.76715
1.76714
1.76713
1.76711
1.7671
1.76709
1.76708
1.76706
1.76705
1.76704
1.76703
1.76701
1.76701
1.76701
1.76702
1.76703
1.76704
1.76708
1.76713
1.7672
1.7673
1.76742
1.76753
1.76765
1.76775
1.7678
1.76778
1.76768
1.76748
1.76723
1.76697
1.76674
1.76658
1.76652
1.76655
1.76666
1.76682
1.76699
1.76713
1.76718
1.76714
1.76701
1.76681
1.7666
1.76646
1.76641
1.76648
1.76662
1.76682
1.76703
1.76723
1.76741
1.76752
1.76758
1.7676
1.76758
1.76756
1.76752
1.76748
1.76747
1.76747
1.76748
1.7675
1.76753
1.76753
1.76748
1.76737
1.7672
1.76698
1.76677
1.76658
1.76646
1.7664
1.76642
1.76649
1.76662
1.76677
1.76692
1.76709
1.76724
1.76736
1.76744
1.76747
1.76745
1.7674
1.76731
1.7672
1.76709
1.767
1.76693
1.7669
1.7669
1.76693
1.76697
1.76702
1.76707
1.76711
1.76715
1.76717
1.76717
1.76717
1.76718
1.76718
1.76718
1.76719
1.7672
1.76719
1.76719
1.76718
1.76717
1.76716
1.76716
1.76716
1.51701
1.51701
1.517
1.51701
1.517
1.51698
1.51696
1.51694
1.51691
1.51689
1.51687
1.51686
1.51686
1.51687
1.51689
1.51691
1.51694
1.51698
1.51703
1.51708
1.51713
1.51719
1.51724
1.51727
1.51729
1.51728
1.51726
1.51722
1.51718
1.51716
1.51714
1.51715
1.51719
1.51726
1.51733
1.5174
1.51744
1.51744
1.51738
1.51724
1.51706
1.51683
1.51661
1.51644
1.51634
1.51634
1.51643
1.51658
1.51679
1.51704
1.51731
1.51756
1.51776
1.51782
1.51771
1.51742
1.51701
1.51661
1.51633
1.51622
1.51627
1.51643
1.51667
1.51695
1.51726
1.51756
1.51786
1.51812
1.51829
1.51836
1.51827
1.51801
1.51759
1.51708
1.51658
1.51619
1.51596
1.51588
1.51595
1.51611
1.5163
1.51649
1.51666
1.5168
1.51689
1.51694
1.51698
1.517
1.51701
1.51702
1.51703
1.51703
1.51704
1.51704
1.51703
1.51703
1.51701
1.517
1.51699
1.51699
1.51698
1.51697
1.51696
1.51697
1.51698
1.517
1.51703
1.51708
1.51714
1.51722
1.51733
1.51745
1.51758
1.51771
1.51781
1.51785
1.51779
1.51763
1.51739
1.51711
1.51687
1.5167
1.51662
1.51662
1.51666
1.51673
1.51679
1.51686
1.51692
1.51697
1.51701
1.51705
1.51707
1.51709
1.51711
1.51712
1.51713
1.51711
1.5171
1.51706
1.517
1.51693
1.51687
1.51682
1.51679
1.51678
1.51681
1.51685
1.51692
1.51697
1.51705
1.51711
1.51716
1.51718
1.5172
1.51721
1.5172
1.51718
1.51717
1.51714
1.51711
1.51709
1.51707
1.51705
1.51703
1.517
1.51698
1.51697
1.51695
1.51692
1.51691
1.5169
1.5169
1.51692
1.51694
1.51699
1.51705
1.51713
1.51723
1.51735
1.51747
1.51759
1.51771
1.51778
1.51779
1.51772
1.51757
1.51735
1.51712
1.51688
1.51667
1.51648
1.51633
1.51624
1.5162
1.51623
1.5163
1.51641
1.51654
1.51669
1.46821
1.46838
1.46853
1.46868
1.46882
1.46893
1.46899
1.46899
1.46894
1.46883
1.46869
1.46854
1.46844
1.46838
1.46837
1.46839
1.46841
1.46844
1.46846
1.46844
1.46842
1.46839
1.46836
1.46835
1.46833
1.46832
1.46831
1.46831
1.4683
1.46829
1.46828
1.46827
1.46828
1.4683
1.46831
1.46832
1.46835
1.46837
1.46839
1.4684
1.46841
1.46841
1.46841
1.46842
1.46843
1.46843
1.46842
1.46842
1.4684
1.4684
1.46839
1.46838
1.46837
1.46838
1.46837
1.46838
1.46839
1.46839
1.46839
1.46841
1.46842
1.46844
1.46845
1.46847
1.46848
1.46851
1.46852
1.46854
1.46855
1.46857
1.46857
1.46856
1.46855
1.46853
1.4685
1.46846
1.46844
1.46843
1.46842
1.46841
1.46839
1.46836
1.46833
1.4683
1.46826
1.46822
1.46818
1.46817
1.4682
1.46823
1.46829
1.46836
1.46844
1.46851
1.46858
1.46862
1.46862
1.46859
1.46852
1.46844
1.46835
1.46826
1.4682
1.46817
1.46817
1.46819
1.46824
1.46829
1.46835
1.46841
1.46846
1.46848
1.46847
1.46845
1.46842
1.46838
1.46836
1.46833
1.46829
1.46822
1.46811
1.468
1.46791
1.46786
1.46788
1.46794
1.46805
1.46816
1.46827
1.46838
1.46844
1.46849
1.46849
1.46848
1.46842
1.46834
1.46825
1.46818
1.46815
1.46815
1.46818
1.46825
1.46834
1.46843
1.46851
1.46857
1.4686
1.46859
1.46854
1.46847
1.46839
1.46832
1.46827
1.46826
1.46828
1.46834
1.46843
1.46854
1.46866
1.46877
1.46886
1.4689
1.46889
1.46882
1.4687
1.46855
1.46838
1.4682
1.46805
1.46794
1.46786
1.46782
1.46782
1.46786
1.46792
1.468
1.46808
1.46816
1.46824
1.4683
1.46836
1.46841
1.46848
1.46857
1.46866
1.46876
1.46886
1.46894
1.469
1.46903
1.469
1.46892
1.46879
1.46862
1.46843
1.46824
1.46809
1.46799
1.46794
1.46794
1.48042
1.48051
1.48061
1.48071
1.48083
1.48095
1.48106
1.48116
1.48123
1.48127
1.48127
1.48123
1.48114
1.48101
1.48087
1.48074
1.48063
1.48055
1.48052
1.48052
1.48056
1.48062
1.48069
1.48076
1.48083
1.4809
1.48096
1.48101
1.48104
1.48104
1.48101
1.48096
1.48089
1.48081
1.48074
1.48066
1.4806
1.48058
1.48059
1.48063
1.48067
1.48072
1.48077
1.48082
1.48088
1.48094
1.48101
1.48106
1.4811
1.48115
1.48119
1.48121
1.4812
1.48115
1.48105
1.48089
1.48072
1.48054
1.4804
1.48033
1.48034
1.48041
1.48053
1.48065
1.48077
1.48087
1.48092
1.48097
1.48098
1.481
1.48101
1.48101
1.48101
1.48101
1.481
1.48097
1.48093
1.48089
1.48084
1.48079
1.48075
1.48072
1.48072
1.48076
1.48079
1.48077
1.48066
1.48044
1.48019
1.47999
1.47992
1.47996
1.48012
1.48032
1.48051
1.4807
1.48085
1.48097
1.48107
1.48115
1.48121
1.48125
1.48129
1.48133
1.48138
1.48141
1.48143
1.48142
1.48136
1.48126
1.48113
1.48098
1.48082
1.48065
1.4805
1.48038
1.48031
1.48031
1.48036
1.48045
1.48055
1.48063
1.48071
1.48077
1.48083
1.48087
1.4809
1.48093
1.48096
1.48097
1.48097
1.48096
1.48093
1.48089
1.48084
1.48077
1.4807
1.48065
1.48061
1.48059
1.4806
1.48061
1.48063
1.48065
1.48068
1.48069
1.48069
1.48069
1.48068
1.48068
1.48067
1.48066
1.48065
1.48066
1.48067
1.48069
1.48071
1.48074
1.48076
1.48079
1.48081
1.48081
1.48081
1.48078
1.48075
1.4807
1.48067
1.48064
1.48063
1.48064
1.48065
1.48069
1.48073
1.4808
1.48086
1.48094
1.48103
1.48113
1.48124
1.48133
1.48139
1.4814
1.48132
1.48118
1.48102
1.48092
1.48092
1.48101
1.48114
1.48128
1.48139
1.48146
1.48148
1.48146
1.48141
1.48127
1.48107
1.48083
1.48058
1.48038
