0.486303   0.376979   -0.448272
-0.280441   0.410077   0.435065
0.413891   -0.366101   -0.357255
-0.407053   0.366648   -0.262928
-0.168225   0.229659   0.488754
-0.0617089   -0.235052   -0.469879
-0.426695   -0.425013   -0.499165
-0.189072   -0.399493   0.493827
0.241397   0.494187   -0.412863
-0.47595   -0.203928   -0.486973
0.153472   -0.256388   -0.480406
0.087454   -0.279981   -0.304434
-0.232918   -0.160411   0.452026
-0.415697   -0.0490591   0.378484
0.418155   0.00486304   -0.183534
-0.471004   -0.171298   -0.266609
-0.24014   -0.20049   -0.340829
0.0278558   0.16395   0.357362
-0.0906762   0.064032   -0.180236
0.0115977   0.21503   -0.17367
0.326774   -0.155724   -0.412965
0.378906   -0.0368718   0.408579
0.181003   -0.00645393   -0.389555
0.186673   -0.0841729   -0.130212
0.482214   -0.0325593   -0.384022
-0.362865   0.191394   -0.425693
-0.488117   0.151976   -0.286634
-0.247546   0.0172068   -0.468963
0.00227506   0.119197   -0.35439
0.0340987   -0.450445   -0.466336
-0.289719   0.47246   -0.38464
-0.101594   0.387626   -0.376245
0.250591   0.0997774   0.446047
0.152865   0.455531   0.415421
0.286978   0.283973   0.432316
0.320353   0.102456   -0.321564
-0.393174   -0.390259   -0.255422
-0.253257   -0.482523   -0.149934
-0.421542   -0.308018   0.0316976
-0.474715   0.488738   -0.0960483
-0.024619   0.431151   -0.189559
-0.0776338   -0.393158   -0.259737
-0.0689514   -0.434106   -0.0539127
-0.16823   0.375409   0.110231
-0.00382969   -0.0966887   -0.283228
0.38722   -0.196301   -0.128284
0.202635   0.45593   -0.176956
0.336734   -0.474565   -0.0319299
0.401391   0.160478   -0.013791
-0.17792   0.196271   -0.30394
-0.346423   -0.0176872   -0.229417
-0.20779   -0.0884845   -0.0590527
-0.288415   -0.280947   -0.128926
-0.046564   0.15809   0.0308303
-0.258583   0.130443   -0.106993
-0.034433   -0.244044   -0.0950635
0.216562   -0.296112   -0.108885
0.35531   -0.041368   0.0113872
-0.00607572   -0.0640392   -0.0289484
0.348899   -0.270241   0.0932693
0.373582   0.321661   -0.145587
-0.433786   0.244309   -0.111957
0.457457   0.349868   0.0549983
-0.402843   0.213697   0.112321
0.031178   0.353063   0.0168026
0.177246   0.261198   -0.310124
-0.234614   0.338154   -0.0747654
-0.221814   0.0623267   0.120732
0.211508   0.174652   -0.13475
0.408208   0.455174   -0.288896
0.251085   0.263707   0.0521527
0.399363   0.113797   0.238182
0.442396   -0.435212   0.136013
-0.204053   -0.309682   0.0769551
-0.321238   -0.277568   0.318585
0.35268   -0.36381   0.434016
-0.233923   -0.493348   0.232731
-0.0282829   -0.468184   0.190054
-0.114636   -0.325788   0.318262
-0.0879401   0.432258   0.378742
0.184347   0.430223   0.158849
0.138868   -0.40505   0.0550851
0.104386   -0.364132   0.351348
0.274763   -0.396624   0.257642
0.476429   -0.283964   0.279254
-0.340433   -0.160733   0.171312
0.425629   -0.0967583   0.225129
-0.152663   -0.150157   0.234419
0.0131344   -0.234417   0.137412
-0.00223236   -0.0139386   0.175117
0.0199706   -0.0253873   0.462621
0.040535   -0.180017   0.328654
0.169479   -0.117609   0.114433
-0.46055   -0.0912088   -0.0386462
0.177875   0.0233874   0.244975
0.245588   -0.173269   0.361004
-0.41096   0.0331177   0.172484
-0.326275   0.49942   0.0426283
-0.438895   0.44736   0.283196
-0.404284   0.191271   0.358731
-0.138189   0.0319956   0.33187
0.00062475   0.322592   0.221253
-0.219535   0.233097   0.258861
0.0729743   0.326191   -0.47997
0.199466   0.0608825   0.0467831
0.368672   0.406207   0.246789
0.229543   0.237912   0.258985
0.440127   0.127795   -0.491671
